traj_idx,frame,x,y,z
0,0,0.0,0.0,0.0
0,1,-0.8607292682540584,-0.2661140546259997,0.0
0,2,-0.023338401701866074,-1.2497243176018151,0.0
0,3,1.1875167980137744,-0.8202327692150649,0.0
0,4,-0.6471821635753774,0.7845264582868121,0.0
0,5,-0.4815216313691062,0.25108207853703113,0.0
0,6,-2.3701307738137345,1.8693344404247894,0.0
0,7,-3.5863268415881624,2.9867163513245933,0.0
0,8,-3.8272612436246005,2.211421486034974,0.0
0,9,-3.1942829843424594,2.1533102612499455,0.0
0,10,-3.242085085757317,1.6028138929541633,0.0
0,11,-5.100144526242597,1.1531448866787422,0.0
0,12,-6.009821318758246,-1.342219929944482,0.0
1,0,0.0,0.0,0.0
1,1,0.0911233046059764,-2.642802837296008,0.0
1,2,-0.36778352691707106,-2.408082734527364,0.0
2,0,0.0,0.0,0.0
2,1,1.4620078531527336,1.5438812511196227,0.0
2,2,0.5005581238724557,1.5908167025684663,0.0
3,0,0.0,0.0,0.0
3,1,-1.1122680554267674,0.558456562416028,0.0
3,2,-0.6497157052923995,2.3047303656368254,0.0
4,0,0.0,0.0,0.0
4,1,-2.6645904000482425,-1.027984576796988,0.0
4,2,-5.131467137370848,-3.376925122265855,0.0
5,0,0.0,0.0,0.0
5,1,2.0396591346922266,-2.0884539555470116,0.0
5,2,0.9608664422602999,-3.012315569128861,0.0
6,0,0.0,0.0,0.0
6,1,1.642703949509684,0.24090592100701244,0.0
6,2,2.4377279808065015,1.4108920496893433,0.0
6,3,3.4086267862609265,2.8555707449084475,0.0
7,0,0.0,0.0,0.0
7,1,-0.27831799924082057,1.2315377821400897,0.0
7,2,0.1403446109949419,1.0771785792624642,0.0
8,0,0.0,0.0,0.0
8,1,-0.4180779732452682,-1.9303737809105395,0.0
8,2,-1.4667119481304136,-2.662428579153863,0.0
8,3,-2.2269414161360874,-1.1949715216758248,0.0
8,4,-0.9469246392546493,-1.8469071491399733,0.0
8,5,-1.7905311896608602,-2.8523789885575708,0.0
9,0,0.0,0.0,0.0
9,1,0.9896314213397788,0.9577970099780755,0.0
9,2,2.065682987618689,-1.5336992074240996,0.0
10,0,0.0,0.0,0.0
10,1,0.06459867811023118,-0.43576914811272305,0.0
10,2,0.18266125090392443,-0.07191667610800101,0.0
11,0,0.0,0.0,0.0
11,1,1.6072909784232365,-2.4844956433712357,0.0
11,2,0.8005906500560243,-1.7017018688769912,0.0
11,3,0.7518361381464764,0.30540082536547475,0.0
11,4,2.9389287989901143,-0.0811922051036924,0.0
12,0,0.0,0.0,0.0
12,1,-2.239634294656063,0.2326377201914145,0.0
12,2,-4.035279517397411,-0.6399243452101187,0.0
12,3,-4.460942642900166,-1.6969145367678247,0.0
13,0,0.0,0.0,0.0
13,1,-1.2415413031609508,-2.93361022653048,0.0
13,2,-2.068060782440935,-0.04868207329081908,0.0
14,0,0.0,0.0,0.0
14,1,0.3349804871857849,-3.3259242917131617,0.0
14,2,2.6400373105416586,-1.2864280793578966,0.0
14,3,2.128182126735404,-6.021381951998807,0.0
14,4,3.083007846305528,-7.389312735995194,0.0
14,5,2.521642590171452,-8.03581639386831,0.0
14,6,3.939169748818353,-9.923703330476625,0.0
15,0,0.0,0.0,0.0
15,1,1.814136956267694,0.4465706157200481,0.0
15,2,-0.18613623855834838,-1.0174915437623184,0.0
15,3,0.0006187185751093116,-1.926097647969173,0.0
15,4,0.04270800923652862,-1.4548157115859452,0.0
15,5,0.20711255335889667,-0.8273692473426855,0.0
15,6,-2.450768436831523,-1.90372279880089,0.0
15,7,-2.780273713170342,-3.5457193660673108,0.0
15,8,-3.8260680481632776,-2.5139604187544924,0.0
16,0,0.0,0.0,0.0
16,1,-0.944434254241667,1.1242362700428736,0.0
16,2,-0.6805784213648727,1.4697736604904414,0.0
16,3,-1.0485735576279742,-0.17235613069422617,0.0
16,4,-1.1651053386269064,0.6389406986814278,0.0
16,5,-0.4620688761562113,0.9315976347940303,0.0
16,6,0.3513924072331458,2.9071338848217074,0.0
17,0,0.0,0.0,0.0
17,1,1.617366972470705,2.1335187125934505,0.0
17,2,-0.1969582436577344,1.490073876197978,0.0
17,3,1.836969448922389,1.9232026327018792,0.0
17,4,0.7375200938365796,3.526224045338049,0.0
17,5,-1.0855257440969697,4.185488609054602,0.0
17,6,0.07925096491273709,5.381656028063717,0.0
17,7,-0.9808759753139884,4.752659147343684,0.0
17,8,-1.6616530578652233,5.643163519184389,0.0
17,9,-0.4879204571961493,7.963869991743514,0.0
18,0,0.0,0.0,0.0
18,1,-0.4968671204428265,-0.34341307584776115,0.0
18,2,-1.4375640879759026,-3.5329867566422535,0.0
18,3,-1.0826460197168273,-2.4450737002946217,0.0
19,0,0.0,0.0,0.0
19,1,0.3530927830634989,-0.9274334373256741,0.0
19,2,0.3176935135145238,-1.7197761959117486,0.0
19,3,0.19305353615706,-2.7984400940955867,0.0
19,4,-0.8278470334456536,-2.3675920300156488,0.0
19,5,-3.3044237622594674,-1.819159588709633,0.0
19,6,-4.752442621383964,-0.7454019142371009,0.0
19,7,-7.067582718030014,-0.8274379137452446,0.0
19,8,-6.076953675562784,-1.588028955617875,0.0
19,9,-5.845106027637311,-2.5780652713772456,0.0
19,10,-4.2293094643312985,-2.262903085739885,0.0
20,0,0.0,0.0,0.0
20,1,0.29575611653763634,-0.4929322776235874,0.0
20,2,-1.7836621534542694,-1.5617617286113927,0.0
20,3,-0.16540619825259117,-2.2806428800218352,0.0
20,4,0.5906214383848991,-3.7057038536734317,0.0
21,0,0.0,0.0,0.0
21,1,2.2687428057154593,1.7968807235291635,0.0
21,2,2.3917066142754893,0.8700709547220491,0.0
21,3,5.137105539338304,-0.7040452341768075,0.0
22,0,0.0,0.0,0.0
22,1,2.570058129646614,-1.191483164362668,0.0
22,2,3.149678037813219,-1.9420186229340748,0.0
23,0,0.0,0.0,0.0
23,1,-0.3655245656268482,1.6571412442218885,0.0
23,2,-1.2855155767163537,1.7883882218408573,0.0
24,0,0.0,0.0,0.0
24,1,1.0417813252651706,0.07028268709802493,0.0
24,2,2.6834467380898532,-0.8281681720383991,0.0
24,3,1.6190899988143626,-3.0248427199651178,0.0
24,4,1.7026451357288384,-4.403674938597858,0.0
24,5,1.6196234102896359,-4.683213010649062,0.0
24,6,-0.11531058454324583,-4.801556038047774,0.0
25,0,0.0,0.0,0.0
25,1,2.4777990025108028,3.1445957775043745,0.0
25,2,2.1679109680962934,2.5290423688739847,0.0
25,3,4.693424825262351,1.3948387571484266,0.0
25,4,5.602828743161501,1.62056979045252,0.0
26,0,0.0,0.0,0.0
26,1,-0.3929939000246385,-0.7242205773490598,0.0
26,2,-0.817319946431792,-2.2707255823622683,0.0
26,3,0.3931270122677968,1.3616402424880678,0.0
26,4,1.0328106553973222,1.03604102210513,0.0
27,0,0.0,0.0,0.0
27,1,1.1324808728969498,2.129666102198536,0.0
27,2,-0.3460527261765225,-0.10730141853558184,0.0
27,3,0.06879526323323548,2.4789597777159638,0.0
28,0,0.0,0.0,0.0
28,1,0.6682416701330127,0.12803294645255558,0.0
28,2,2.8457004746712955,1.3398467910625556,0.0
28,3,1.786174619327007,1.012793739961817,0.0
29,0,0.0,0.0,0.0
29,1,-0.922756979037443,-2.9024503118794276,0.0
29,2,1.2163701303032248,-3.2600478247567044,0.0
29,3,1.8125300686716646,-5.452396680372798,0.0
30,0,0.0,0.0,0.0
30,1,1.9454084208308364,-0.809058053027843,0.0
30,2,2.830954925628661,-2.6229170437521714,0.0
30,3,1.6844935797529486,-4.1691573415459775,0.0
30,4,2.786729107710473,-3.7777773654667204,0.0
30,5,4.564309930562512,-3.2216264299988553,0.0
31,0,0.0,0.0,0.0
31,1,-2.6175500743524855,1.7147373039511817,0.0
31,2,-2.1330316006838386,1.187676656407854,0.0
31,3,-3.2880661110036042,1.9912299668276974,0.0
31,4,-2.2788892131183545,2.7941572963803125,0.0
31,5,-1.336855806784806,1.089103061425683,0.0
32,0,0.0,0.0,0.0
32,1,0.20065542737761466,0.0971825287910757,0.0
32,2,1.8796773514264087,-0.6913869916528059,0.0
33,0,0.0,0.0,0.0
33,1,1.0567528251430618,-1.626137301978261,0.0
33,2,0.5417942019765994,2.549869208426802,0.0
33,3,0.7932338465253015,3.852605410243641,0.0
33,4,-0.4578116339436127,5.13322775609705,0.0
33,5,-2.4420996802930928,6.20150545773974,0.0
34,0,0.0,0.0,0.0
34,1,-0.5794759322711573,0.4719466674853172,0.0
34,2,-1.0510511035143415,2.0558157208856542,0.0
35,0,0.0,0.0,0.0
35,1,0.015465164356977423,1.2949181337304716,0.0
35,2,1.1237413449949036,2.52597714810293,0.0
36,0,0.0,0.0,0.0
36,1,0.8077940688863321,1.1961264803870568,0.0
36,2,1.3487472873775768,2.3017785381667757,0.0
37,0,0.0,0.0,0.0
37,1,1.7482299215079973,1.9484597021576662,0.0
37,2,1.4436060861868865,4.698128685080714,0.0
37,3,0.3568684014998986,5.363303047545283,0.0
38,0,0.0,0.0,0.0
38,1,1.0243595446420404,-0.15303485672641048,0.0
38,2,-2.5414549384610945,-0.16812082145513485,0.0
39,0,0.0,0.0,0.0
39,1,2.4499773625695624,0.6690445688783813,0.0
39,2,1.9237829660478478,1.8570405583077998,0.0
39,3,3.6752709532316334,0.38239712744114884,0.0
39,4,4.350180781421431,1.2810535335399775,0.0
39,5,2.9591072907469815,1.0282190909647395,0.0
39,6,3.571031690543532,2.790471487680599,0.0
40,0,0.0,0.0,0.0
40,1,-0.2372118323619361,-1.6876063780553192,0.0
40,2,-1.8597411121424734,-1.2950900236408462,0.0
41,0,0.0,0.0,0.0
41,1,1.5259624110888819,-1.4469204787023042,0.0
41,2,-0.04605287109575995,-0.5155117654426036,0.0
42,0,0.0,0.0,0.0
42,1,0.5892138049655635,2.764017438717325,0.0
42,2,-2.282928132433383,4.774719127561726,0.0
42,3,-2.446963443416234,6.301171722004593,0.0
42,4,-1.305557303356387,4.879980148124281,0.0
42,5,-2.4531493877661235,4.81649336494532,0.0
42,6,-1.5098926214727482,3.744118314049774,0.0
42,7,-0.5366015899645369,2.764415711098514,0.0
42,8,-1.5812706571241155,0.4913551955111273,0.0
42,9,-0.4206810715914684,4.5236278185192775,0.0
42,10,0.4679831400980152,5.362464935079037,0.0
42,11,-0.6231598215397836,6.113324423090851,0.0
43,0,0.0,0.0,0.0
43,1,0.07783517097744719,-0.6549235848625312,0.0
43,2,-0.7613005518051157,-1.8931845763831983,0.0
44,0,0.0,0.0,0.0
44,1,-0.5567020558796161,0.0019546268927404936,0.0
44,2,0.848739603055398,1.2945987827843777,0.0
44,3,4.034820999034185,3.139645080070993,0.0
45,0,0.0,0.0,0.0
45,1,-3.4305754290898287,1.201753217540051,0.0
45,2,-3.3948311533762077,2.2298210257941,0.0
45,3,-3.2218343674822414,2.390380547909635,0.0
45,4,-1.2456107223228,3.525198163546069,0.0
46,0,0.0,0.0,0.0
46,1,-0.7423819654008769,-0.043420801873319315,0.0
46,2,-1.2174099046607443,0.5728212757045561,0.0
46,3,-1.1081510807728168,0.4837241189438928,0.0
47,0,0.0,0.0,0.0
47,1,0.769244124121239,-0.1773813456270159,0.0
47,2,0.814084715285596,1.9974884801062056,0.0
47,3,0.030183536561109087,2.040796364807156,0.0
47,4,-0.1927691197419105,1.7585109797639287,0.0
47,5,1.1148669022019306,3.8484779429326004,0.0
47,6,1.3591045533075237,4.837925173249271,0.0
47,7,0.9781023241538599,4.542821928678424,0.0
47,8,0.6398586969561727,2.2847887065805597,0.0
47,9,0.23177919960362173,1.3430577980113378,0.0
48,0,0.0,0.0,0.0
48,1,-1.5932264828921359,-1.009374340826556,0.0
48,2,-2.5702267144979287,0.9091181415651941,0.0
49,0,0.0,0.0,0.0
49,1,0.022161724988311926,0.09385797868139933,0.0
49,2,-1.5584702224589528,-0.400727249261561,0.0
49,3,-1.566109608233861,-0.3783473308382197,0.0
49,4,-1.1181884425792021,0.18566337771816865,0.0
49,5,-2.8780568417022,-1.5267858609382317,0.0
50,0,0.0,0.0,0.0
50,1,0.6805863049840458,0.8758922376909268,0.0
50,2,1.3962436991507874,-1.1325953470082535,0.0
50,3,2.5168642477499814,-0.5592316468795779,0.0
51,0,0.0,0.0,0.0
51,1,-2.2940274620907157,-1.7122044856510183,0.0
51,2,-2.3485333763805163,-1.7604614864117973,0.0
51,3,-1.0005332446521273,-2.382661517250242,0.0
51,4,-3.2266299197689916,-0.7862459877791448,0.0
51,5,-4.09500449626036,-1.474923731531368,0.0
52,0,0.0,0.0,0.0
52,1,1.8396412335757377,-2.325836202497893,0.0
52,2,3.118633423687048,-0.10372289881955066,0.0
53,0,0.0,0.0,0.0
53,1,-1.4222645794378508,2.2658596144499015,0.0
53,2,-0.6769077161985111,-0.8815462280226904,0.0
53,3,-2.9381559984242824,-3.1541333498588804,0.0
53,4,-4.057288375720004,-3.3021937056546014,0.0
54,0,0.0,0.0,0.0
54,1,1.3074569085310443,0.6635560649482882,0.0
54,2,-0.4105845248409299,2.636355883112751,0.0
54,3,-1.7112566242575438,1.9104232226233577,0.0
55,0,0.0,0.0,0.0
55,1,0.062188836165056216,-1.8150139022209022,0.0
55,2,0.5877469155725983,-3.533970252332556,0.0
55,3,-0.5013186237420211,-3.4309110128899745,0.0
55,4,0.4105695681740382,-5.9118324229340145,0.0
55,5,0.1057780778497972,-7.217235520920926,0.0
56,0,0.0,0.0,0.0
56,1,2.6065421403919307,-1.4065025363982016,0.0
56,2,1.6482207652952026,2.100463346500133,0.0
56,3,1.0208292950742717,1.5903357234644349,0.0
57,0,0.0,0.0,0.0
57,1,3.811823791284695,-1.6802655963589557,0.0
57,2,8.378464196971663,0.22060436443515097,0.0
58,0,0.0,0.0,0.0
58,1,-1.3505136844547285,-1.9650582530733205,0.0
58,2,-1.122947888513884,-2.3174794263908307,0.0
59,0,0.0,0.0,0.0
59,1,0.724732280187173,-0.420392287338041,0.0
59,2,0.9658491193772969,1.1052385820391688,0.0
59,3,-0.18546721043451564,-0.674938038517199,0.0
59,4,1.6016668102839247,0.9424629469856238,0.0
60,0,0.0,0.0,0.0
60,1,0.5159018543060092,1.8736257867614992,0.0
60,2,1.9655496181744436,2.275964701480232,0.0
61,0,0.0,0.0,0.0
61,1,-0.07764488980350248,1.8931552986385354,0.0
61,2,1.6069808416536764,1.8170211159811087,0.0
61,3,2.6516281731732763,1.468656078887351,0.0
61,4,1.296162906352057,0.6425150093592755,0.0
61,5,0.280044634617608,0.19734518373635934,0.0
61,6,1.5677877562110456,-1.7239096322339307,0.0
62,0,0.0,0.0,0.0
62,1,3.214883488093884,-0.8520301454373584,0.0
62,2,1.2726254231206326,0.2234364699549236,0.0
62,3,2.479896261541933,1.0888202137874705,0.0
62,4,4.154302827349122,0.3161147901553252,0.0
63,0,0.0,0.0,0.0
63,1,-2.5665299978733525,0.8465967187627458,0.0
63,2,-3.942746775090796,1.4736951082244982,0.0
63,3,-3.990729802135405,-0.36444000453158365,0.0
64,0,0.0,0.0,0.0
64,1,1.146845571373639,2.7400195254173267,0.0
64,2,2.3499050110105757,0.644924060582377,0.0
64,3,0.7802828520115882,-0.18901413804999012,0.0
64,4,-0.09496979893551316,0.1795653584254122,0.0
65,0,0.0,0.0,0.0
65,1,0.027438997717631697,0.3010897534810071,0.0
65,2,0.7851510574040161,-1.0675068865555088,0.0
66,0,0.0,0.0,0.0
66,1,-1.4532620179116764,2.7930028676655407,0.0
66,2,-1.195026851308779,3.0287846638871123,0.0
67,0,0.0,0.0,0.0
67,1,-1.3156436605463715,0.8900944693822468,0.0
67,2,-1.6986692659983533,1.054363727413878,0.0
67,3,-5.2845899373505505,1.7480263758401224,0.0
67,4,-4.679895752382335,0.7086304711002858,0.0
67,5,-2.883827828227825,0.37726943049947215,0.0
67,6,-1.0509013593591368,1.8137909501409717,0.0
68,0,0.0,0.0,0.0
68,1,-1.7606302487661347,0.4374089500041931,0.0
68,2,-0.7056234784594273,-0.2614554701965015,0.0
68,3,-1.332882984334928,-1.3104841752917795,0.0
68,4,-2.9576410456174567,-2.3508457585696756,0.0
69,0,0.0,0.0,0.0
69,1,0.2501506862999191,-0.45988032234916976,0.0
69,2,0.190232012096761,0.9708615900125573,0.0
70,0,0.0,0.0,0.0
70,1,0.4701611944589224,-0.07581638124744494,0.0
70,2,-0.1904949792997656,-1.6078584546496586,0.0
71,0,0.0,0.0,0.0
71,1,0.1837131283714096,0.16650077139006436,0.0
71,2,0.6437173800296394,0.8124894652049736,0.0
71,3,0.3534922718746168,0.4407973803908437,0.0
72,0,0.0,0.0,0.0
72,1,-3.0393239876888316,1.0230233892725678,0.0
72,2,-1.4536992769776753,0.3818589873792995,0.0
73,0,0.0,0.0,0.0
73,1,-1.6977043885241438,0.0037314696953629767,0.0
73,2,-1.9983750970655374,1.105972484344921,0.0
74,0,0.0,0.0,0.0
74,1,2.359719886735101,-1.071715087980395,0.0
74,2,0.3524372075425366,0.3497782213168916,0.0
74,3,0.07088249377239797,2.172106114020984,0.0
75,0,0.0,0.0,0.0
75,1,-1.4593246412481107,-1.2669269748879615,0.0
75,2,-1.373446944567438,-3.236568256536485,0.0
76,0,0.0,0.0,0.0
76,1,-2.4234092746967786,-0.10152601877156808,0.0
76,2,-2.936875521525595,0.46648799787649975,0.0
76,3,-3.5849038491462366,-2.3655707969368427,0.0
77,0,0.0,0.0,0.0
77,1,-2.683506295500412,-0.9806205372231693,0.0
77,2,-1.4390349043325603,-0.8007799735426511,0.0
78,0,0.0,0.0,0.0
78,1,1.8348887753340595,0.6189485488891475,0.0
78,2,0.59754449312747,1.006989264054163,0.0
78,3,1.067217727771785,1.7074684453171423,0.0
78,4,3.6529992488669842,-0.6292053698006077,0.0
79,0,0.0,0.0,0.0
79,1,1.3433504721141256,-0.5428253831738441,0.0
79,2,0.7786069775598135,0.34438737965944016,0.0
79,3,3.5340889675921447,-0.8737949155736595,0.0
80,0,0.0,0.0,0.0
80,1,1.3197686492123215,0.8208706994121067,0.0
80,2,1.4571321407994549,0.17309678631619585,0.0
81,0,0.0,0.0,0.0
81,1,1.6716343336126984,0.7027913126747776,0.0
81,2,0.7832369264889553,1.0948578148143506,0.0
81,3,2.1963412826141635,5.098561952254815,0.0
82,0,0.0,0.0,0.0
82,1,0.7216504830565251,1.2801399447023174,0.0
82,2,0.3823882781675282,2.0832352147147946,0.0
82,3,0.29026615533688715,2.1689504729018987,0.0
82,4,-0.01068709099267831,3.5269291792604225,0.0
83,0,0.0,0.0,0.0
83,1,-0.27896664445007735,0.6499533400391639,0.0
83,2,0.38264353257376404,-0.13694493864065382,0.0
83,3,-0.8139764751432357,-1.0349540274840745,0.0
84,0,0.0,0.0,0.0
84,1,3.420457568929503,-0.13287585009981775,0.0
84,2,3.8917190423989907,1.7679541687956968,0.0
84,3,3.8229576922400477,3.780721438784368,0.0
84,4,5.508343742328677,3.740577685778056,0.0
85,0,0.0,0.0,0.0
85,1,-0.49165423181126694,2.9116445156220836,0.0
85,2,0.16266586490506885,2.5867671236148224,0.0
85,3,0.36714896486986504,3.9039919549855053,0.0
86,0,0.0,0.0,0.0
86,1,-0.8305690830990263,-1.129815498989498,0.0
86,2,-0.8760891170727525,-1.2375017438844549,0.0
86,3,-2.6805289038214197,-1.0328224267455326,0.0
86,4,-3.440078226619991,-0.27481004040094414,0.0
86,5,-3.411247085316003,0.2595208964213742,0.0
86,6,-3.208850357107145,1.397526999361382,0.0
86,7,-3.1304190311114177,0.27371497330353867,0.0
86,8,-3.14601421751208,-0.6782104973596657,0.0
86,9,-3.0701581767869817,-0.7462546331997038,0.0
87,0,0.0,0.0,0.0
87,1,-1.5124028230310893,-0.340115530354582,0.0
87,2,-2.02301498983345,-2.460496931496529,0.0
87,3,-2.2988461172872854,-5.5649404643241684,0.0
87,4,-2.698610781999094,-5.469631336271404,0.0
87,5,-1.087106575831236,-2.615878793111312,0.0
87,6,-0.903655591324018,-1.0651663082023894,0.0
87,7,-3.1741910914067417,-3.3859451583204083,0.0
87,8,-3.3596332406351155,0.5076382863406399,0.0
87,9,-1.1864115975269416,0.48700841149842833,0.0
87,10,-2.3550430681313355,-2.0010821928428077,0.0
88,0,0.0,0.0,0.0
88,1,-1.903717498963384,-1.84039623162069,0.0
88,2,-4.876038878996475,-2.41195094184679,0.0
88,3,-5.713460039299431,-3.559211870619872,0.0
88,4,-3.7059007460712117,-2.5169577589974654,0.0
88,5,-3.078664527777251,-2.133743707264595,0.0
89,0,0.0,0.0,0.0
89,1,-0.3030008106405088,0.11012066395042597,0.0
89,2,-0.4654479954717916,-2.0504561627609452,0.0
89,3,-0.08123100377329937,-1.7439109441189102,0.0
89,4,0.3693230272380713,-1.8832594887556309,0.0
90,0,0.0,0.0,0.0
90,1,0.8232637344804944,0.08668935855173265,0.0
90,2,-2.098427831109416,0.6094407981690929,0.0
90,3,-2.29350778252837,0.13839300660724002,0.0
90,4,-2.385048454541706,-3.400678108549097,0.0
91,0,0.0,0.0,0.0
91,1,1.0862586302933748,0.17521111799517408,0.0
91,2,2.1497233941375047,-0.9269884600868881,0.0
92,0,0.0,0.0,0.0
92,1,1.7071613803441374,-1.5919240933094794,0.0
92,2,1.278374489387882,0.07563274736973602,0.0
92,3,2.0460586124847784,-2.2177510121809667,0.0
92,4,2.839209339669921,-0.9646457367344747,0.0
92,5,3.615041129049576,-1.216330176548666,0.0
93,0,0.0,0.0,0.0
93,1,0.11990837839205959,2.2497815196014614,0.0
93,2,0.6143829308390742,2.570865661115578,0.0
93,3,1.830693817408305,3.5303546564831656,0.0
93,4,2.3785207939565676,4.651237300260149,0.0
93,5,0.7492308358589616,3.9660769933514026,0.0
93,6,4.98469741007114,3.260862154648975,0.0
93,7,8.187616188754607,2.8650376605310814,0.0
93,8,6.844351855334843,4.355146748986482,0.0
94,0,0.0,0.0,0.0
94,1,-1.5589954170393487,-1.4130354580879192,0.0
94,2,-0.2826916405221349,-0.27365747419442643,0.0
94,3,-1.0488294324087062,0.6929264085241721,0.0
95,0,0.0,0.0,0.0
95,1,-0.9725251076460697,-3.9226463849633157,0.0
95,2,-4.048009755676519,-5.69254968072579,0.0
96,0,0.0,0.0,0.0
96,1,1.0856035915056215,-1.480942208380302,0.0
96,2,0.5429575062069625,-2.0835959121851175,0.0
97,0,0.0,0.0,0.0
97,1,-2.029884653845715,2.210366784856706,0.0
97,2,-2.287704426747022,2.8152958683082367,0.0
97,3,-2.698843936834877,1.1785515418195551,0.0
98,0,0.0,0.0,0.0
98,1,0.4513481186023896,1.282021094737888,0.0
98,2,-2.578681142867286,0.5674830973776075,0.0
98,3,-4.6688978912691494,1.3635803453751194,0.0
99,0,0.0,0.0,0.0
99,1,-0.941361053537557,0.6839778084681312,0.0
99,2,-1.798045793691778,-0.48554140303287796,0.0
99,3,-2.7217067251546743,-1.9155610613684004,0.0
99,4,-0.44800614247105597,-0.4180278484678943,0.0
99,5,-2.1038629007319702,-0.6180743163053934,0.0
99,6,-3.2556435645183743,-0.5189942586112062,0.0
99,7,-1.4252749384856604,-0.49593339323745583,0.0
100,0,0.0,0.0,0.0
100,1,-3.039990090217107,-1.432229542394213,0.0
100,2,-2.511148461072989,-1.4402125993422947,0.0
101,0,0.0,0.0,0.0
101,1,0.033663295519895,1.2478134944511587,0.0
101,2,-1.7297610906027552,2.2782359819193694,0.0
102,0,0.0,0.0,0.0
102,1,0.003773199674127481,-0.3975584019695768,0.0
102,2,-0.627916642871121,0.3174575285361778,0.0
102,3,-0.29125648353643685,1.1130798999451545,0.0
102,4,0.8169044775831904,2.7344850474888585,0.0
102,5,-0.014513028779406356,2.5016594865964388,0.0
102,6,-2.2428649980489044,2.7155177129811827,0.0
102,7,-2.0052328543752487,1.2892600365674982,0.0
102,8,-2.026792777300594,3.286590348881079,0.0
102,9,-3.463152433472357,3.713663996096365,0.0
102,10,-2.9435652957307616,1.9158596233177378,0.0
102,11,-1.9159797773946439,-2.5644357659493746,0.0
102,12,-2.2538390482618733,1.3790693677963881,0.0
103,0,0.0,0.0,0.0
103,1,0.887146863345978,1.0263329738378273,0.0
103,2,0.7900130214711127,1.8631947268958684,0.0
103,3,2.1388879822470868,3.0725905419901887,0.0
103,4,3.6848588635300654,1.3563770430137931,0.0
103,5,1.9114207652827875,2.4713742536824688,0.0
103,6,1.2811910003781835,2.2822538832698718,0.0
103,7,-0.695170350741453,1.4472523567866429,0.0
103,8,-1.2973271889269706,0.6700626761281601,0.0
104,0,0.0,0.0,0.0
104,1,-3.579012930789438,0.4429289419223153,0.0
104,2,-6.655661133580551,0.021235635048358237,0.0
104,3,-7.137475607061002,-0.25262350771920067,0.0
105,0,0.0,0.0,0.0
105,1,0.7337389745576347,3.4386637183080424,0.0
105,2,1.0996610934958317,3.1171877427537398,0.0
105,3,0.5861038976082014,4.071196355282906,0.0
105,4,0.7925368082784066,4.5294297163796235,0.0
106,0,0.0,0.0,0.0
106,1,1.9908864495809642,0.6652996236347745,0.0
106,2,2.129712869689145,2.354772932603503,0.0
107,0,0.0,0.0,0.0
107,1,1.0695908234328753,0.9109126876620346,0.0
107,2,0.8353928773908466,1.2723679973257518,0.0
107,3,-1.0804045993107052,-0.6286231116986475,0.0
107,4,0.12976200491664666,-0.5706730954016725,0.0
108,0,0.0,0.0,0.0
108,1,0.05517313123033093,0.98288728016209,0.0
108,2,-2.0580435180295598,2.1355538574515185,0.0
109,0,0.0,0.0,0.0
109,1,-0.2928169339567005,0.8858284364054781,0.0
109,2,-4.6289010068145835,0.5164291696410658,0.0
109,3,-3.57919550988394,-0.5795155689648527,0.0
109,4,-4.545887504609816,0.008218997867539657,0.0
110,0,0.0,0.0,0.0
110,1,-1.23966617205308,-0.21525330712568036,0.0
110,2,-0.8812150589487154,-0.13404298890641064,0.0
111,0,0.0,0.0,0.0
111,1,-0.007684749816311641,-3.3726926498834064,0.0
111,2,-1.1587034595240482,-3.301371613450682,0.0
112,0,0.0,0.0,0.0
112,1,-0.3883702270340552,1.0037241846461575,0.0
112,2,-0.5451726755393422,-0.6211881493190698,0.0
112,3,0.6461069991826631,-0.8894214174107845,0.0
113,0,0.0,0.0,0.0
113,1,1.8429852513422174,1.005550139227865,0.0
113,2,-2.298038382414146,3.589148171092658,0.0
113,3,-2.9482587018458606,4.943332807865916,0.0
113,4,-5.484395846523123,4.462463321738801,0.0
114,0,0.0,0.0,0.0
114,1,3.104677066551575,1.1253511005022567,0.0
114,2,1.6463161311932928,1.0161911720540089,0.0
114,3,0.5683014180706292,1.966973076386519,0.0
115,0,0.0,0.0,0.0
115,1,1.3791698654334157,-1.4731663947337366,0.0
115,2,0.294785988424437,-1.851400318087268,0.0
115,3,0.7170335722627794,-1.5495665323832248,0.0
116,0,0.0,0.0,0.0
116,1,1.756627460129929,-1.4369462687435401,0.0
116,2,3.88571016826356,-2.6733646113387888,0.0
117,0,0.0,0.0,0.0
117,1,2.38056165789138,-0.27594447074739237,0.0
117,2,0.9558160085675196,-0.055673528062396116,0.0
117,3,0.5810392101337643,0.7326692162512369,0.0
117,4,0.5787921908528517,1.182878923734886,0.0
117,5,1.6764181294999339,1.8398821567015733,0.0
118,0,0.0,0.0,0.0
118,1,-0.8326430892893408,-1.0058384596380698,0.0
118,2,-0.8295101732286307,-1.142015773398501,0.0
119,0,0.0,0.0,0.0
119,1,-0.9480492619043152,-1.806451883611311,0.0
119,2,0.7951082327726866,-2.5999607534024842,0.0
119,3,2.9825755045406073,-2.9030506685972703,0.0
120,0,0.0,0.0,0.0
120,1,-0.9467867289023215,-2.769624644956653,0.0
120,2,0.5411759547353205,-5.085880988985675,0.0
120,3,0.026485315313647728,-4.318970338917946,0.0
120,4,0.2597293605595845,0.964392948580056,0.0
120,5,0.8519500829131226,2.0932740864397825,0.0
120,6,-1.741825559345083,1.4550191944075133,0.0
120,7,-2.193226223790063,2.120752143527146,0.0
120,8,-2.3576672452763026,0.45572287444474857,0.0
120,9,-4.147202972630091,0.7044210564640921,0.0
120,10,-4.359827759380282,2.0524361591160916,0.0
120,11,-6.531458134591157,0.3205586535536247,0.0
121,0,0.0,0.0,0.0
121,1,0.6530662852537203,-1.1034756655343332,0.0
121,2,1.34694728007061,-3.9010308993053844,0.0
122,0,0.0,0.0,0.0
122,1,1.7704371924830098,-2.545930639643303,0.0
122,2,1.5537990402043453,-3.0187517224532012,0.0
122,3,-0.9711832712917144,0.5683389931338314,0.0
122,4,-0.9166443857370093,-0.8759102224923698,0.0
123,0,0.0,0.0,0.0
123,1,-0.14018226795835553,1.044633398621294,0.0
123,2,1.6607766881353623,1.8352412468829211,0.0
123,3,1.978802690057155,3.4897695736216954,0.0
123,4,2.926026238077781,2.620612397689264,0.0
124,0,0.0,0.0,0.0
124,1,-2.08178577648644,0.49143432454324104,0.0
124,2,-4.064759580041729,2.1388458221479816,0.0
124,3,-4.467704434332457,4.946404313489462,0.0
124,4,-3.873605630285007,5.70734893007832,0.0
125,0,0.0,0.0,0.0
125,1,-0.48477098533191165,2.358370214915133,0.0
125,2,1.3926284569736898,1.264919295035626,0.0
125,3,2.4647251204558387,1.3457582229849503,0.0
125,4,1.3075797556261652,3.273121168773095,0.0
126,0,0.0,0.0,0.0
126,1,1.4865342310267295,2.001126080343789,0.0
126,2,-0.13675823577242785,0.11743713265582398,0.0
127,0,0.0,0.0,0.0
127,1,-0.8786350979586308,-1.6350826139025252,0.0
127,2,-0.40719817007593195,1.6901076218887308,0.0
127,3,-0.40473047073823265,2.8206434122405692,0.0
128,0,0.0,0.0,0.0
128,1,-0.7956058972999329,1.2139057537372226,0.0
128,2,-1.883338324845649,3.2915337342634583,0.0
128,3,-3.87097446924321,4.7850139779644,0.0
129,0,0.0,0.0,0.0
129,1,-0.8283718694893376,-2.0274934707163688,0.0
129,2,-0.40454767817794124,-2.166265007954961,0.0
130,0,0.0,0.0,0.0
130,1,0.7608630883242684,-2.4921116117538933,0.0
130,2,2.227434380599113,-0.2128419855948902,0.0
130,3,2.612190841195881,-2.0198153216587453,0.0
131,0,0.0,0.0,0.0
131,1,-0.4100891054657302,-0.5084675279330252,0.0
131,2,-2.0166256190012612,-2.8325949529874053,0.0
132,0,0.0,0.0,0.0
132,1,-2.383959623160633,0.2424590166057219,0.0
132,2,-2.0119212507573416,-0.11548880344058554,0.0
132,3,-3.902772572461408,-2.4362804662737494,0.0
132,4,-4.010086975105134,-2.6189538616858377,0.0
132,5,-2.3678183307789173,-1.2682746241292355,0.0
132,6,0.231178244670859,2.508072267372893,0.0
132,7,1.213291308937766,2.1714339033460144,0.0
132,8,1.4908050410703806,1.4708194706982474,0.0
132,9,-0.3406492770560572,0.5681728327626201,0.0
132,10,-0.6972848908189848,2.1461707716894347,0.0
133,0,0.0,0.0,0.0
133,1,0.7267742015918837,-0.9990010891823913,0.0
133,2,1.411302754903446,-0.8875977356124791,0.0
133,3,3.976981407204388,-0.11586186351541483,0.0
134,0,0.0,0.0,0.0
134,1,0.99056248997659,-1.2885964727403016,0.0
134,2,2.067017798316049,-1.4823930242066061,0.0
135,0,0.0,0.0,0.0
135,1,-1.038045426868364,-1.878732817899762,0.0
135,2,-1.9305180212292439,-1.2799742099449074,0.0
136,0,0.0,0.0,0.0
136,1,1.1184597988997769,-0.860655050472809,0.0
136,2,1.7987534083892018,-2.305574933949547,0.0
136,3,3.2795667006545743,-1.5332163418898548,0.0
137,0,0.0,0.0,0.0
137,1,0.7281973238170868,-0.6315137177187685,0.0
137,2,2.88059810406752,-2.0126018880120293,0.0
137,3,-0.6939439550234547,-1.5768915056503867,0.0
137,4,0.5116544024127223,-1.1133327163280486,0.0
138,0,0.0,0.0,0.0
138,1,0.9583310762664157,-0.4306348269807956,0.0
138,2,0.14816141169430042,-2.76290269576093,0.0
138,3,-0.3383389849178353,-3.3111627280622136,0.0
138,4,-0.8216831803865836,-3.4964582267635462,0.0
138,5,-0.6860126903132757,-2.126616475146184,0.0
139,0,0.0,0.0,0.0
139,1,1.4824368382043638,0.6941364587807014,0.0
139,2,1.6873659363685471,2.061869238755824,0.0
139,3,0.6225480711971509,1.6911763957437267,0.0
139,4,-0.04755973378830455,0.5318344153421061,0.0
139,5,0.5308273641991079,0.4377436625223685,0.0
140,0,0.0,0.0,0.0
140,1,-0.06238676998715964,-1.3054911016586626,0.0
140,2,-1.9519864954952137,-0.8577512393911646,0.0
140,3,-1.278978317594227,-1.7870516191608918,0.0
140,4,0.3322262417253361,-0.24262597675537184,0.0
141,0,0.0,0.0,0.0
141,1,0.7485076105636976,2.1667187945223443,0.0
141,2,1.16159314915539,3.615375803472597,0.0
141,3,1.2503823735752468,1.9576725047967354,0.0
142,0,0.0,0.0,0.0
142,1,-1.2848015927616536,-1.9288705423697632,0.0
142,2,-2.9740458509201693,0.04686172969015734,0.0
142,3,-3.516444479405188,0.529782035745019,0.0
142,4,-5.7230186702380275,1.7079641440169375,0.0
142,5,-7.250342713200562,-0.176335511383937,0.0
143,0,0.0,0.0,0.0
143,1,-0.1319537418035754,2.603624851313758,0.0
143,2,1.1367985670605643,1.5093591523072132,0.0
143,3,-1.3442604051448053,1.3502048400921456,0.0
144,0,0.0,0.0,0.0
144,1,-0.23674922177153568,1.024390925884811,0.0
144,2,0.10260879212113339,2.1776836390572356,0.0
145,0,0.0,0.0,0.0
145,1,1.6168702510485236,-1.5495935889917074,0.0
145,2,-0.5950329867577719,-2.858183247439019,0.0
146,0,0.0,0.0,0.0
146,1,0.17957350746953615,1.6658341475480083,0.0
146,2,1.2652136707774246,1.7055429715079065,0.0
146,3,2.928953619476613,0.05275499996733707,0.0
147,0,0.0,0.0,0.0
147,1,2.6592448268945095,-0.5605259724054099,0.0
147,2,0.8638847828711851,-1.6374585267024313,0.0
147,3,-0.31711470517964657,-1.7405718567289217,0.0
148,0,0.0,0.0,0.0
148,1,-0.4874265665187921,0.722696285413511,0.0
148,2,0.10548549320661599,2.458482083803671,0.0
149,0,0.0,0.0,0.0
149,1,-0.9742914572438939,1.1793560335477835,0.0
149,2,-0.4345032473835235,-0.24025661213606453,0.0
150,0,0.0,0.0,0.0
150,1,1.9064288959291893,0.8603165446280966,0.0
150,2,3.281139478099486,0.895855204027434,0.0
150,3,4.776484172308437,0.703038544877856,0.0
151,0,0.0,0.0,0.0
151,1,0.27688863357276583,-0.7927700760023312,0.0
151,2,-0.32873827792246646,-2.776603232712992,0.0
151,3,2.6433688790707124,-3.819810919058626,0.0
151,4,2.2914107629471494,-6.221669452214597,0.0
151,5,3.6242636761944853,-5.3015382373494315,0.0
151,6,2.9389474466239163,-4.873716361506015,0.0
152,0,0.0,0.0,0.0
152,1,0.4726117017740492,0.4447823342126659,0.0
152,2,0.6078158129791429,1.418795441989411,0.0
153,0,0.0,0.0,0.0
153,1,0.5900321822744199,-1.3527748500802863,0.0
153,2,0.4250660930214578,-2.0114418908399836,0.0
153,3,0.6434059078597434,-3.275267799065393,0.0
153,4,0.714585163361015,-6.583021396907465,0.0
153,5,-0.2705330462481125,-6.76355697896172,0.0
153,6,0.5827097954624989,-8.121079831531905,0.0
153,7,-0.01794475744673285,-7.923315971421714,0.0
153,8,0.7576657706987175,-8.282213488489756,0.0
154,0,0.0,0.0,0.0
154,1,0.5782459082462093,0.18219474537783076,0.0
154,2,1.2718409856010267,2.3409696105948337,0.0
155,0,0.0,0.0,0.0
155,1,-0.8397861623097482,3.621570418941592,0.0
155,2,-1.7906621677326136,5.585714551542324,0.0
155,3,-0.9542510439200418,5.000580291522835,0.0
156,0,0.0,0.0,0.0
156,1,-1.2176061054974305,-2.5400886221911527,0.0
156,2,-1.995890499191716,-3.0659811856143957,0.0
156,3,-1.7927895800714624,-2.0522973719856665,0.0
156,4,-2.0475980524124724,-0.4297345368249177,0.0
156,5,-1.6723503682645,0.646248118245542,0.0
157,0,0.0,0.0,0.0
157,1,1.0745437775268416,1.3908191624496435,0.0
157,2,2.059114551071003,1.7366722989534933,0.0
157,3,1.1582575735064793,-0.8051105341070157,0.0
158,0,0.0,0.0,0.0
158,1,-0.5404454637949256,1.6992837887495378,0.0
158,2,-3.3421038756651247,1.2329477899544672,0.0
158,3,-3.0666328253998025,1.7300824256543206,0.0
159,0,0.0,0.0,0.0
159,1,2.91817359773092,1.20477423145424,0.0
159,2,5.02923273324746,1.9006850224710146,0.0
159,3,2.659015951854681,5.013778073163212,0.0
159,4,3.271641906118547,4.575122516778098,0.0
159,5,-0.7945574814350485,5.703753722142765,0.0
159,6,-3.2883909968874905,5.799393253772918,0.0
159,7,-6.817739800896731,3.8624865349988666,0.0
160,0,0.0,0.0,0.0
160,1,0.025017438884911147,-0.48151067932792907,0.0
160,2,-0.6541962208496601,0.7420245710787412,0.0
161,0,0.0,0.0,0.0
161,1,-1.9848792365676124,2.3567840957087993,0.0
161,2,-3.5356084538012214,2.647790371159382,0.0
161,3,-1.170876646039979,3.175518044054913,0.0
162,0,0.0,0.0,0.0
162,1,1.3556037937819598,0.16167519160482602,0.0
162,2,2.0475629345676882,-0.9528636221013564,0.0
162,3,-1.1928226873478098,-2.686495304808483,0.0
162,4,0.6308144811764769,-1.9326501889360692,0.0
163,0,0.0,0.0,0.0
163,1,2.5509658894298353,1.3317384330574653,0.0
163,2,5.450228199162772,0.8338834131266872,0.0
163,3,5.5242383788640295,0.9374259808675962,0.0
163,4,7.109612220130296,2.202233670185482,0.0
163,5,7.170146918637367,2.152303683572788,0.0
163,6,6.689256367081408,1.8587387348123325,0.0
163,7,6.841409964598067,-0.3834331549442349,0.0
163,8,5.292426171642597,1.1058013981629997,0.0
163,9,4.390919173150064,2.7955162858476417,0.0
164,0,0.0,0.0,0.0
164,1,-0.9996180704430235,0.6886711919455357,0.0
164,2,-0.8364038667031228,1.257723827772931,0.0
164,3,2.618847858101614,-0.29591657458847265,0.0
164,4,1.6809192195250344,-0.8451884693711301,0.0
165,0,0.0,0.0,0.0
165,1,0.1563331996669237,2.091548285434859,0.0
165,2,-0.5914906893409626,0.3803757480239355,0.0
166,0,0.0,0.0,0.0
166,1,-0.3359706849705024,1.7118849681350397,0.0
166,2,-1.5694084194068862,2.0075895668955432,0.0
166,3,-0.572866700642403,-0.19368892415762273,0.0
166,4,-0.4157841052954778,0.8762096653469198,0.0
166,5,-1.2550914091049792,-0.0563644152691003,0.0
166,6,-3.4841296033836073,-2.1002433037701764,0.0
167,0,0.0,0.0,0.0
167,1,0.8668183065468207,-3.8806607041051815,0.0
167,2,0.08181682820753522,-2.723444641224454,0.0
168,0,0.0,0.0,0.0
168,1,0.6830125259447408,0.7832694609176732,0.0
168,2,0.7654823804621014,3.3471279095299296,0.0
168,3,3.6246146372019137,2.1079518829434623,0.0
169,0,0.0,0.0,0.0
169,1,-1.6357695794741298,-0.003673373235826727,0.0
169,2,-2.180896962428543,-0.9836607957857737,0.0
170,0,0.0,0.0,0.0
170,1,-0.6345850385902712,0.7665221514232351,0.0
170,2,-0.5211194815600313,0.35091799679378866,0.0
171,0,0.0,0.0,0.0
171,1,0.6507867487360464,1.340140150097002,0.0
171,2,-1.236311632797653,2.0684222620558175,0.0
171,3,-2.395270167974153,3.0597287381306773,0.0
171,4,-3.2989300356269755,3.4195293834321507,0.0
171,5,-4.220075275573901,4.674456749022818,0.0
172,0,0.0,0.0,0.0
172,1,0.5766589542719011,-0.7118039445132246,0.0
172,2,2.488075126116104,1.5526636616982206,0.0
172,3,3.417740743429031,1.2451558541664292,0.0
173,0,0.0,0.0,0.0
173,1,-0.919497732857652,-0.04282411038699174,0.0
173,2,-0.8191188171015941,-1.0429709037011095,0.0
173,3,-1.5743219570054534,-1.3415442434579854,0.0
174,0,0.0,0.0,0.0
174,1,-1.7449831909844349,0.8117618805064244,0.0
174,2,-2.33457488474155,1.8806214521735032,0.0
174,3,-1.5252095974102202,1.9868608430531371,0.0
175,0,0.0,0.0,0.0
175,1,0.9169799751427304,1.7704686051351908,0.0
175,2,-0.026100796671804094,4.631359946373992,0.0
176,0,0.0,0.0,0.0
176,1,0.7126029186402236,0.042053656741821044,0.0
176,2,0.4456336314143549,1.2527699675156898,0.0
177,0,0.0,0.0,0.0
177,1,2.166133979853398,-0.8839297516721567,0.0
177,2,3.6153049375681805,0.1780250335967566,0.0
177,3,3.4076430669251567,0.33075383085902765,0.0
177,4,2.150565303171668,1.458585925284177,0.0
178,0,0.0,0.0,0.0
178,1,0.8025248923702178,1.0794984743404914,0.0
178,2,-1.1212906606463076,2.6908875380861,0.0
178,3,-1.0150003388554636,5.20958242978141,0.0
179,0,0.0,0.0,0.0
179,1,-0.6404493079811735,0.26163471872635147,0.0
179,2,-1.9171537705427524,0.8112036037507809,0.0
179,3,-0.17521930586882584,-0.7580499820170488,0.0
179,4,-2.350949562355285,0.2919670635530387,0.0
179,5,-3.0686262650767615,0.3375576689468647,0.0
180,0,0.0,0.0,0.0
180,1,0.10931501580877279,-0.6398612461975729,0.0
180,2,-0.005537951948805242,2.778833132488137,0.0
180,3,0.5642011461320587,2.253414215103829,0.0
180,4,1.5510300401978232,0.5624083515247649,0.0
180,5,-1.2980827310201803,3.2576359480278683,0.0
180,6,-1.5489214492207726,2.410945542485731,0.0
181,0,0.0,0.0,0.0
181,1,1.0134182224418913,0.8366785463041709,0.0
181,2,2.874599350974753,2.026350431275053,0.0
182,0,0.0,0.0,0.0
182,1,-0.5005760176747065,0.2473583939731156,0.0
182,2,0.5637239136101511,2.0853685084353284,0.0
182,3,-0.544158369947451,2.3014390958128823,0.0
183,0,0.0,0.0,0.0
183,1,-1.1341321669317086,0.7773650796207184,0.0
183,2,-0.9221036704704626,-0.6091976845090042,0.0
183,3,-0.5532884527561981,0.34727114929956626,0.0
184,0,0.0,0.0,0.0
184,1,0.3514125400303718,-1.446278157523393,0.0
184,2,-1.5370512152899503,-0.40485778927224514,0.0
185,0,0.0,0.0,0.0
185,1,-2.5932023383828753,0.5739399569319147,0.0
185,2,-3.8613485100184985,1.3178810054356682,0.0
186,0,0.0,0.0,0.0
186,1,-0.19575007570151612,1.1615399769610062,0.0
186,2,-0.32788021246656385,-0.07503835401321202,0.0
187,0,0.0,0.0,0.0
187,1,0.8510279085822106,0.1838645887843788,0.0
187,2,2.8037210411393936,0.3900885918008092,0.0
187,3,2.1438435257715933,-3.184170834189197,0.0
188,0,0.0,0.0,0.0
188,1,0.41045209523497483,1.4937219941998923,0.0
188,2,1.1627003822131121,3.454732206908095,0.0
188,3,-0.317522315836094,2.4527688105869263,0.0
188,4,-0.2437379475434489,2.5571969248437965,0.0
188,5,-1.5704858426250055,4.63209675211255,0.0
189,0,0.0,0.0,0.0
189,1,-0.9823633874370152,-0.5676509947200152,0.0
189,2,-0.8471603855553835,-0.6879447256771041,0.0
189,3,0.5895806629251055,0.11868856595131727,0.0
189,4,0.5923775808373386,2.0826596351934965,0.0
189,5,1.0596829593619705,0.7593200755721552,0.0
190,0,0.0,0.0,0.0
190,1,-1.7658496045530527,-0.792421669542837,0.0
190,2,-0.031111390558130614,0.07012668092288155,0.0
190,3,-0.9677671147953744,0.9085895335058969,0.0
190,4,-3.7113766639264685,1.981298907256447,0.0
190,5,-3.278189146363517,4.257014426469881,0.0
190,6,-3.8600163606660285,4.146712706826115,0.0
191,0,0.0,0.0,0.0
191,1,1.526970031816009,1.1859502779128979,0.0
191,2,-0.2826241003006842,0.6525019220776742,0.0
192,0,0.0,0.0,0.0
192,1,-1.6742681550640204,-0.11868255561169211,0.0
192,2,-2.8556895069690906,2.682578931920607,0.0
192,3,-1.3351590845998518,2.7932823653565055,0.0
193,0,0.0,0.0,0.0
193,1,-1.3795797982171065,-1.7477922019814045,0.0
193,2,-1.0505477583518392,-2.4811613749014656,0.0
193,3,-4.08386074050569,-4.0470514893518805,0.0
194,0,0.0,0.0,0.0
194,1,-0.6193260069548996,-0.5006234403262619,0.0
194,2,-1.1121050806200463,-1.087265207935189,0.0
194,3,-0.02206857264108736,0.42937285548346615,0.0
194,4,-3.213917319186453,1.6036936767089855,0.0
195,0,0.0,0.0,0.0
195,1,1.0408065557573163,0.28436328980745523,0.0
195,2,-0.5482235252520757,0.1281685370613853,0.0
196,0,0.0,0.0,0.0
196,1,1.2880484923637723,2.136666034852408,0.0
196,2,0.27127110291153245,4.183063555996683,0.0
196,3,-1.32733243510756,3.0764498543460235,0.0
197,0,0.0,0.0,0.0
197,1,-0.7891351064007903,1.156995600207546,0.0
197,2,-0.26581993724972586,3.075967850803903,0.0
197,3,-0.5181354702815655,6.00259370020791,0.0
197,4,-0.16209157852796663,8.44422267776379,0.0
197,5,-1.7478990861820671,8.69364349310365,0.0
198,0,0.0,0.0,0.0
198,1,1.638151562536178,-1.6463645574488348,0.0
198,2,1.3907567489498256,-1.4984497394211367,0.0
198,3,0.37255222281767425,-0.9881312263640205,0.0
199,0,0.0,0.0,0.0
199,1,1.2167062319053845,0.3819483640195763,0.0
199,2,0.7085822858006929,-0.7912066822754328,0.0
200,0,0.0,0.0,0.0
200,1,-1.0461887216398316,0.09072596831574842,0.0
200,2,-0.9265312783307237,-0.07398610692067575,0.0
201,0,0.0,0.0,0.0
201,1,0.5863808720987098,-1.167796654055481,0.0
201,2,1.0604757150552238,-0.8432993269422908,0.0
201,3,3.3385177314853878,0.16257855064929516,0.0
201,4,3.4157699517868463,0.58426829913104,0.0
202,0,0.0,0.0,0.0
202,1,-0.72236325884121,-3.1458515471480517,0.0
202,2,-3.01774669622438,-3.377248977570431,0.0
203,0,0.0,0.0,0.0
203,1,-2.524885521274332,-0.2294149983246192,0.0
203,2,-1.027458838422453,1.7792274046690606,0.0
203,3,-1.353453240761254,2.2659707114521357,0.0
204,0,0.0,0.0,0.0
204,1,0.15650208420876913,-0.43113534524520714,0.0
204,2,-2.039349639633798,-1.2307249278946188,0.0
204,3,-1.1842669977968538,-0.9098898987325006,0.0
205,0,0.0,0.0,0.0
205,1,0.40519234728372133,0.427240368319946,0.0
205,2,0.13487030189862942,3.5146438117764895,0.0
205,3,0.7779610914159985,3.6998255170874605,0.0
206,0,0.0,0.0,0.0
206,1,0.30354832769971196,0.33262811593585395,0.0
206,2,-1.6536449960059358,0.03067351414693853,0.0
206,3,-0.7843321133581669,-2.4755090734424994,0.0
207,0,0.0,0.0,0.0
207,1,0.7163072449939798,-0.4836155078501754,0.0
207,2,2.3831974352212706,-2.311391706823107,0.0
207,3,3.9540395031255127,-0.24284544490959736,0.0
208,0,0.0,0.0,0.0
208,1,-1.6716210300059733,-0.37041158604226143,0.0
208,2,-1.8957859979826766,-0.035032136919251666,0.0
208,3,-3.4440254064229268,-2.0256244500172493,0.0
208,4,-5.314712694089316,-2.5375545673765174,0.0
209,0,0.0,0.0,0.0
209,1,0.20766638335960463,2.11908193034739,0.0
209,2,1.818417318397136,4.426786706375398,0.0
210,0,0.0,0.0,0.0
210,1,2.0442097185978496,1.9627790797811864,0.0
210,2,0.3836012548994301,3.8220627099385447,0.0
211,0,0.0,0.0,0.0
211,1,-0.6528154839488813,0.35333550653007284,0.0
211,2,-0.6600140415587958,1.9028512060041214,0.0
212,0,0.0,0.0,0.0
212,1,-1.0367317977891417,-0.09823069830278941,0.0
212,2,-2.994940003472255,0.03128893796732779,0.0
213,0,0.0,0.0,0.0
213,1,-1.2800086731902445,3.212767043739028,0.0
213,2,-0.5054579690178735,3.757432038164498,0.0
214,0,0.0,0.0,0.0
214,1,1.4163845986377595,-1.3016808011330971,0.0
214,2,-0.1437676321277499,-1.3502075114829215,0.0
214,3,-0.7966163659049432,-2.974250929305278,0.0
215,0,0.0,0.0,0.0
215,1,1.1885621301843794,1.6540186661588876,0.0
215,2,-0.5109484599982266,1.3624455894203693,0.0
215,3,-1.7594828766255277,2.1998440223646405,0.0
216,0,0.0,0.0,0.0
216,1,-1.6910579040068385,1.0330116712037594,0.0
216,2,-1.456080435882864,0.6796246723365638,0.0
216,3,-0.09020291695619775,-1.277466050912616,0.0
217,0,0.0,0.0,0.0
217,1,1.3867685583935447,-2.818601726013004,0.0
217,2,2.2850176837678315,-3.2950102005939264,0.0
218,0,0.0,0.0,0.0
218,1,0.17722694074998224,0.0621267487459847,0.0
218,2,-1.497021066401051,-3.7412078993189817,0.0
218,3,-1.0897437176044316,-4.465753113762496,0.0
218,4,-3.0677375234986903,-6.150859581136481,0.0
219,0,0.0,0.0,0.0
219,1,1.091012507062874,0.6339864313390723,0.0
219,2,0.9591241155056414,0.35566124205047467,0.0
220,0,0.0,0.0,0.0
220,1,1.3880310623349161,1.5938120317640245,0.0
220,2,-0.17492486993184597,0.011026385557421303,0.0
220,3,-0.5474340606856534,1.7790710015832765,0.0
220,4,0.968560062208494,-2.887847876328635,0.0
221,0,0.0,0.0,0.0
221,1,-1.6640688463978823,-1.2240287287215512,0.0
221,2,-2.084283891909559,-0.635407609453984,0.0
221,3,-1.7409769278175755,-1.233136231151486,0.0
221,4,-2.9673262007687264,0.8932341126502505,0.0
222,0,0.0,0.0,0.0
222,1,1.134236094086849,-1.883658490107203,0.0
222,2,2.528615536793313,-2.718289495431564,0.0
223,0,0.0,0.0,0.0
223,1,-1.9402291110204941,0.11972553455649426,0.0
223,2,-4.221388281205826,-0.6099695353665937,0.0
223,3,-3.7396676680132335,0.4202271652981857,0.0
223,4,-6.503712907703518,1.4220509461284745,0.0
224,0,0.0,0.0,0.0
224,1,0.14051430848699886,-0.51168155891931,0.0
224,2,-0.5070232865506247,0.424485213083066,0.0
224,3,-1.1903646877585197,-0.01797994680604509,0.0
224,4,-0.5421338783262276,-1.6178683577912933,0.0
225,0,0.0,0.0,0.0
225,1,0.2699621632749267,1.243035015344795,0.0
225,2,-1.1432073748617066,2.407831855676497,0.0
225,3,-3.1712667498509672,0.633609047520793,0.0
226,0,0.0,0.0,0.0
226,1,1.581638943144926,-0.20156969534967978,0.0
226,2,3.2518594525119173,-1.7438907591364798,0.0
226,3,2.7027607636110442,-0.5108423974565266,0.0
226,4,3.553833169906862,-1.7433651570562292,0.0
227,0,0.0,0.0,0.0
227,1,-0.7813786413336891,-0.07223449292607187,0.0
227,2,-1.4571893359427084,1.0074424751544682,0.0
228,0,0.0,0.0,0.0
228,1,-1.8504995957887438,0.560792797282724,0.0
228,2,-1.8849350703892127,1.6083027685080153,0.0
228,3,-2.4575061454067506,2.5264204015156118,0.0
228,4,-1.5111680129858953,2.652660447478751,0.0
228,5,-0.8455821802179382,1.2775871365935854,0.0
228,6,0.015209137704602471,1.3772780420010888,0.0
228,7,-1.957315246159123,-0.34881688313172166,0.0
228,8,-4.045488951603985,-0.8753570195922383,0.0
228,9,-2.1459484610030257,-1.5214627345533804,0.0
228,10,-1.1458091490699227,0.5450384461921137,0.0
228,11,0.5768775861680546,0.4836303679206743,0.0
229,0,0.0,0.0,0.0
229,1,0.5446494214279228,1.7825144967670568,0.0
229,2,2.3355693561792226,2.4621063840114066,0.0
229,3,2.7752536709422233,3.0561562704928065,0.0
229,4,2.037041664453251,3.2675191529632386,0.0
230,0,0.0,0.0,0.0
230,1,-0.13488851828806814,1.523050186243682,0.0
230,2,-1.7506978063501273,4.336976660499217,0.0
230,3,-0.529370502807367,0.4579666593828713,0.0
230,4,-4.919569004942673,-2.546370229270194,0.0
230,5,-6.919119019747267,-4.254351632122549,0.0
230,6,-6.731067234273484,-4.830880617347898,0.0
230,7,-7.639625373325211,-5.891984858887689,0.0
231,0,0.0,0.0,0.0
231,1,-0.6382767018427258,0.10741127840950604,0.0
231,2,-2.923607202810166,0.7380687340166562,0.0
232,0,0.0,0.0,0.0
232,1,-0.3211204023752652,0.4907848961968313,0.0
232,2,-1.9776525213550706,-1.4338979028862373,0.0
233,0,0.0,0.0,0.0
233,1,-0.47438461568777535,-0.22637730993337302,0.0
233,2,0.1335108187086964,0.03622160387748097,0.0
234,0,0.0,0.0,0.0
234,1,0.5854673991159487,-2.1215374170579007,0.0
234,2,0.9746163981560373,-1.543599087188043,0.0
234,3,1.947626583415727,-2.8425857071779843,0.0
234,4,2.2445414398207197,-2.119903187751342,0.0
234,5,2.9769710395824824,-0.39166309480374484,0.0
234,6,1.7202183224384315,1.7066464287627716,0.0
234,7,3.650546776003307,0.6436977284090967,0.0
235,0,0.0,0.0,0.0
235,1,-0.6398451238836715,-0.6312477905595735,0.0
235,2,0.3983632892044791,1.2098305492209702,0.0
235,3,0.347313461231736,3.540680351922716,0.0
236,0,0.0,0.0,0.0
236,1,-1.8446464575570753,1.1594177596514421,0.0
236,2,-1.8113950343131768,0.10557817121179824,0.0
237,0,0.0,0.0,0.0
237,1,-0.3429503394982105,2.6702964524968285,0.0
237,2,0.793683747696927,2.776323825511139,0.0
238,0,0.0,0.0,0.0
238,1,-1.309032479267369,1.8593822090889223,0.0
238,2,-1.2027985573449977,3.23150207121933,0.0
239,0,0.0,0.0,0.0
239,1,-0.02865893192518465,1.088493571505167,0.0
239,2,0.7708538710209771,0.7235835760525934,0.0
240,0,0.0,0.0,0.0
240,1,-1.2654855643830396,0.9278433839506208,0.0
240,2,-1.8838577904604712,-1.3416338684496996,0.0
240,3,-2.335622386361194,0.00414077938523949,0.0
240,4,-2.8769475056147766,0.6671658736209412,0.0
240,5,-1.6097664659980464,-0.5876327017902314,0.0
240,6,-0.7314693160273453,-1.5064331369930497,0.0
240,7,-0.16229701262970053,-1.8920557851231123,0.0
240,8,0.15848255757823138,-1.544482658696145,0.0
240,9,2.03904390529851,-1.5971894960459476,0.0
240,10,3.2959623732482757,-1.7607426106403725,0.0
240,11,3.5670848429827164,-0.3055867325293704,0.0
240,12,6.959733252042566,-1.9254013066800697,0.0
240,13,5.60495736254159,0.7907769490513967,0.0
240,14,7.42729278812846,-0.16968096033978863,0.0
241,0,0.0,0.0,0.0
241,1,-0.917708102522496,-0.002582553669955745,0.0
241,2,-1.9344501509780874,1.1136187126036265,0.0
241,3,-1.8601116178662394,2.3929131271252855,0.0
241,4,-1.7757941039498188,4.664872846828812,0.0
242,0,0.0,0.0,0.0
242,1,-1.006247684377372,-0.5199128412617531,0.0
242,2,-2.9450077082599773,0.7939625674077737,0.0
242,3,-1.6167049201032693,2.2063732332269197,0.0
243,0,0.0,0.0,0.0
243,1,-1.0671238820156277,-0.81005035817688,0.0
243,2,-1.4627159292000993,-1.8363256368714767,0.0
244,0,0.0,0.0,0.0
244,1,-1.1999831849622582,-1.8180460329052122,0.0
244,2,-2.7968484274211463,-1.8822539928527964,0.0
245,0,0.0,0.0,0.0
245,1,1.148354833610981,2.2564236222900207,0.0
245,2,2.1069221043596262,3.7478405876093515,0.0
245,3,3.4900487434754988,2.5923469831221153,0.0
245,4,4.684577962108863,4.83159054013397,0.0
245,5,2.960645927714811,6.202174645575877,0.0
245,6,1.9586629777512963,8.901967987840186,0.0
245,7,1.8498994062131375,9.774765488508356,0.0
245,8,2.2735908286174085,13.799122272967915,0.0
245,9,2.647772575186954,12.403050213132726,0.0
245,10,2.7865403015154806,13.911035286816913,0.0
246,0,0.0,0.0,0.0
246,1,1.7007276439110193,-0.18035626430586849,0.0
246,2,0.7895691280298954,-0.08192330801318692,0.0
246,3,2.9559060137838133,-1.4180847811502406,0.0
246,4,1.6815670385740087,-0.1310028576597737,0.0
246,5,-1.2902955042754591,0.4841816340028926,0.0
247,0,0.0,0.0,0.0
247,1,1.4274630600434675,1.0870245433790824,0.0
247,2,1.6939355914428882,3.9445434387914418,0.0
247,3,1.818830664646554,4.490707382875037,0.0
247,4,3.948216352176403,5.518801866912032,0.0
247,5,5.214535655793953,5.905248525968551,0.0
248,0,0.0,0.0,0.0
248,1,-1.5847823986327014,1.7667430100816788,0.0
248,2,-3.1572232038149988,2.0111483901225773,0.0
249,0,0.0,0.0,0.0
249,1,2.3627557046959056,-0.9037951868372442,0.0
249,2,3.9304299839561825,-0.4162448281613176,0.0
249,3,4.785574173847648,-0.4675367389294425,0.0
250,0,0.0,0.0,0.0
250,1,-0.7582755613586042,-2.022059624275827,0.0
250,2,-2.7985392970714598,-2.847017122033628,0.0
250,3,-4.080858428034791,-4.905928687784782,0.0
250,4,-4.060418113548806,-6.349295199161689,0.0
251,0,0.0,0.0,0.0
251,1,4.736295179245789,-0.17468517441453857,0.0
251,2,3.1636328827932223,2.279944750439618,0.0
251,3,5.294391700346897,1.4907097151507798,0.0
251,4,2.922863741934924,3.3758263305086853,0.0
251,5,3.6930703752762257,3.898836575071896,0.0
251,6,3.7625674700497465,3.6338313453209174,0.0
251,7,5.251962508875618,4.714985354584862,0.0
251,8,5.317585628116992,4.332799430469028,0.0
252,0,0.0,0.0,0.0
252,1,1.287552308478535,1.5539589054243517,0.0
252,2,2.0529201812408573,1.3694727086510095,0.0
253,0,0.0,0.0,0.0
253,1,0.35228190318473573,1.752918321887603,0.0
253,2,0.6078546075884672,2.0279408010393607,0.0
253,3,2.7479362463782815,3.8511466993358527,0.0
253,4,3.064459193566864,2.7035264260588736,0.0
254,0,0.0,0.0,0.0
254,1,-0.5486296669567596,-1.8158728483599544,0.0
254,2,-0.762139723000394,-2.0011369226905478,0.0
254,3,-0.4484211447198252,-1.7970261263256746,0.0
254,4,-3.0101980532960453,-2.6166762751370403,0.0
254,5,-3.384520646647912,-1.1296641155960967,0.0
254,6,-5.394779591253169,-0.3783857671097123,0.0
255,0,0.0,0.0,0.0
255,1,-0.454235338068373,0.9236419047579454,0.0
255,2,-2.036516263630163,0.48374993718733483,0.0
256,0,0.0,0.0,0.0
256,1,-0.3965981878068685,-0.8332758531835538,0.0
256,2,1.6119155626503654,-1.126481812536194,0.0
257,0,0.0,0.0,0.0
257,1,1.178104913859073,2.995910210522489,0.0
257,2,1.9499255582247568,2.8763459485044955,0.0
258,0,0.0,0.0,0.0
258,1,-0.4138377282615846,1.2908570806455655,0.0
258,2,-2.0152909271761565,0.430792428105639,0.0
258,3,-3.255228507077849,0.890804213082831,0.0
259,0,0.0,0.0,0.0
259,1,-3.4361224722297097,-1.1114713208661373,0.0
259,2,-5.122472127939005,-1.5157177000700057,0.0
259,3,-6.599951777542039,-2.5041488752404213,0.0
259,4,-5.284826737350485,-1.565921999607155,0.0
259,5,-3.594191993562978,-2.0673177699640792,0.0
259,6,-1.8549829950713599,-2.081387968166694,0.0
260,0,0.0,0.0,0.0
260,1,-3.6483126968208235,1.1682098357997042,0.0
260,2,-3.9479102488953473,2.9620551191682845,0.0
261,0,0.0,0.0,0.0
261,1,-0.3369046248135874,-0.3372439192739838,0.0
261,2,-0.18705933157871346,-1.4593588386025091,0.0
262,0,0.0,0.0,0.0
262,1,-3.0390830771885895,-1.0874277917207869,0.0
262,2,-3.0651533307228123,-2.0725192905165946,0.0
263,0,0.0,0.0,0.0
263,1,-0.9511430771160101,0.39050580483463726,0.0
263,2,-1.4536570511730438,-0.1265009118721756,0.0
264,0,0.0,0.0,0.0
264,1,1.5940542636058714,-2.741785581297987,0.0
264,2,3.2068688665782448,-3.299430262297019,0.0
265,0,0.0,0.0,0.0
265,1,-2.0661334384423604,-0.1808627650027046,0.0
265,2,-4.237781198827754,1.2311480419930312,0.0
265,3,-5.0661717887181705,-0.7280581549428748,0.0
266,0,0.0,0.0,0.0
266,1,-1.2091773821584182,0.7966924300655636,0.0
266,2,-2.2197168922147057,0.7502373407398295,0.0
266,3,-2.1020283934556843,1.5857734586791201,0.0
266,4,-2.8785427839791886,1.8550613346563036,0.0
266,5,-1.6346925056437545,-0.7155577768546677,0.0
266,6,-5.876850534233536,0.022085424528532016,0.0
266,7,-6.302155153390464,-1.3241983092290999,0.0
267,0,0.0,0.0,0.0
267,1,-0.9823567051882804,1.1683746982122682,0.0
267,2,-2.4672432039964716,0.8334314122426174,0.0
267,3,-2.9227627515632784,4.377529002877351,0.0
268,0,0.0,0.0,0.0
268,1,-0.05488877939009518,-1.456833537368531,0.0
268,2,-0.36041005118009406,-1.7345509276179427,0.0
268,3,0.24050349611221922,-2.0492546565234147,0.0
268,4,0.005466780802829252,-2.0073983885332423,0.0
268,5,-2.6770366081852126,-2.3634382107358896,0.0
268,6,-2.083294427728539,-2.1325659894841946,0.0
268,7,-3.3624753663054605,-2.9364522277404497,0.0
269,0,0.0,0.0,0.0
269,1,0.8435510756641829,0.5532137833946709,0.0
269,2,0.0021433916338999826,-1.0645535104701702,0.0
270,0,0.0,0.0,0.0
270,1,0.7389860905724084,0.30610995596801294,0.0
270,2,3.5483540201496733,0.035222576174692266,0.0
271,0,0.0,0.0,0.0
271,1,-0.2872054029161728,0.9167934994607334,0.0
271,2,1.2432822727955373,0.8324077050066381,0.0
271,3,0.2952960658743263,0.49765192345792303,0.0
271,4,1.3521402413254777,-0.9214614872401752,0.0
271,5,3.3644275946316187,-0.33910569763453585,0.0
272,0,0.0,0.0,0.0
272,1,0.49054065797495894,0.011594903234418918,0.0
272,2,0.4029087393205169,2.999920641858291,0.0
272,3,-0.9843404605475591,3.0592317930634847,0.0
272,4,-0.04840059905652361,1.6638176611202558,0.0
273,0,0.0,0.0,0.0
273,1,-2.1608168749558563,-0.6220670722203028,0.0
273,2,-3.7409067329373533,-0.3667988463906753,0.0
273,3,-3.195217146224665,-1.8028854302694046,0.0
274,0,0.0,0.0,0.0
274,1,-0.35770189729861723,1.0477628178553793,0.0
274,2,1.098451151102593,1.5444757224547505,0.0
274,3,1.5168769689865806,0.6384444525456636,0.0
274,4,3.138899442070575,0.9677759835678119,0.0
274,5,2.37570309271923,1.3852352131553354,0.0
274,6,4.4082034185299905,3.3528523998703963,0.0
275,0,0.0,0.0,0.0
275,1,1.3294317605253465,2.0357421321586466,0.0
275,2,1.8643820156835276,1.9468653494169497,0.0
276,0,0.0,0.0,0.0
276,1,0.1924231226943426,1.176598720774085,0.0
276,2,-0.34748711152626116,1.9502489125630347,0.0
277,0,0.0,0.0,0.0
277,1,-1.070712819795744,-2.7079626066088416,0.0
277,2,1.091745298309828,-3.52054147712189,0.0
277,3,-0.3782696621456141,-3.4777259588990503,0.0
277,4,1.2057898252835209,-7.32310949261965,0.0
277,5,0.06499967772326576,-9.078526000449926,0.0
278,0,0.0,0.0,0.0
278,1,0.8512082658440597,-0.1961614706404618,0.0
278,2,5.0774601925815706,1.0556270988593364,0.0
279,0,0.0,0.0,0.0
279,1,-0.7983935089600847,-1.8907748425506234,0.0
279,2,-2.2605138180738846,-2.765467423423416,0.0
280,0,0.0,0.0,0.0
280,1,1.9940829342611304,0.40534695555125855,0.0
280,2,0.5001201683379153,-1.4188547468809702,0.0
280,3,0.597066640914744,-0.6379226357808487,0.0
281,0,0.0,0.0,0.0
281,1,0.36596809733958935,2.413350251240179,0.0
281,2,2.7372571258674094,1.2508981942075725,0.0
281,3,5.182027223690878,-0.7427801237398748,0.0
282,0,0.0,0.0,0.0
282,1,-2.5900171710716235,1.9321997563902211,0.0
282,2,-2.119547399216247,0.42962070104387706,0.0
283,0,0.0,0.0,0.0
283,1,-1.0638755421501387,-2.1988140115393335,0.0
283,2,0.22734726255357307,-2.025630785869059,0.0
284,0,0.0,0.0,0.0
284,1,1.5057529223710988,1.4962398129709773,0.0
284,2,0.8713960787842745,2.2020939292290427,0.0
285,0,0.0,0.0,0.0
285,1,1.3648959063808723,2.835302039386738,0.0
285,2,2.9912229786804825,5.010164688715763,0.0
286,0,0.0,0.0,0.0
286,1,0.10306001935428344,0.1756534831180877,0.0
286,2,2.8478116128774698,-1.0342274106326084,0.0
286,3,2.7246689404434203,-3.2241227736663784,0.0
286,4,1.946448511172641,-3.0516311135883383,0.0
286,5,1.7146962638536942,-4.663846863383722,0.0
286,6,2.2298041993624294,-5.487391284890918,0.0
286,7,0.882269918861107,-4.225006846886281,0.0
286,8,1.514865646449352,-3.8913005167934873,0.0
286,9,1.1063244056704196,-3.5820667739839402,0.0
287,0,0.0,0.0,0.0
287,1,-0.2214406569029561,-1.284578832050212,0.0
287,2,0.9423794865894619,-1.515314105103298,0.0
287,3,2.5501200564729927,-1.2448974934605843,0.0
287,4,6.558900574164796,-3.706169645757451,0.0
288,0,0.0,0.0,0.0
288,1,-2.988509057651606,1.031656937103432,0.0
288,2,-4.537411369426233,0.692623812036941,0.0
289,0,0.0,0.0,0.0
289,1,-1.1356361023115302,-0.5223876568100768,0.0
289,2,-2.895433284562331,-0.7259270181419857,0.0
289,3,-2.0152539829550538,-2.756576381698226,0.0
289,4,-6.015330043065285,-3.909401099164997,0.0
289,5,-4.224590630055931,-5.575501753016207,0.0
289,6,-2.560767019258456,-6.824230529433617,0.0
289,7,-2.0030910537145012,-9.211321782694792,0.0
289,8,-1.8478028880105914,-9.152550585720634,0.0
289,9,-2.96277786278158,-5.782195968008185,0.0
290,0,0.0,0.0,0.0
290,1,1.5252400535139667,-3.049202584760294,0.0
290,2,1.5822993826724527,-3.735416690462306,0.0
291,0,0.0,0.0,0.0
291,1,-3.745472488721863,0.5962385019800287,0.0
291,2,-6.009649325416165,0.583460772450276,0.0
291,3,-4.587385429442453,1.3642221216064758,0.0
291,4,-2.3640330031880947,1.8139986045228014,0.0
292,0,0.0,0.0,0.0
292,1,1.3802269709953512,1.9812069042991869,0.0
292,2,3.0734040901632502,3.7522612314429695,0.0
293,0,0.0,0.0,0.0
293,1,-1.2746365089475775,-2.135170927697146,0.0
293,2,-2.846194499314345,-2.201421026436756,0.0
293,3,-4.007868364354998,-1.782238121030085,0.0
294,0,0.0,0.0,0.0
294,1,0.8977021600788803,-0.7929134998995553,0.0
294,2,-0.34406868615955977,-0.5599947311148681,0.0
294,3,-0.9730229392605632,0.36656832104098525,0.0
295,0,0.0,0.0,0.0
295,1,-0.8704259778646075,-0.10800946892265184,0.0
295,2,-1.182209594886635,1.1389939474055026,0.0
295,3,-2.9067492837231277,2.315038737397395,0.0
296,0,0.0,0.0,0.0
296,1,-0.7201652442342967,-1.0405813428397868,0.0
296,2,-1.173768927703147,-1.872886901423096,0.0
297,0,0.0,0.0,0.0
297,1,-0.986157367550454,-1.4504502128916443,0.0
297,2,-0.9641948297358032,-3.169815319555383,0.0
297,3,-1.780257465672264,-5.969201887891723,0.0
298,0,0.0,0.0,0.0
298,1,-0.677934025094861,-0.04204755118186987,0.0
298,2,1.1073288889673427,0.8673234380728299,0.0
298,3,-0.5508655996735039,-1.080723763571578,0.0
298,4,-1.1881810652667546,-1.658611839833168,0.0
298,5,1.155623664111409,-3.972454225022205,0.0
298,6,1.0994544875073642,-4.851862772886719,0.0
299,0,0.0,0.0,0.0
299,1,0.3348279581823257,1.8196134507936244,0.0
299,2,1.1804883602940586,2.9056779913842092,0.0
299,3,1.4380463598869788,2.267835919264913,0.0
299,4,0.9398609428608848,1.5590488384267853,0.0
299,5,0.6050868567240011,3.7108821411847623,0.0
300,0,0.0,0.0,0.0
300,1,0.14862458574014692,-0.24852496038146565,0.0
300,2,1.5875978030824052,-3.9308610151906542,0.0
301,0,0.0,0.0,0.0
301,1,0.05816285325344106,-0.10328152521680928,0.0
301,2,-1.0345368270864008,1.3738831040873336,0.0
302,0,0.0,0.0,0.0
302,1,1.2962288768674461,-1.0255256126599177,0.0
302,2,1.343036212502502,-2.4409601408490738,0.0
303,0,0.0,0.0,0.0
303,1,0.9526675486566085,-1.883365569674598,0.0
303,2,0.39872616840716285,-1.3390940435491723,0.0
303,3,-0.34992146087184933,-0.4731267289892511,0.0
303,4,0.206539987215494,-0.09648653081262126,0.0
303,5,1.8897012942676819,-0.7940888212696875,0.0
304,0,0.0,0.0,0.0
304,1,0.9977574259194064,-1.3943207708576888,0.0
304,2,0.5965704962862346,2.294963587386587,0.0
304,3,-1.6573915454958086,2.7280867958064965,0.0
305,0,0.0,0.0,0.0
305,1,0.37168325358025434,0.8420280198429115,0.0
305,2,-0.2842780740272062,2.872936782970494,0.0
305,3,-2.46101317299483,2.0986643683976753,0.0
306,0,0.0,0.0,0.0
306,1,1.9791027472172766,0.22754643773385563,0.0
306,2,1.74099311983068,1.9802219657847453,0.0
306,3,4.288643135264102,1.3783191568975526,0.0
307,0,0.0,0.0,0.0
307,1,-0.014695847730569866,0.4648005729050496,0.0
307,2,-1.2758603520714624,-1.070447984254551,0.0
308,0,0.0,0.0,0.0
308,1,-0.5263913080737486,-1.376986626629406,0.0
308,2,1.1137484422422448,-1.748092442625812,0.0
308,3,2.379237305794611,-1.975948646196554,0.0
308,4,2.245214239944139,-2.513145698567854,0.0
308,5,3.3390703833697177,-2.5284253676182713,0.0
308,6,2.621773724651933,-1.860279627906791,0.0
309,0,0.0,0.0,0.0
309,1,0.8363043172042683,-1.9905667482630496,0.0
309,2,0.6208048495010439,-2.6313421410135844,0.0
309,3,0.6083869253958141,-4.180243007925627,0.0
309,4,1.4777897024971902,-4.228229519795065,0.0
310,0,0.0,0.0,0.0
310,1,2.282512004999039,-0.6926649081993621,0.0
310,2,1.4067590428271595,0.43305049340745194,0.0
310,3,3.781439062246265,0.14336008908617304,0.0
310,4,3.465990005147594,1.3175647641001562,0.0
310,5,3.3023790807273024,4.497886915847576,0.0
311,0,0.0,0.0,0.0
311,1,0.7563851155144006,1.337484632869917,0.0
311,2,2.0139958153602997,1.2956015513881394,0.0
311,3,1.8330677761842544,0.5605946720186816,0.0
312,0,0.0,0.0,0.0
312,1,-1.1298509759303819,1.3764753245232721,0.0
312,2,-0.2564660303984674,-0.1246422607474191,0.0
313,0,0.0,0.0,0.0
313,1,-0.8926319924152741,0.6608792519697312,0.0
313,2,-3.4181929933236876,1.6268382527174325,0.0
314,0,0.0,0.0,0.0
314,1,0.8247459169423348,0.6628333478764824,0.0
314,2,3.242243841954396,0.4775940841532559,0.0
314,3,1.9296251903918276,-3.183457741339348,0.0
315,0,0.0,0.0,0.0
315,1,-0.712566732734162,-0.02522237710916242,0.0
315,2,-0.15541892025955018,2.190469151614476,0.0
315,3,0.589991699805306,3.754089702619339,0.0
316,0,0.0,0.0,0.0
316,1,0.7151202882596639,-1.4055598427962959,0.0
316,2,-0.44431027677844703,-1.3225106856112205,0.0
317,0,0.0,0.0,0.0
317,1,1.7745596967803088,-0.3018072989962801,0.0
317,2,4.644673922806829,-2.149874860879176,0.0
317,3,3.761192063116297,-0.4285996301106936,0.0
317,4,5.599826097191606,-0.6010242884809647,0.0
317,5,6.823137503032784,-0.4855645285973955,0.0
318,0,0.0,0.0,0.0
318,1,1.339679580176895,-0.6953688650018357,0.0
318,2,0.5813536733105131,-1.4757625735392597,0.0
319,0,0.0,0.0,0.0
319,1,-1.6073305247003968,-2.3193928427118964,0.0
319,2,-0.8181386195965756,-3.426556877740012,0.0
320,0,0.0,0.0,0.0
320,1,-0.09485759083285261,-0.8238154372854599,0.0
320,2,-1.3389377468175598,0.3382903684257607,0.0
320,3,-1.6657057943234066,2.4216305038491814,0.0
321,0,0.0,0.0,0.0
321,1,1.124289367519039,-1.1259088470970149,0.0
321,2,0.3872727109433163,-2.993143181557336,0.0
322,0,0.0,0.0,0.0
322,1,1.6775471539322977,-0.3118228232408411,0.0
322,2,2.0128934114334,3.441318595066715,0.0
322,3,0.3332556186686118,1.016497566028627,0.0
322,4,2.415990527118035,0.35524595014628935,0.0
322,5,1.1559695079651808,0.16381652139366815,0.0
322,6,1.698013067756317,1.2986752465352338,0.0
322,7,0.517292544590727,3.238711316960715,0.0
323,0,0.0,0.0,0.0
323,1,-0.9494028460902145,-3.276595534615534,0.0
323,2,0.7587917612615792,-1.74180425042238,0.0
323,3,-0.2801886379755777,2.0653699171484714,0.0
323,4,0.783364653399573,4.240908335389307,0.0
324,0,0.0,0.0,0.0
324,1,-0.6324300067288954,-1.5451113304836752,0.0
324,2,-0.7946107452072635,-1.3259323255019222,0.0
325,0,0.0,0.0,0.0
325,1,-0.8859382462129473,-1.1832078445700487,0.0
325,2,2.253901317382194,-0.5647330438969975,0.0
326,0,0.0,0.0,0.0
326,1,-1.6668052294726683,-1.4562940502099397,0.0
326,2,-1.0548853621572456,-1.415146844117672,0.0
327,0,0.0,0.0,0.0
327,1,0.2657193185990478,-0.7261697086338936,0.0
327,2,-0.24472435953298538,-2.7422364927635954,0.0
327,3,0.12018114197617535,-1.264358472432839,0.0
327,4,-2.4107087539099328,-3.303545003203004,0.0
327,5,-0.7764236784507585,-2.7260547935604036,0.0
327,6,0.9624108698102571,-1.0955542679797443,0.0
328,0,0.0,0.0,0.0
328,1,-0.623794852725749,-0.3101582766705779,0.0
328,2,-1.735261424289619,1.3370630409818096,0.0
329,0,0.0,0.0,0.0
329,1,-0.726833246400956,-1.454960557659526,0.0
329,2,-1.1690054607842781,-2.742623421235919,0.0
329,3,1.386422239844849,-2.8635596982332645,0.0
330,0,0.0,0.0,0.0
330,1,-2.5174772366657874,0.6232549523717621,0.0
330,2,-3.316778337453245,-0.5249600407518034,0.0
330,3,-3.125130160954984,-0.8429578640708761,0.0
330,4,-1.6154432477661083,-0.3718037295948884,0.0
330,5,0.042546085954085155,-1.422182171076126,0.0
330,6,0.8919813787220143,-2.8177285955495783,0.0
331,0,0.0,0.0,0.0
331,1,-0.013444839277648835,0.47095678433748445,0.0
331,2,0.450090336960892,3.100889773713504,0.0
332,0,0.0,0.0,0.0
332,1,-0.778695260444401,0.6276887077936292,0.0
332,2,-0.4463297963342704,1.4922248279748684,0.0
333,0,0.0,0.0,0.0
333,1,0.6795743120834734,0.6250655015602165,0.0
333,2,1.3018604492318588,0.6717044220486887,0.0
334,0,0.0,0.0,0.0
334,1,-2.002473703093258,3.6421590534526205,0.0
334,2,-1.183408363709722,3.212969773337451,0.0
334,3,0.28480337220843865,1.197648696956258,0.0
335,0,0.0,0.0,0.0
335,1,-0.10019147825342012,-0.6787560569039468,0.0
335,2,0.9760195100108435,0.8562360582824624,0.0
335,3,2.0768509720876054,3.1111384524374284,0.0
336,0,0.0,0.0,0.0
336,1,-1.2903671842205215,-2.069950736120509,0.0
336,2,1.1666583136863788,-1.3918452063921563,0.0
337,0,0.0,0.0,0.0
337,1,0.15138145739844755,-1.6903424368720812,0.0
337,2,0.40466486069481505,-1.7497496125389507,0.0
337,3,0.8277007420859415,-4.202377338463172,0.0
337,4,0.883532182517659,-5.2995826510361415,0.0
338,0,0.0,0.0,0.0
338,1,0.08346035052943201,-2.22251661509957,0.0
338,2,-0.3148999499571059,-2.8145676287888604,0.0
339,0,0.0,0.0,0.0
339,1,-3.3589633957067173,-2.093303517126869,0.0
339,2,-3.434766753824338,-0.5867203403754762,0.0
339,3,-3.428681219409994,-3.2832505522748376,0.0
339,4,-6.594070368653472,-3.49346545111861,0.0
340,0,0.0,0.0,0.0
340,1,1.3615850371559821,-0.630797545122576,0.0
340,2,3.955214631477113,-2.0954185478747505,0.0
340,3,3.7548811706936016,-6.3585904632408345,0.0
340,4,3.0599762877490506,-4.941653877893177,0.0
341,0,0.0,0.0,0.0
341,1,-2.0043505673103374,1.0894260398389086,0.0
341,2,-3.6788639404019263,2.1316808079090435,0.0
342,0,0.0,0.0,0.0
342,1,1.4961591943731178,-1.1565257770007722,0.0
342,2,2.106236504998436,-3.4047095823201023,0.0
342,3,1.3360715299356833,-3.8461651047548564,0.0
342,4,1.091568827955391,-4.687069890966531,0.0
342,5,1.117337567190275,-4.632514519042314,0.0
342,6,1.3008719523892807,-4.533788259806213,0.0
343,0,0.0,0.0,0.0
343,1,-3.339267737262226,-0.3409906549427688,0.0
343,2,-1.395864472553506,-0.6115405799525031,0.0
343,3,-0.5968552959410345,-1.4440059555069242,0.0
344,0,0.0,0.0,0.0
344,1,-0.3113892308653202,-0.6018590551063268,0.0
344,2,-0.17570925024182193,-0.5194814215629608,0.0
344,3,2.1575040317519063,-0.890636045046882,0.0
344,4,0.4017393529995634,2.5213298782084643,0.0
345,0,0.0,0.0,0.0
345,1,0.6124090925374561,0.9350397594647188,0.0
345,2,3.45134151064764,3.0829051954214286,0.0
345,3,2.236055524726691,0.9001593767860143,0.0
345,4,1.1554853795254496,0.7146793277790975,0.0
346,0,0.0,0.0,0.0
346,1,0.5274510655475095,-0.8841209400865898,0.0
346,2,2.4045640815651117,-2.0635179818528626,0.0
347,0,0.0,0.0,0.0
347,1,-4.918821585268654,1.669747686518539,0.0
347,2,-5.490844755650962,-0.3712008791433159,0.0
347,3,-4.7356699991323605,0.05290486370863268,0.0
347,4,-4.5709932802526065,1.5018656118491116,0.0
347,5,-4.316625006232928,-0.7855043712423837,0.0
348,0,0.0,0.0,0.0
348,1,-1.7354855591002294,1.242713311691193,0.0
348,2,-2.3430374681791775,0.6538939552007489,0.0
348,3,-3.971371548050377,1.8496315840763609,0.0
348,4,-1.9046970550773694,2.389167526907139,0.0
349,0,0.0,0.0,0.0
349,1,-1.219895496310443,1.049355111565595,0.0
349,2,-0.06549765263084639,0.9661222971891745,0.0
349,3,-0.32342976650911665,-0.16179743157168924,0.0
350,0,0.0,0.0,0.0
350,1,-1.226910992459237,0.5183892841029574,0.0
350,2,-3.339296798763699,-0.33656344604514565,0.0
351,0,0.0,0.0,0.0
351,1,0.4241479343587251,-0.30477740108471774,0.0
351,2,0.8107670812781733,-1.2108351009758733,0.0
352,0,0.0,0.0,0.0
352,1,1.8245826767293156,0.05126510589504085,0.0
352,2,1.1390268521898093,0.8617528559283489,0.0
353,0,0.0,0.0,0.0
353,1,1.501631315160576,-0.6863190604662398,0.0
353,2,2.7141392396815336,2.5140082721982453,0.0
353,3,2.248512694421844,0.7734734994008104,0.0
354,0,0.0,0.0,0.0
354,1,-1.5052552289513186,0.7463258543109503,0.0
354,2,-0.9725547126080267,1.2262297171162766,0.0
354,3,-0.8638629516267087,0.7916897602981126,0.0
355,0,0.0,0.0,0.0
355,1,0.5504134367578355,1.5675706515342287,0.0
355,2,1.0324050777683107,2.144620204454881,0.0
355,3,3.2979840196260644,3.063747128821595,0.0
355,4,0.7863028428341359,4.3818827342487525,0.0
356,0,0.0,0.0,0.0
356,1,0.5956878891546702,-2.2560501075410295,0.0
356,2,1.9939230818001605,-0.869472195243648,0.0
356,3,1.4180366185299862,0.3319625171535153,0.0
356,4,1.278949367863071,-0.282266224330889,0.0
356,5,0.8172804076352258,-2.4383222939296236,0.0
356,6,-1.1784682629190248,-1.8223965654350525,0.0
357,0,0.0,0.0,0.0
357,1,0.841305322861527,-1.2587734960673298,0.0
357,2,-1.2920153672772052,-1.9442206171732273,0.0
358,0,0.0,0.0,0.0
358,1,0.4966689747859596,2.279748483408279,0.0
358,2,1.5401441424959383,2.310337134992833,0.0
359,0,0.0,0.0,0.0
359,1,0.5889844034061873,1.0773967580316395,0.0
359,2,-2.370961258353759,1.1374369416221288,0.0
360,0,0.0,0.0,0.0
360,1,-0.30031886927883655,-0.00810758256118585,0.0
360,2,1.9138727701110347,0.08547585102822738,0.0
361,0,0.0,0.0,0.0
361,1,-0.41576705785623336,0.46355844541149627,0.0
361,2,-2.276085064804172,0.161456225537429,0.0
361,3,-0.7702477702668631,0.12532929560938388,0.0
362,0,0.0,0.0,0.0
362,1,3.035891959958818,1.602538347467202,0.0
362,2,0.9350746767002481,0.45263537342977345,0.0
362,3,-0.21084164867569577,3.9873791472411515,0.0
363,0,0.0,0.0,0.0
363,1,1.9969191659223342,2.6320863540526567,0.0
363,2,0.496226682853693,0.6700630358794486,0.0
363,3,2.1884789158200912,2.1140740561914053,0.0
364,0,0.0,0.0,0.0
364,1,0.05138523138707374,-0.7495300238159828,0.0
364,2,0.5635642430491741,1.5721405142611313,0.0
364,3,1.718008842503301,2.419080118915492,0.0
365,0,0.0,0.0,0.0
365,1,0.18122298331307207,2.8062552830217067,0.0
365,2,1.018366809623128,4.736635018086941,0.0
365,3,1.340825502656279,5.934270509724364,0.0
365,4,-0.473165430590603,6.08911955798485,0.0
365,5,-3.147108553801453,7.520870602951075,0.0
366,0,0.0,0.0,0.0
366,1,-1.411307997201628,-1.0752502637953731,0.0
366,2,-3.5521986953796594,-1.554771646726949,0.0
367,0,0.0,0.0,0.0
367,1,2.856051394990123,0.06466615263967701,0.0
367,2,4.124186481118793,1.4557490642156303,0.0
367,3,4.610435095235376,0.6389715534355564,0.0
368,0,0.0,0.0,0.0
368,1,-0.41115020761909704,0.5509940978138106,0.0
368,2,1.6350477613050483,0.20518824110532408,0.0
369,0,0.0,0.0,0.0
369,1,0.19414556737508004,0.80342738706513,0.0
369,2,0.23257861354481513,-1.0124990012268118,0.0
369,3,0.4050121925228649,1.0144845005674983,0.0
369,4,0.303802453224129,0.9939098811997109,0.0
370,0,0.0,0.0,0.0
370,1,1.7383244194683982,1.030669891330907,0.0
370,2,3.087477965075877,0.7277867993130723,0.0
371,0,0.0,0.0,0.0
371,1,-1.6280120780332052,0.045029902124149146,0.0
371,2,-3.1478027831664175,-0.5188999781535273,0.0
372,0,0.0,0.0,0.0
372,1,-2.189431762625878,-1.0540716610012348,0.0
372,2,-3.878663704631264,-2.160273905830239,0.0
372,3,-5.72812223481068,-0.022272759865905822,0.0
373,0,0.0,0.0,0.0
373,1,0.457998297576236,-2.2473325222974294,0.0
373,2,-1.1268766071440315,-3.454251177703162,0.0
373,3,0.7380090799539563,-3.9545106041643607,0.0
374,0,0.0,0.0,0.0
374,1,1.4944008755848472,-0.016887791595456836,0.0
374,2,0.45601649434913405,1.8441958696338312,0.0
374,3,3.304823734816595,0.2708997164413174,0.0
374,4,2.9781187385013506,-0.6031873331522193,0.0
374,5,1.7778461074798702,-0.7682327217867257,0.0
375,0,0.0,0.0,0.0
375,1,1.2088967929783165,-0.26854156502796217,0.0
375,2,1.5892987979423185,-1.8799817242322296,0.0
375,3,1.9514222396177427,-4.895918299339501,0.0
375,4,0.49613518789301025,-4.417223149595117,0.0
375,5,1.1243911427233115,-5.123089720644283,0.0
375,6,1.4955954042763497,-5.9571748989117905,0.0
376,0,0.0,0.0,0.0
376,1,1.319224495329641,3.875744035670712,0.0
376,2,-1.0096712076283292,3.5343284647375883,0.0
376,3,-2.54155316965484,3.0616434832334636,0.0
376,4,-2.164322424735663,2.023649189101064,0.0
376,5,-1.805194988183905,1.3796518532039581,0.0
376,6,-2.0579446101883794,-0.16065859795235404,0.0
377,0,0.0,0.0,0.0
377,1,-0.10365651484445548,0.6131758937218632,0.0
377,2,1.181060530299828,-1.0260176513095824,0.0
378,0,0.0,0.0,0.0
378,1,-0.2979032901231906,-0.3482575082835522,0.0
378,2,0.15470507924697507,1.2224693098099868,0.0
378,3,0.7984429817503709,1.6129408260241689,0.0
378,4,0.20337002250494773,-0.04108038974723227,0.0
378,5,-1.002330063925043,0.1576611340899705,0.0
379,0,0.0,0.0,0.0
379,1,0.5169021676439576,-0.37691342159406743,0.0
379,2,2.1187108985107357,-1.5748754000536511,0.0
380,0,0.0,0.0,0.0
380,1,-1.3659097789451686,-0.6279226446377049,0.0
380,2,-2.2076289144956274,1.5050097161577733,0.0
381,0,0.0,0.0,0.0
381,1,-0.7491538801412756,-1.4149111638315834,0.0
381,2,0.539713523968165,-3.943798147286293,0.0
381,3,0.917122835967469,-6.5758449159389425,0.0
381,4,1.0357802818028679,-7.487484902057934,0.0
382,0,0.0,0.0,0.0
382,1,-0.1373755150267404,-0.06983331350143795,0.0
382,2,-0.7189049489506467,1.4284305595803632,0.0
382,3,-0.542348267820886,2.024756343480468,0.0
382,4,-1.4043475061722284,-0.22642429147380239,0.0
383,0,0.0,0.0,0.0
383,1,0.8566650070641163,3.3821044541085588,0.0
383,2,2.1487861270322464,6.625243038865853,0.0
383,3,1.8241668985160007,6.8317549864882485,0.0
383,4,1.2466365882995505,4.830689484009366,0.0
383,5,1.757707340459279,5.883562365572346,0.0
383,6,2.7873066095540864,5.326857827290588,0.0
383,7,2.8544927560239235,5.704913120827364,0.0
383,8,2.720169561017609,4.774553123405301,0.0
383,9,3.7830682306990653,4.2379476506880325,0.0
383,10,4.297917103898333,3.3921307440277335,0.0
383,11,3.0969020064657666,3.468665318864291,0.0
383,12,2.558511156969436,1.969921271983732,0.0
383,13,0.9431725641108656,-0.16635941115470332,0.0
384,0,0.0,0.0,0.0
384,1,1.3420511746496198,2.365361327229003,0.0
384,2,3.663762685506579,1.3139964393382637,0.0
385,0,0.0,0.0,0.0
385,1,0.622465289440238,0.6799611786272162,0.0
385,2,4.616790506807263,2.4663360018061056,0.0
386,0,0.0,0.0,0.0
386,1,-1.3745812316909825,-2.5103136001812634,0.0
386,2,-0.8379119240742718,-2.830601306832906,0.0
387,0,0.0,0.0,0.0
387,1,-0.37387021351577393,1.9584762050865108,0.0
387,2,-0.13136900258659528,2.444359184988741,0.0
388,0,0.0,0.0,0.0
388,1,0.1061506059536903,-0.709051017141607,0.0
388,2,-1.4982995103827004,-0.677880851148074,0.0
388,3,-0.8833035588827158,-1.3496938590302787,0.0
389,0,0.0,0.0,0.0
389,1,-0.2979970919968964,1.1069261203949476,0.0
389,2,0.6413967234063209,0.4017279221022758,0.0
390,0,0.0,0.0,0.0
390,1,-3.0310013902794304,0.5939896120452491,0.0
390,2,-2.33967685858282,1.1058039708720304,0.0
391,0,0.0,0.0,0.0
391,1,0.1519573288411662,1.267185880515391,0.0
391,2,-0.18740067911677522,-0.9047593459584686,0.0
391,3,0.07361717347159275,-0.9737214993224285,0.0
392,0,0.0,0.0,0.0
392,1,0.276294354213115,0.17911582204273624,0.0
392,2,0.07755786373754969,-0.01382169045116044,0.0
393,0,0.0,0.0,0.0
393,1,-0.9551543431995118,-0.9931160380376913,0.0
393,2,-1.9097423063294423,-1.1270518933548208,0.0
393,3,-3.868139813575621,0.5660586164772468,0.0
393,4,-6.570394685677142,1.534749948915646,0.0
394,0,0.0,0.0,0.0
394,1,-3.015504928031369,-4.82540858030249,0.0
394,2,-1.48341960774078,-4.982312965554769,0.0
394,3,-3.722064856394103,-5.645061231970236,0.0
394,4,-5.3876103479997886,-7.586521566869881,0.0
394,5,-2.718588981129159,-6.060245543349724,0.0
394,6,-0.24004853095156564,-8.251187306982594,0.0
394,7,-0.8719694831895684,-9.161128672660219,0.0
394,8,-2.76036038150563,-9.702810657908415,0.0
394,9,-1.2516072675140606,-11.683505950633343,0.0
395,0,0.0,0.0,0.0
395,1,-0.20557573076136437,0.24347773818169172,0.0
395,2,3.645201327814362,-0.5267291631710749,0.0
396,0,0.0,0.0,0.0
396,1,-2.332604766849431,2.6237589540619184,0.0
396,2,-2.148188135675275,3.4581383711338436,0.0
396,3,-0.9463432342356713,2.903386394180197,0.0
396,4,-0.618665604531776,5.47116549718565,0.0
396,5,-1.1112450129381044,3.729126958499005,0.0
396,6,-2.497336803160029,4.112570138905943,0.0
397,0,0.0,0.0,0.0
397,1,0.3619422710843341,1.1748965437919892,0.0
397,2,1.911880087265609,0.24548462582616248,0.0
397,3,1.0364647438939256,-1.6573100373772909,0.0
398,0,0.0,0.0,0.0
398,1,1.1690656012444256,-0.5089595336780848,0.0
398,2,-0.6554739172252528,-0.07972649475007998,0.0
398,3,0.9318920953720757,-0.23785096085594715,0.0
399,0,0.0,0.0,0.0
399,1,-2.288561638894657,-0.9721673425465189,0.0
399,2,-1.5500836206251323,-0.5797547414860509,0.0
399,3,-1.5947702088683313,-0.313016448500121,0.0
399,4,-3.780694954035183,1.1541352082607077,0.0
400,0,0.0,0.0,0.0
400,1,2.0603847408220908,-0.6733716780901471,0.0
400,2,3.42638338076613,1.326256523958131,0.0
400,3,2.8298569789403163,1.577944584070552,0.0
400,4,4.502111961287115,-0.0016932915667484671,0.0
400,5,4.162261049665136,0.5652008725563941,0.0
401,0,0.0,0.0,0.0
401,1,-1.0866554919153772,-2.566691119026693,0.0
401,2,-1.0667655289175417,-1.7458701147357165,0.0
402,0,0.0,0.0,0.0
402,1,0.2915853208553343,0.7294409638569143,0.0
402,2,-1.4412957930199881,-0.03714788882716624,0.0
403,0,0.0,0.0,0.0
403,1,-0.25544719150562323,-1.3733776188980245,0.0
403,2,-1.976431419253544,0.3459177152225349,0.0
403,3,-1.820585117589123,1.9073260198890245,0.0
403,4,-4.094677013908474,1.5362229105940042,0.0
403,5,-3.4286987755830145,2.2769270377368667,0.0
403,6,-3.122561449553149,3.034977021247851,0.0
404,0,0.0,0.0,0.0
404,1,-0.24194509919554089,0.3871319326557495,0.0
404,2,3.0758049544407697,1.2688294613265119,0.0
404,3,5.238542011997732,3.4384894572681013,0.0
404,4,5.110920799108307,4.818512451681615,0.0
404,5,6.548024309205191,3.8415212048428296,0.0
404,6,7.202784754916972,4.6601251746102985,0.0
405,0,0.0,0.0,0.0
405,1,-0.32196300196649147,1.3621218392510106,0.0
405,2,0.3467635538797296,1.8735872864290957,0.0
406,0,0.0,0.0,0.0
406,1,1.440806688533315,-2.136687933906853,0.0
406,2,1.8038540682312836,-1.63383568262409,0.0
406,3,0.8664719107088512,-1.5963656318715551,0.0
406,4,-0.2962512442724574,-3.7111940760281508,0.0
407,0,0.0,0.0,0.0
407,1,-1.0879588354608427,-1.1405650635167035,0.0
407,2,-3.9409723323826378,-0.4904394108064931,0.0
408,0,0.0,0.0,0.0
408,1,1.552432095680306,0.5107267380289575,0.0
408,2,0.24911992142071626,-1.6899655722887776,0.0
408,3,0.8666253911148767,-3.2913235182926908,0.0
408,4,0.40686842197425577,-4.098605390704626,0.0
408,5,-0.20381440744390344,-4.546959670822614,0.0
408,6,0.7057105398912338,-5.70695243314575,0.0
409,0,0.0,0.0,0.0
409,1,-0.5442997716583668,0.47869454416386625,0.0
409,2,-0.7306583371066984,-1.3529768696336322,0.0
409,3,-0.4050143273824143,-2.9826325720256146,0.0
410,0,0.0,0.0,0.0
410,1,2.186702168515759,-1.1761765934092414,0.0
410,2,1.167456926337044,-1.505790529212761,0.0
410,3,1.2380573083097,-3.620539525166338,0.0
410,4,3.6162521393422598,-5.684987048637773,0.0
410,5,2.0315696453327723,-5.641002247248483,0.0
411,0,0.0,0.0,0.0
411,1,-2.043107811054057,1.5982866339722026,0.0
411,2,-2.6543083601649036,2.9558954837484115,0.0
411,3,-4.018468121149097,2.6757718450712917,0.0
411,4,-5.1442342773907646,3.30157355642758,0.0
411,5,-6.959301288216351,2.5885761377963803,0.0
411,6,-6.495909504539995,3.6184209619568706,0.0
411,7,-5.106844378169472,4.680245086658378,0.0
411,8,-5.693623015481162,6.082790355776307,0.0
412,0,0.0,0.0,0.0
412,1,-0.3799293734973208,1.518958105171295,0.0
412,2,-1.2195193666762925,1.5143847970291968,0.0
412,3,-0.3182018184391584,0.5512541265207489,0.0
412,4,-1.5015293012653104,1.920547431257359,0.0
413,0,0.0,0.0,0.0
413,1,-0.6264511240209361,-1.667437445412498,0.0
413,2,-2.086577266786786,-2.0287251496340923,0.0
413,3,-2.731452648738993,-2.881656061054227,0.0
414,0,0.0,0.0,0.0
414,1,-0.3998303443864255,-1.3430293133718838,0.0
414,2,-2.1743064431838413,-2.945978627478918,0.0
414,3,-2.3315904796570726,-3.1443027277387463,0.0
414,4,-1.6187009909950236,-5.221989171041879,0.0
414,5,-5.432706105833294,-7.078277596501073,0.0
414,6,-2.9394018099013106,-6.74987688081508,0.0
414,7,-2.5718884272927056,-7.4984011216915585,0.0
414,8,-0.022551446444639467,-6.689685247412135,0.0
414,9,2.399517653145977,-5.606946973237116,0.0
415,0,0.0,0.0,0.0
415,1,-1.550493465809699,0.9135634967087103,0.0
415,2,-1.1575906518879606,0.742380136127438,0.0
416,0,0.0,0.0,0.0
416,1,-0.019404307233409357,0.6364053210308901,0.0
416,2,-0.30277404307044975,1.7302593135373718,0.0
416,3,-1.2231046274936674,-0.03179213998069513,0.0
416,4,-2.570902491539347,-1.7907138885468736,0.0
417,0,0.0,0.0,0.0
417,1,-0.7456179487996517,0.9413671368151713,0.0
417,2,-0.29140521822242776,3.0127862192917787,0.0
418,0,0.0,0.0,0.0
418,1,-0.6485789812124233,-3.0411070027338503,0.0
418,2,0.467458061539877,-1.990801131424747,0.0
418,3,2.0330290143695655,-3.6586969136613576,0.0
419,0,0.0,0.0,0.0
419,1,2.6648550759177274,-1.0900300078006802,0.0
419,2,0.768061171908168,-2.4634150665671113,0.0
419,3,3.1973105105720694,0.06311577634899668,0.0
420,0,0.0,0.0,0.0
420,1,0.1962343051607917,0.9840435278658688,0.0
420,2,-1.0847780603600017,1.7856149952574463,0.0
421,0,0.0,0.0,0.0
421,1,-1.097077123927263,0.42976175965322816,0.0
421,2,-1.1455668326527888,0.05938767463719641,0.0
421,3,-2.2933639173104163,-0.8423087245721809,0.0
422,0,0.0,0.0,0.0
422,1,-0.5423030759610425,-2.204830708592411,0.0
422,2,1.526765381779301,-2.61871872460602,0.0
423,0,0.0,0.0,0.0
423,1,0.9466820001329931,1.101073929832698,0.0
423,2,1.9992526566140012,-0.8622690447595939,0.0
423,3,4.008699558848636,0.1384708348912557,0.0
424,0,0.0,0.0,0.0
424,1,0.3581134845092304,-1.2554032761045018,0.0
424,2,1.6029204882490502,-1.6495418410362452,0.0
424,3,3.125071229694112,-2.7018134267286,0.0
425,0,0.0,0.0,0.0
425,1,-0.694735551568554,-0.09219274206180944,0.0
425,2,-1.459131857951319,-0.3540393047270903,0.0
425,3,0.1820192318205502,-0.7205512431682548,0.0
426,0,0.0,0.0,0.0
426,1,-0.6772229263157821,-0.5138946992020513,0.0
426,2,-2.7126682039394305,-0.5527496784536027,0.0
427,0,0.0,0.0,0.0
427,1,0.3301950713833428,-2.5734903891045406,0.0
427,2,1.6085557952114757,-1.7411429295311427,0.0
428,0,0.0,0.0,0.0
428,1,1.48960147563374,0.5559173447492981,0.0
428,2,0.17576461666539356,1.2527610726467562,0.0
428,3,-0.45078294945914854,1.6022880092532439,0.0
429,0,0.0,0.0,0.0
429,1,-2.487550253411827,0.5127288048527556,0.0
429,2,0.38525568521538833,1.872289031236221,0.0
429,3,0.07726949091556468,3.2651109361188713,0.0
430,0,0.0,0.0,0.0
430,1,0.8858993883675363,-1.45276295229491,0.0
430,2,-0.4983678462324357,-0.2463768682180285,0.0
430,3,-1.4810250673860408,-0.6779077738866839,0.0
430,4,-0.8148205196012845,-1.8092200811032146,0.0
430,5,-0.876886264816636,-1.936527449733271,0.0
430,6,0.37007364361181594,-1.9099779597404059,0.0
430,7,-3.5230218167458327,1.0564437752892464,0.0
430,8,-6.707887941147482,0.517292222617811,0.0
430,9,-6.447620447241891,-1.3783590735594364,0.0
430,10,-5.49546805847882,1.1085506969135328,0.0
430,11,-5.031986569663491,1.2261078591321708,0.0
430,12,-3.9549306430889644,-0.8231887101536248,0.0
430,13,-2.572017027735149,-3.1961520681040048,0.0
431,0,0.0,0.0,0.0
431,1,0.6109493258670775,1.3728087404864078,0.0
431,2,-0.6915642479107553,-2.029588013609582,0.0
431,3,-1.372430491295401,-5.220070197661328,0.0
431,4,-0.06873008314746953,-5.86772451492269,0.0
432,0,0.0,0.0,0.0
432,1,-0.810715703636818,-0.19727404490092365,0.0
432,2,-1.239468119704941,1.9883458603978483,0.0
432,3,-0.5159598781684234,3.4090936808767647,0.0
433,0,0.0,0.0,0.0
433,1,-1.4216218798214766,0.8680255995835751,0.0
433,2,-1.9659783747519923,-0.08340321042410248,0.0
433,3,-1.9310768855745128,3.0755124363851953,0.0
433,4,-2.7505654090649876,3.2962480210693235,0.0
433,5,-3.1758806393748413,5.904631632802442,0.0
434,0,0.0,0.0,0.0
434,1,0.5262792729399497,0.8860156953547861,0.0
434,2,0.7361682029886862,0.2605201546358016,0.0
435,0,0.0,0.0,0.0
435,1,-1.7974655563444406,-0.089882800365221,0.0
435,2,-2.719887477288535,-0.18424096846149052,0.0
436,0,0.0,0.0,0.0
436,1,2.9334833677517955,1.5648990260175806,0.0
436,2,5.3444542313633,0.9063462980113974,0.0
436,3,7.185574393455902,-0.2765344759389221,0.0
437,0,0.0,0.0,0.0
437,1,2.951866999299276,1.269222853625931,0.0
437,2,3.2759407883108453,5.1950544716716465,0.0
438,0,0.0,0.0,0.0
438,1,-1.07023553924655,-0.38870409437300557,0.0
438,2,-0.30942988793349624,1.1180591623985805,0.0
438,3,-2.7108866527434103,2.141746643593157,0.0
439,0,0.0,0.0,0.0
439,1,-0.9542351130948541,-2.351562304840729,0.0
439,2,1.3145781471214972,-2.938643333223442,0.0
440,0,0.0,0.0,0.0
440,1,0.11887874794044356,1.1162503364453351,0.0
440,2,0.046448865700023545,1.340726226242285,0.0
440,3,1.3191125267968262,-0.735644667852112,0.0
441,0,0.0,0.0,0.0
441,1,0.6314387921931987,-0.128661370099028,0.0
441,2,-2.846060674104605,-1.0941921950835831,0.0
441,3,-2.5957082977357944,0.8241295574497642,0.0
441,4,-2.3879401380960243,-1.0982606889207998,0.0
442,0,0.0,0.0,0.0
442,1,-0.7092166983124923,-0.2737520186715916,0.0
442,2,0.17309115190558977,0.1237486758191515,0.0
442,3,1.2086485232581758,0.1912145341689051,0.0
442,4,1.0519488077423846,0.049859796539220236,0.0
442,5,1.7195329924066103,0.6934790897902936,0.0
442,6,1.471629816889747,-0.5819260233883186,0.0
442,7,-1.9818308630496588,-1.0480929634544498,0.0
443,0,0.0,0.0,0.0
443,1,-0.28631559972805665,-0.6547751941724436,0.0
443,2,0.9747505347119283,-0.876555476699532,0.0
444,0,0.0,0.0,0.0
444,1,-0.7385332499697187,0.14413661609160522,0.0
444,2,0.6498098041826798,0.780777283406599,0.0
445,0,0.0,0.0,0.0
445,1,2.1773193140754517,-1.0446461242859801,0.0
445,2,1.8561409090862295,-1.1750450975836972,0.0
446,0,0.0,0.0,0.0
446,1,-0.6184541498291024,2.9130318537562294,0.0
446,2,0.3293234757357184,1.1440835409164913,0.0
447,0,0.0,0.0,0.0
447,1,1.3635972323563328,-0.9159794765268413,0.0
447,2,0.8988902659599312,-2.2838631993146823,0.0
447,3,4.464762249160064,-2.3211435268046596,0.0
448,0,0.0,0.0,0.0
448,1,-0.5928722924293539,0.22626072563193,0.0
448,2,-1.0897983879966229,-0.5624277815634837,0.0
449,0,0.0,0.0,0.0
449,1,0.5477151518364597,-1.363960551560309,0.0
449,2,0.6594177040254264,-1.5773615669865788,0.0
450,0,0.0,0.0,0.0
450,1,-1.6676905275305056,3.270554901428515,0.0
450,2,-0.13319133101398473,3.0417220791803676,0.0
450,3,0.1452599100284826,1.5196342358338062,0.0
450,4,0.15545424372302596,1.9096809765380072,0.0
451,0,0.0,0.0,0.0
451,1,0.7288150555000321,1.9105751566985552,0.0
451,2,3.5955320306468663,-0.07288944048924184,0.0
452,0,0.0,0.0,0.0
452,1,-3.2665938602076428,0.26034442876882036,0.0
452,2,-3.779667225410523,0.6626746741117722,0.0
452,3,-1.7349321030211657,-0.4033183143137866,0.0
453,0,0.0,0.0,0.0
453,1,1.6613545208700686,-1.8071798782325958,0.0
453,2,0.47344604504283694,-3.5473899941383293,0.0
454,0,0.0,0.0,0.0
454,1,0.7451371682513566,-0.04493541227499742,0.0
454,2,1.4451268048050583,1.294529071846047,0.0
455,0,0.0,0.0,0.0
455,1,0.8628504141395972,-0.909396472605307,0.0
455,2,-0.1549508780987221,0.19983574680590072,0.0
455,3,-1.471270089485366,-0.037869014134652434,0.0
456,0,0.0,0.0,0.0
456,1,2.096845553158038,0.6970983269723676,0.0
456,2,3.1052216207934125,0.7320201276956346,0.0
456,3,5.136539196178635,-2.43163425788277,0.0
457,0,0.0,0.0,0.0
457,1,1.312581943573289,1.1012179317221857,0.0
457,2,1.3742133354626713,2.913180800854941,0.0
457,3,1.0109491050514587,4.132483737854455,0.0
458,0,0.0,0.0,0.0
458,1,-0.24446949631285075,-0.3585239409477048,0.0
458,2,0.8096513704657313,-3.4119283340493705,0.0
458,3,-0.7728446633542558,-5.390310909271604,0.0
458,4,1.392327586055855,-6.349578387979123,0.0
458,5,4.416689073923077,-6.144359151525114,0.0
459,0,0.0,0.0,0.0
459,1,0.4347019042281104,1.740006175186911,0.0
459,2,0.37385152415804346,1.658836399145446,0.0
459,3,-2.370676061639319,3.502527777687109,0.0
460,0,0.0,0.0,0.0
460,1,-1.4540166815232367,0.8911570916537425,0.0
460,2,-1.02679290062417,-0.7688897792766646,0.0
460,3,-2.3431962481054116,-0.33437226888540916,0.0
460,4,-3.6212504668933208,-1.9526777345794843,0.0
461,0,0.0,0.0,0.0
461,1,0.6510618511250302,1.1167099598803112,0.0
461,2,0.2668512180892749,1.2399239415376646,0.0
461,3,-1.8260399034896166,1.1251383497836362,0.0
461,4,-2.299346532688338,-0.7565089790675281,0.0
462,0,0.0,0.0,0.0
462,1,0.030613149393554195,-0.4817439661982643,0.0
462,2,-0.892503927723103,-1.3572210650292857,0.0
462,3,-3.235030261192272,-1.2313977018218563,0.0
462,4,-3.6332828909841037,-0.2814244949191502,0.0
462,5,-2.86772688939112,0.6303947252513271,0.0
463,0,0.0,0.0,0.0
463,1,1.9574855984759576,-0.7820261436186215,0.0
463,2,2.98227257661853,-0.04797948158425758,0.0
464,0,0.0,0.0,0.0
464,1,3.1419546821206703,0.7528990804095493,0.0
464,2,2.3446611087606586,2.0273648045070645,0.0
464,3,3.161198972393965,4.1244964795849945,0.0
464,4,3.23921430637502,4.4318566441092155,0.0
464,5,4.571213178263106,5.820043562407643,0.0
464,6,4.189623898501384,4.398763277763141,0.0
464,7,2.9177214031641885,5.62858905396622,0.0
464,8,4.2957442777483905,5.4656860941709855,0.0
465,0,0.0,0.0,0.0
465,1,-0.5332216721600851,-0.5328535871288632,0.0
465,2,-2.828956619569944,0.35862055035900264,0.0
466,0,0.0,0.0,0.0
466,1,4.976266592300075,1.4608588258715136,0.0
466,2,4.202117522808416,-0.002006201917820638,0.0
467,0,0.0,0.0,0.0
467,1,-1.1243205301174695,-0.5010324293285588,0.0
467,2,-0.8076268435065623,3.0491166808985244,0.0
468,0,0.0,0.0,0.0
468,1,-0.02962412746777865,-2.2283523233720346,0.0
468,2,-2.516215614652305,-2.825541461383597,0.0
468,3,-2.3137699552646662,-4.117799809820323,0.0
468,4,-2.163120287235375,-3.497233718447708,0.0
469,0,0.0,0.0,0.0
469,1,-0.4172822078932943,3.8439777690985517,0.0
469,2,0.5327143253013549,4.864047883812778,0.0
469,3,-2.1813782969057733,4.531782131236135,0.0
470,0,0.0,0.0,0.0
470,1,2.1053906462632237,0.44501774525607807,0.0
470,2,3.8130421339586418,-0.4900677204439443,0.0
470,3,3.47918864697475,2.1799007903096475,0.0
470,4,4.393874358447592,4.007439175094013,0.0
471,0,0.0,0.0,0.0
471,1,3.0390634745679566,-1.163828629070302,0.0
471,2,2.0774228236203274,-2.024658752771882,0.0
472,0,0.0,0.0,0.0
472,1,-0.8340008698058257,0.6727175780522099,0.0
472,2,-1.6729275299237976,1.518535443099212,0.0
472,3,-2.3946442241935513,1.170924901428546,0.0
472,4,-3.901052356808925,0.5517682821701064,0.0
473,0,0.0,0.0,0.0
473,1,-0.7690749888358424,-0.14253874749989906,0.0
473,2,0.1274291394119249,-0.8434838084730316,0.0
473,3,2.0704687200869674,-0.8065085967326109,0.0
473,4,3.9319634830252346,-1.6432659000566754,0.0
473,5,1.6261540912664347,-1.3135945412680314,0.0
473,6,-0.7114701011441475,-1.008956321206369,0.0
473,7,1.30672785162893,0.5343542935634404,0.0
474,0,0.0,0.0,0.0
474,1,0.6797474760409754,-0.5281757525343643,0.0
474,2,0.291960311623344,0.6544591545110333,0.0
475,0,0.0,0.0,0.0
475,1,-1.2100484941482086,-2.17658892455554,0.0
475,2,-2.6533648345482734,-3.1474826073486515,0.0
475,3,-3.968940928229001,-4.386325896710564,0.0
476,0,0.0,0.0,0.0
476,1,0.2586877729654077,-0.7772863340927988,0.0
476,2,0.4777020362200487,-0.28798866489700714,0.0
476,3,1.0577502000600818,2.1693893055453253,0.0
476,4,0.16354228974376228,2.171961188180333,0.0
477,0,0.0,0.0,0.0
477,1,1.9667659824905517,-0.8213690994181716,0.0
477,2,-0.5761103297566991,-0.296721825991765,0.0
478,0,0.0,0.0,0.0
478,1,2.6782412970021277,0.45636231214885603,0.0
478,2,2.774678623625524,0.23333113203919975,0.0
479,0,0.0,0.0,0.0
479,1,-1.4881020251851405,-0.44650671814733944,0.0
479,2,-1.743221567307365,0.746141046066473,0.0
480,0,0.0,0.0,0.0
480,1,-0.7603106121769487,0.7917627807846473,0.0
480,2,-0.24736116029884103,1.0915292547630155,0.0
481,0,0.0,0.0,0.0
481,1,1.1508323380046261,1.3358742183608003,0.0
481,2,2.1033787241694535,-0.5649604412397158,0.0
481,3,2.458479918131534,-0.511454728488397,0.0
481,4,2.9230296536796656,1.3245473356986535,0.0
481,5,2.2345736843592148,2.3619788981766483,0.0
481,6,1.4316365540898872,3.7307450321654647,0.0
482,0,0.0,0.0,0.0
482,1,1.0491879731072395,0.518398342182451,0.0
482,2,-0.09202444741225602,1.1268654697861933,0.0
482,3,0.0038459167672155736,0.9619657107391651,0.0
482,4,-0.4034139815306128,1.7774940545043616,0.0
482,5,-0.19477030877216883,1.0061934633480638,0.0
483,0,0.0,0.0,0.0
483,1,-1.9456665390545167,-1.6225833765947237,0.0
483,2,-1.9246088797258896,-2.222842563972877,0.0
483,3,-1.4731755092406633,-0.5373799236141075,0.0
484,0,0.0,0.0,0.0
484,1,-1.6659753854774193,2.454107717171699,0.0
484,2,-3.5830711163000877,3.0745387604266505,0.0
485,0,0.0,0.0,0.0
485,1,-0.33483401665660883,-1.967772271372757,0.0
485,2,-2.407150474769305,-1.5777056906721059,0.0
486,0,0.0,0.0,0.0
486,1,0.8730676979603139,0.1569297918175223,0.0
486,2,2.7655440943784315,-0.6741952466828394,0.0
486,3,4.39135381733741,0.06903856160342525,0.0
486,4,6.196217309055126,-1.0367275063274202,0.0
487,0,0.0,0.0,0.0
487,1,-1.8919481837215615,1.1856811046053821,0.0
487,2,-4.005953283957457,0.1446182086931238,0.0
488,0,0.0,0.0,0.0
488,1,1.0514858493720676,0.5314805979037486,0.0
488,2,1.478688063341537,1.3655734329599083,0.0
489,0,0.0,0.0,0.0
489,1,-1.3811063940289996,-0.42665410442328394,0.0
489,2,-2.4748421335004838,-1.5789961006680535,0.0
489,3,-1.210081008380263,-0.7996411336897675,0.0
489,4,-1.437475314797076,-0.9612689154731615,0.0
490,0,0.0,0.0,0.0
490,1,0.7353718259023019,0.6005772480551279,0.0
490,2,-0.7329619934398344,0.7852823197432532,0.0
490,3,-1.7642604116488458,2.003774588819219,0.0
491,0,0.0,0.0,0.0
491,1,-3.0936637015389588,0.2306017022611726,0.0
491,2,-2.2336596509871347,0.10658117418098567,0.0
492,0,0.0,0.0,0.0
492,1,-1.7809714719269556,-0.6692230868709688,0.0
492,2,-2.9307112264773334,-1.2474578292801837,0.0
492,3,-1.9434528247217158,-1.5858509491225317,0.0
493,0,0.0,0.0,0.0
493,1,-0.2291343705704906,0.18562643025480874,0.0
493,2,0.15669631398236927,1.0494202330072882,0.0
494,0,0.0,0.0,0.0
494,1,-0.5314505301192405,0.0704356903148522,0.0
494,2,-2.23139473739811,-0.10370359293815778,0.0
495,0,0.0,0.0,0.0
495,1,1.0184751165451709,-2.7535609293671075,0.0
495,2,0.30004651523634296,-5.323480448544345,0.0
495,3,-1.145126304558374,-3.585298729750323,0.0
495,4,-2.15761415618857,-4.555500522000174,0.0
496,0,0.0,0.0,0.0
496,1,-0.46909153819810867,-2.865595926851598,0.0
496,2,-1.0800343639345549,-5.341745294442428,0.0
496,3,0.11052398881913184,-4.428992478359318,0.0
497,0,0.0,0.0,0.0
497,1,-2.6481156576576534,0.528641736649659,0.0
497,2,-2.3083573542012816,-0.30047772276390505,0.0
497,3,-2.921557957035315,0.22692401854517685,0.0
497,4,-2.4319810789659004,1.0698485590348619,0.0
497,5,-2.6977199850833773,1.6391789767157339,0.0
497,6,-4.715855592639445,3.6777552535814437,0.0
497,7,-3.4863302387031627,3.8596815775789373,0.0
498,0,0.0,0.0,0.0
498,1,0.3455468551055776,-0.8821080134878914,0.0
498,2,1.4291424012500311,-0.3110239724043211,0.0
499,0,0.0,0.0,0.0
499,1,-0.9993197476034086,-0.10919997998677955,0.0
499,2,-0.028975023389989862,0.7165836918137806,0.0
500,0,0.0,0.0,0.0
500,1,-0.7554330680823067,-1.6604153448813572,0.0
500,2,-3.3689701396992913,-1.5065996697858415,0.0
501,0,0.0,0.0,0.0
501,1,-2.2862393989676297,1.4141153789797063,0.0
501,2,-2.7830048617984016,-2.4393192148720804,0.0
502,0,0.0,0.0,0.0
502,1,-3.1028642274307874,-1.47498930682042,0.0
502,2,-2.6442849529820807,-0.9490530858679489,0.0
502,3,-3.8028445340443042,-1.4070248986487934,0.0
503,0,0.0,0.0,0.0
503,1,0.5800265711195172,0.19836387343395112,0.0
503,2,-1.1981307352138295,-0.8736729331518224,0.0
504,0,0.0,0.0,0.0
504,1,-0.062004988278086204,-0.5653304093746087,0.0
504,2,1.4260607735490662,1.034351191664018,0.0
504,3,1.9669086293999383,2.0557176106687236,0.0
504,4,1.6264174490015375,3.6460170942929215,0.0
504,5,2.005876063441098,4.226108299718548,0.0
504,6,3.0183171156501496,4.154979713899785,0.0
505,0,0.0,0.0,0.0
505,1,-2.627124554210242,2.4678897959923862,0.0
505,2,-2.370768499988468,3.759278020619809,0.0
505,3,-1.4459702518133652,-0.6284876798301011,0.0
505,4,-4.225267203482385,-1.2238590575094004,0.0
506,0,0.0,0.0,0.0
506,1,-3.378476019928449,1.8473702339521758,0.0
506,2,-3.335565588522674,1.5270366133427713,0.0
506,3,-3.7623935515559532,4.993481593487627,0.0
506,4,-4.28808200571541,3.186799712910134,0.0
506,5,-5.439396616997698,2.9601966751319244,0.0
506,6,-6.752752602250635,3.020670322745989,0.0
506,7,-6.467366874377875,2.241347309016266,0.0
507,0,0.0,0.0,0.0
507,1,-0.8520230283686347,-0.12488368902333935,0.0
507,2,-2.917937039245868,-0.29022908272649706,0.0
507,3,-0.6966845462134519,-1.083699656618157,0.0
508,0,0.0,0.0,0.0
508,1,-0.47003460674391373,0.0049242279319553495,0.0
508,2,-1.6884893167762058,-1.127527188923573,0.0
509,0,0.0,0.0,0.0
509,1,-2.2259862190488517,-1.1562006116789858,0.0
509,2,-2.730947248222758,-1.3355212574130182,0.0
510,0,0.0,0.0,0.0
510,1,-0.6429984199076224,0.7917931350218889,0.0
510,2,-1.1649468613439502,2.1680207371461155,0.0
511,0,0.0,0.0,0.0
511,1,-2.3617441478799965,2.499195369037869,0.0
511,2,-0.32928541953665613,2.4659530048759812,0.0
512,0,0.0,0.0,0.0
512,1,0.06350604400571447,0.548847703589408,0.0
512,2,-1.771377826281131,-2.1247112413475246,0.0
512,3,-4.427168360087993,-0.018780874729250163,0.0
512,4,-4.93921646768917,1.2998548468588804,0.0
512,5,-6.29168048580892,1.4526523234334827,0.0
512,6,-4.193549724410749,1.2829224789258382,0.0
513,0,0.0,0.0,0.0
513,1,1.9180412395841488,-4.434308538171803,0.0
513,2,0.4096226040424499,-6.2055011752884965,0.0
513,3,-1.1009565811382735,-6.641554024744001,0.0
513,4,1.2379381212121583,-5.62983173465638,0.0
513,5,4.146478888203876,-3.171595480535551,0.0
513,6,5.389815603805516,-3.8417919425768927,0.0
513,7,5.709157256470666,-2.4093392446493604,0.0
513,8,5.908342431126394,-3.1349496962992447,0.0
514,0,0.0,0.0,0.0
514,1,-2.760443345266646,2.1044508633517007,0.0
514,2,-2.439388802566232,2.568772254963055,0.0
514,3,1.074156149842627,3.641405644689141,0.0
515,0,0.0,0.0,0.0
515,1,0.46683984457389727,-1.5840900120854127,0.0
515,2,1.320070098443646,0.6399051549429216,0.0
516,0,0.0,0.0,0.0
516,1,-1.7277291476189156,-0.23979348651361454,0.0
516,2,-1.5525634869638985,-1.456309515247384,0.0
517,0,0.0,0.0,0.0
517,1,-0.34595602525045444,-0.41678848193563817,0.0
517,2,0.45368047190515337,-2.458726624395316,0.0
517,3,0.9556943292700161,-3.9871544623560315,0.0
517,4,2.924663346132298,-2.883531538153251,0.0
517,5,0.12295990886304675,-2.1088074254892066,0.0
517,6,-0.2064480700697967,-1.640798400835284,0.0
517,7,0.9513907736000006,-0.4905613745198058,0.0
518,0,0.0,0.0,0.0
518,1,1.9800661903380803,-1.4489377187372041,0.0
518,2,1.9269168613222374,-0.18835960163736276,0.0
519,0,0.0,0.0,0.0
519,1,1.7658456789015426,-2.7246860539418547,0.0
519,2,2.104947118785778,-1.987005074814959,0.0
520,0,0.0,0.0,0.0
520,1,-0.781267999564006,-0.036292280574329094,0.0
520,2,-2.068495431680397,1.7973465858382578,0.0
521,0,0.0,0.0,0.0
521,1,0.782700486064548,-2.500674157676188,0.0
521,2,2.337736951350196,-4.252528267616961,0.0
521,3,2.3367592019220167,-5.442317739885029,0.0
521,4,1.5864483953143673,-4.409513880314094,0.0
521,5,1.4118734172578904,-3.8530868055910594,0.0
521,6,2.4060840851475453,-1.8597900681095196,0.0
521,7,1.2907610858894232,-1.2017388690051978,0.0
522,0,0.0,0.0,0.0
522,1,-2.598275651742943,0.7034380290225305,0.0
522,2,-4.530113098162728,-0.6638107500105314,0.0
523,0,0.0,0.0,0.0
523,1,1.5543936483220722,0.31299331929889296,0.0
523,2,1.8145508082308504,-0.4558853728639022,0.0
524,0,0.0,0.0,0.0
524,1,-0.9372851291734192,0.15759144012397308,0.0
524,2,0.3374546687004467,-2.2882122586746583,0.0
524,3,0.2260106149187613,0.944886515242523,0.0
525,0,0.0,0.0,0.0
525,1,-2.4192227338939407,1.5295975713386112,0.0
525,2,-2.3831917318822367,2.4901492313891502,0.0
525,3,-1.3408885649371427,3.2485085275765178,0.0
526,0,0.0,0.0,0.0
526,1,1.463018395604664,1.661007157958346,0.0
526,2,-0.7726556477010291,3.910439327902814,0.0
527,0,0.0,0.0,0.0
527,1,1.5398556601673004,-1.0048198746554828,0.0
527,2,0.31531713275413464,0.804147604572401,0.0
527,3,-1.5307907166575934,2.0398000033792067,0.0
527,4,-1.9941855736611815,3.4730374201453142,0.0
527,5,-5.082345522238347,2.8673823960845963,0.0
527,6,-4.254273030424741,3.419530878247917,0.0
528,0,0.0,0.0,0.0
528,1,0.5998986220233985,0.5332597480529317,0.0
528,2,2.2426229790224643,2.510083034256264,0.0
529,0,0.0,0.0,0.0
529,1,2.342469162146753,-2.322925445291978,0.0
529,2,4.629240455807932,-1.7167626872938608,0.0
530,0,0.0,0.0,0.0
530,1,0.9307982610223028,-1.8859751622225776,0.0
530,2,1.4830664117258912,-3.37506634215384,0.0
531,0,0.0,0.0,0.0
531,1,-1.0665843879368093,-1.2156538543366588,0.0
531,2,0.0672389386048004,-2.736730760045581,0.0
531,3,0.5637414202123656,-3.5071404839137825,0.0
531,4,-0.8821216758547776,-3.6446465524821154,0.0
531,5,-0.8641007890929988,-2.673461885870418,0.0
532,0,0.0,0.0,0.0
532,1,0.06144572156629691,-0.9046965536006791,0.0
532,2,1.8781083260319362,-0.36447781509565014,0.0
533,0,0.0,0.0,0.0
533,1,2.135209366245448,0.020356488315121712,0.0
533,2,0.8585893714703536,0.5603089264198355,0.0
534,0,0.0,0.0,0.0
534,1,1.145959187565631,-1.460053111384053,0.0
534,2,0.6376352950537858,0.38647926517440767,0.0
534,3,0.3049733116177702,-0.13147664663166347,0.0
534,4,-1.0466177693996757,-0.6320002396469473,0.0
534,5,-0.9247765772165728,-0.23982142839494142,0.0
534,6,-1.7671111118756204,-0.19555906987449917,0.0
534,7,-0.8720059166760445,0.1481780379377492,0.0
534,8,-1.1640817240667019,-0.07732797120384703,0.0
534,9,-3.3497023364723075,2.543096246501972,0.0
535,0,0.0,0.0,0.0
535,1,-0.3704145742425431,1.1976151922105518,0.0
535,2,-1.3920842372707072,1.2122068966734005,0.0
535,3,-0.4429356135752158,0.25852796170771475,0.0
535,4,-1.7448567262517853,0.4387207077817932,0.0
536,0,0.0,0.0,0.0
536,1,-0.4207809143355026,-1.2753009077826056,0.0
536,2,-1.0826204461302353,-1.0284194913601739,0.0
536,3,0.39222486370633636,-0.7165089887577633,0.0
537,0,0.0,0.0,0.0
537,1,0.07636395264148577,-0.728868166896346,0.0
537,2,1.030879719991433,-2.7682793265029004,0.0
537,3,0.6851188566740807,-3.4382788125411725,0.0
537,4,1.7029329941269489,-5.367757195351331,0.0
537,5,3.118240097654277,-2.306901047848438,0.0
538,0,0.0,0.0,0.0
538,1,-0.14595407630760704,0.39677492880031295,0.0
538,2,0.08242668026104227,-0.13893712163781258,0.0
539,0,0.0,0.0,0.0
539,1,-1.8605405117328044,-1.988834705627312,0.0
539,2,-0.44351988155094313,-3.3343372702109773,0.0
540,0,0.0,0.0,0.0
540,1,0.7437928129527909,0.1439181378894332,0.0
540,2,-0.3913519094334357,1.1525054345766228,0.0
540,3,-0.5718101279193695,0.2217499751929366,0.0
540,4,0.7554117605546786,3.204449062543847,0.0
540,5,0.7926778891527237,2.394540139174393,0.0
541,0,0.0,0.0,0.0
541,1,-2.1201588463103027,2.047486395947611,0.0
541,2,-3.494093802194639,4.1028091106258895,0.0
541,3,-6.558821138093014,2.9067836674868315,0.0
541,4,-8.261980334846964,2.2910991018679763,0.0
541,5,-10.914522119249815,1.5206009313971536,0.0
541,6,-8.661732361774884,-0.18192409543901278,0.0
541,7,-7.964550805261684,-1.1254335690677049,0.0
541,8,-8.648544354406948,-1.4521431326735463,0.0
541,9,-7.020307632325669,-0.548789414756856,0.0
541,10,-6.176780954387432,-0.20931181399602894,0.0
541,11,-6.314250794408928,-0.22512267512373307,0.0
541,12,-6.998861434101016,0.08647903653800126,0.0
542,0,0.0,0.0,0.0
542,1,1.0763974329065262,0.3135231726262895,0.0
542,2,-0.039813983994298585,-0.06372348718339038,0.0
542,3,2.2972329112284564,-3.2156335122311015,0.0
542,4,1.2796753317755276,-4.799754504366149,0.0
543,0,0.0,0.0,0.0
543,1,-1.4000377723923418,1.4979313726740917,0.0
543,2,-2.2375760466229346,5.034466848962348,0.0
544,0,0.0,0.0,0.0
544,1,0.9282007716798749,1.8045708627801904,0.0
544,2,-1.8797172747728934,3.0760663866622364,0.0
544,3,-2.2333924256315614,0.7985195484344842,0.0
544,4,-1.0188148698102395,0.7628857222651613,0.0
544,5,-0.9791808543242533,0.00048564276345786084,0.0
544,6,0.6301460776262955,1.1108096180373774,0.0
544,7,0.6161700038175739,1.8775180785375376,0.0
544,8,-0.8000685897328303,1.9125189083615064,0.0
544,9,-0.8230414794188785,0.6934176276184854,0.0
544,10,0.2162672486833075,1.8474687912432648,0.0
545,0,0.0,0.0,0.0
545,1,-1.251939484473826,0.948909291798399,0.0
545,2,0.9831397902090391,-1.4612593489079757,0.0
546,0,0.0,0.0,0.0
546,1,-0.9687283330353833,1.6147766948214117,0.0
546,2,0.061573813060422256,3.128952923849912,0.0
546,3,-0.46244102081219024,3.1423408629787435,0.0
546,4,-2.2732161883194113,2.1497934728452144,0.0
546,5,-2.8101244152138554,2.7593598799101153,0.0
546,6,-2.481336120330248,2.8655886694770665,0.0
546,7,-3.654205737509629,1.8202678936047794,0.0
546,8,-4.842742546637934,2.960423687213649,0.0
546,9,-5.191358720818341,1.9773861187099768,0.0
546,10,-4.46784303657005,2.697589671698183,0.0
546,11,-7.3555456913892945,2.5251547365554767,0.0
546,12,-9.634688062841265,3.7410277683047752,0.0
547,0,0.0,0.0,0.0
547,1,0.7719831482033973,-0.3730275983720299,0.0
547,2,-0.7732679657054135,-0.5164139599669957,0.0
547,3,-0.1549577433401902,-1.3051021412093853,0.0
547,4,-1.4691858034904786,-1.5251846921362349,0.0
548,0,0.0,0.0,0.0
548,1,2.030071674464854,-2.8395531830110237,0.0
548,2,1.2973737150820122,-1.484468934785169,0.0
548,3,2.8424266598631793,-3.4050863872720463,0.0
549,0,0.0,0.0,0.0
549,1,-0.9515075074754108,3.1091276926555347,0.0
549,2,-2.632266267894678,2.9899801589570227,0.0
549,3,-1.9922885325574236,3.242441973677683,0.0
549,4,-1.054350166642786,4.697794379762553,0.0
549,5,-0.9477869733664542,6.3013743761751835,0.0
549,6,-0.1948288609859133,6.304061493009918,0.0
549,7,0.440233595175985,9.894699461141528,0.0
549,8,-0.627186245333663,11.059400102335706,0.0
550,0,0.0,0.0,0.0
550,1,1.5663486902386505,0.08117932236263603,0.0
550,2,-0.9140265485318497,-1.393867056605703,0.0
550,3,-1.753645290821944,-2.0438381062322954,0.0
551,0,0.0,0.0,0.0
551,1,-0.6547055613000534,-0.5442055728330639,0.0
551,2,-1.1993146076065422,-0.590189091674937,0.0
552,0,0.0,0.0,0.0
552,1,-1.9191035812592632,0.5894147792674572,0.0
552,2,-1.426407180645115,3.2011781722063697,0.0
552,3,-0.1223463925951247,3.3762792837367455,0.0
552,4,-1.1839109399871304,2.804935737407506,0.0
552,5,-1.674265742705265,3.424950586633999,0.0
552,6,-2.262025779519226,4.465690595056428,0.0
552,7,-0.9688163636949838,4.983344435332343,0.0
552,8,-0.7139691001228297,4.27523861995969,0.0
552,9,-0.3224088329300967,4.048983286193143,0.0
552,10,1.6787451271950884,6.774197632050737,0.0
552,11,1.282711035987314,4.360844884974688,0.0
553,0,0.0,0.0,0.0
553,1,-0.1585920178043857,0.14679965145486396,0.0
553,2,-2.6007195544554422,0.7332945722470725,0.0
554,0,0.0,0.0,0.0
554,1,-0.6699497442258464,0.7189320143672462,0.0
554,2,0.3080689480975063,-2.194353801552174,0.0
554,3,0.04218431310686355,-1.357194858163588,0.0
554,4,-0.6918613010812853,1.9134125688585901,0.0
554,5,-1.0628423666361846,0.856616762691901,0.0
554,6,0.6621483664703993,2.9457621554643914,0.0
555,0,0.0,0.0,0.0
555,1,0.48137634480113767,-0.5682369379334791,0.0
555,2,-1.752964975425454,0.08032386079769224,0.0
555,3,-1.9889231737312572,1.1584466228149535,0.0
556,0,0.0,0.0,0.0
556,1,0.0212478894409327,0.14300306411340497,0.0
556,2,2.4383989317834756,0.4959429743743589,0.0
556,3,2.9485580162741263,-2.5213504012142334,0.0
556,4,3.951583379603048,-1.4755033078197017,0.0
556,5,3.3549654289228705,-2.549231420847203,0.0
557,0,0.0,0.0,0.0
557,1,0.6817472224365019,-2.127920837888291,0.0
557,2,-1.279260209108525,-3.6800215017070848,0.0
557,3,0.11519328445072652,-4.967962547150613,0.0
558,0,0.0,0.0,0.0
558,1,0.33873336129443166,-2.1345721664642014,0.0
558,2,0.6966245390488817,-3.6352341036732585,0.0
559,0,0.0,0.0,0.0
559,1,1.6052655925277237,1.3972214871697257,0.0
559,2,1.3454667551863555,1.0420648045996959,0.0
559,3,2.373932571174815,1.7891095169391171,0.0
559,4,1.7984826078968574,1.1584671458426912,0.0
560,0,0.0,0.0,0.0
560,1,-1.1540296880382654,1.6223293303682005,0.0
560,2,-2.3631013407346955,2.021317688601069,0.0
561,0,0.0,0.0,0.0
561,1,1.4970580095742292,-2.0748116506725265,0.0
561,2,-0.24695181850159642,-0.7475629696437183,0.0
561,3,-2.014755733332119,-0.9532890945059349,0.0
562,0,0.0,0.0,0.0
562,1,-1.5467780879178707,-4.3179236182008065,0.0
562,2,-1.9233476471271134,-4.47719791904018,0.0
563,0,0.0,0.0,0.0
563,1,-2.8056935859714973,2.3235172652311085,0.0
563,2,-3.9727649615990757,4.17213090174385,0.0
563,3,-3.397233142170238,3.5667241797192264,0.0
564,0,0.0,0.0,0.0
564,1,-1.5817325674189182,-3.66078145107568,0.0
564,2,-2.711890379320608,-4.995228293432882,0.0
564,3,-1.8823797361566,-7.448627486195559,0.0
564,4,-1.9886336208104138,-8.51509554951214,0.0
564,5,-1.2928249332877053,-7.014539021081884,0.0
564,6,-0.04074925918676253,-5.697517654629904,0.0
564,7,0.2343966853119278,-8.215999076724746,0.0
565,0,0.0,0.0,0.0
565,1,-0.5051997973285649,-1.6543546267357567,0.0
565,2,-1.1100270214914016,-2.280337140350499,0.0
566,0,0.0,0.0,0.0
566,1,1.6439644759466638,1.5766779816140688,0.0
566,2,3.10908490478581,-0.17788689609335595,0.0
566,3,2.7944864420318414,-2.133306376636779,0.0
567,0,0.0,0.0,0.0
567,1,-1.819404610998003,-0.3695247623374429,0.0
567,2,-2.5161028050554552,-2.4399460642112203,0.0
567,3,-2.828498207891962,-3.4729030010734556,0.0
568,0,0.0,0.0,0.0
568,1,-1.0167639998056837,-1.5956456710364395,0.0
568,2,-0.901325347578545,0.7063819809570332,0.0
568,3,-2.100631551744836,-0.08800360057507872,0.0
568,4,-1.108010261298074,-0.9348955492600101,0.0
568,5,-1.3763896048821769,-1.0963744464111551,0.0
568,6,0.008971598940595071,-0.9940250637592666,0.0
568,7,-1.374082296058488,-1.1709557257054635,0.0
568,8,0.57706796001234,-1.7757914783879878,0.0
568,9,2.713034699900292,-4.002399278574064,0.0
568,10,4.0808271184298395,-6.3538933437157405,0.0
568,11,4.2581235958945856,-7.387312716055364,0.0
568,12,5.457135494450617,-10.511600220821167,0.0
568,13,5.758733444981536,-10.69529763630263,0.0
568,14,2.8311051425589646,-11.130167690824294,0.0
568,15,3.1636430269815103,-12.250170395197927,0.0
568,16,2.6439115259551356,-13.378312161359034,0.0
569,0,0.0,0.0,0.0
569,1,1.6436728938781875,0.8003781647127355,0.0
569,2,1.8554813759621744,0.16608566887658638,0.0
570,0,0.0,0.0,0.0
570,1,1.5870480201492514,3.3024476965523273,0.0
570,2,1.3947364580778188,3.6966432636395226,0.0
570,3,1.2244256429653069,5.482735142606933,0.0
570,4,1.6319166108276613,6.624213674061824,0.0
570,5,0.8621002716791155,7.70180026217256,0.0
570,6,2.034781475133376,8.38015566217841,0.0
571,0,0.0,0.0,0.0
571,1,3.027289632124846,-1.1234350344778117,0.0
571,2,3.763877194405808,-3.5683351573766826,0.0
571,3,3.67228388202868,-3.2657988457857288,0.0
572,0,0.0,0.0,0.0
572,1,-1.2400555898359313,-1.5069252125624806,0.0
572,2,-0.09875627777602802,-4.030668901021163,0.0
573,0,0.0,0.0,0.0
573,1,1.1328437179131554,1.5602311660433748,0.0
573,2,0.013741801936979492,2.7908151199427342,0.0
574,0,0.0,0.0,0.0
574,1,0.49701468093736034,-0.6508691424157788,0.0
574,2,3.348419071941623,-0.20042048550593436,0.0
574,3,3.533708547924496,-0.09196515711520621,0.0
574,4,4.324402051451454,1.5142834578538844,0.0
575,0,0.0,0.0,0.0
575,1,-1.6901023807732736,1.463838242388059,0.0
575,2,-1.2269251213584196,2.0990110642001896,0.0
575,3,-2.8928007221131837,0.9889359020551968,0.0
576,0,0.0,0.0,0.0
576,1,-0.7868475188970038,0.657023032069405,0.0
576,2,-2.6221134451978094,4.423729433374094,0.0
577,0,0.0,0.0,0.0
577,1,-2.0211144554768836,-0.43599950970508017,0.0
577,2,-3.6569773431352965,-2.0430052288998914,0.0
578,0,0.0,0.0,0.0
578,1,0.07234934713050796,0.2245893084263737,0.0
578,2,-0.8847414551937769,0.7914829618704589,0.0
578,3,-2.998832925977198,-0.31871789948368257,0.0
578,4,-3.229970911427612,-0.6146716676590307,0.0
578,5,-3.15064127949462,-1.7946334653057243,0.0
578,6,-4.163443377876943,-0.9028223458176523,0.0
579,0,0.0,0.0,0.0
579,1,0.2892730735492516,0.2726863482956121,0.0
579,2,1.4757896189373705,-0.5770271019243003,0.0
580,0,0.0,0.0,0.0
580,1,0.9888898463078043,1.2279422085368141,0.0
580,2,2.5618269229963326,-1.120087123973521,0.0
580,3,2.880078851025574,-2.568232757331902,0.0
580,4,2.8338442293189976,-1.3498613349617292,0.0
580,5,6.321719192876522,-1.594049298591596,0.0
580,6,6.959419291467972,-1.174760388487179,0.0
581,0,0.0,0.0,0.0
581,1,1.7429122177366978,0.9571138382592498,0.0
581,2,2.2608114192228466,2.297270073045717,0.0
581,3,0.10755740807763897,2.8721288389437203,0.0
581,4,1.7584710351052717,2.111713665962019,0.0
581,5,2.258229820351393,0.7100936265097672,0.0
582,0,0.0,0.0,0.0
582,1,-0.9023389407070338,-0.3591160087429401,0.0
582,2,-0.7805034285825594,-3.1385711329401698,0.0
582,3,-3.304141889383601,-5.475592705187434,0.0
582,4,-4.05081554330002,-6.214835503202592,0.0
583,0,0.0,0.0,0.0
583,1,-0.39148070919972766,-0.33009302975475874,0.0
583,2,-0.5195748575651233,1.326621960255372,0.0
584,0,0.0,0.0,0.0
584,1,-0.8564999721586274,0.13445911178036396,0.0
584,2,-0.2941582006313068,1.0198105573641238,0.0
584,3,0.02564520252183289,2.229734676939186,0.0
584,4,-0.7793047377174828,3.800935036736237,0.0
584,5,-2.106942112663358,2.8854990896365025,0.0
584,6,-2.3507240478900915,1.9259973438425424,0.0
585,0,0.0,0.0,0.0
585,1,2.114544516854009,-1.8466042645994847,0.0
585,2,1.7476071486128508,-1.7182684633320875,0.0
585,3,1.6947386224924235,-3.1053519218909162,0.0
585,4,-1.4376873344837273,-1.8025339230757482,0.0
586,0,0.0,0.0,0.0
586,1,-0.04590730717721181,-0.2731001196669214,0.0
586,2,-1.2112200538176865,1.2117362308801443,0.0
587,0,0.0,0.0,0.0
587,1,2.184409001503243,0.7120517382606052,0.0
587,2,3.8109686477493736,-0.7098943635715541,0.0
588,0,0.0,0.0,0.0
588,1,-0.01907306159501898,-1.4080295065996706,0.0
588,2,0.6629961105638595,-1.2341815016386537,0.0
588,3,-0.530674145427404,0.6285284914323617,0.0
588,4,0.21245574352079405,-0.02175706078352535,0.0
589,0,0.0,0.0,0.0
589,1,0.09261448090104851,0.02141616718762218,0.0
589,2,-0.3323202347269485,0.6094606723851319,0.0
589,3,-0.8255484469297973,3.3560934903240285,0.0
589,4,-2.952290971995728,3.8255559187789787,0.0
589,5,-4.833070278209542,5.554870592820227,0.0
589,6,-7.615331575166333,7.698987037539843,0.0
590,0,0.0,0.0,0.0
590,1,-0.616467230081057,0.3113106772356784,0.0
590,2,-2.626954842960083,-1.919131631993864,0.0
591,0,0.0,0.0,0.0
591,1,-2.947466563900194,-0.6300502408367232,0.0
591,2,-1.8296259245665514,-1.6147372953969752,0.0
591,3,-2.5092690154401054,-3.0897997483672492,0.0
591,4,-2.0433683681298658,-1.4975261622671052,0.0
591,5,-2.815676524710179,-1.1013521138885913,0.0
592,0,0.0,0.0,0.0
592,1,1.6625470944138823,2.0861163665020306,0.0
592,2,-0.6699029185918952,3.4531358268086545,0.0
592,3,-1.1108340511249046,1.8183619544792857,0.0
593,0,0.0,0.0,0.0
593,1,-0.9433854342836688,-0.09835680927796253,0.0
593,2,0.41572190172964973,-0.7592400396494687,0.0
593,3,2.7545949134341075,-1.9424670888427087,0.0
593,4,3.115025459194358,2.1175551819195597,0.0
593,5,3.4088750936326857,1.049508704561324,0.0
594,0,0.0,0.0,0.0
594,1,0.6780863699320856,1.861797171349662,0.0
594,2,-0.2924749346918023,1.3275003406203714,0.0
594,3,0.14437099423951416,2.1841269110716572,0.0
595,0,0.0,0.0,0.0
595,1,0.1615075841718352,-0.636052338296778,0.0
595,2,0.7187981970109907,1.051240688818456,0.0
596,0,0.0,0.0,0.0
596,1,-2.601389310549942,1.2421575519887842,0.0
596,2,-5.130939572164603,1.478059802274891,0.0
596,3,-7.397415239615462,-0.48318539032892804,0.0
597,0,0.0,0.0,0.0
597,1,1.972909609319822,3.2674692604797166,0.0
597,2,4.399056736336883,3.443308815754139,0.0
597,3,3.6340212126609437,2.917635597621314,0.0
597,4,3.448323783074656,3.4276024196231014,0.0
598,0,0.0,0.0,0.0
598,1,0.903906817718707,2.2345389883633526,0.0
598,2,1.647439780293602,3.6115182200373335,0.0
598,3,1.7506269872933196,5.362892719449082,0.0
599,0,0.0,0.0,0.0
599,1,1.7407126054397164,0.8536481283332822,0.0
599,2,1.014600308418074,-0.17628618567844678,0.0
600,0,0.0,0.0,0.0
600,1,1.3513843082785,1.3958531250267785,0.0
600,2,-0.442558161992905,3.9642978001855376,0.0
601,0,0.0,0.0,0.0
601,1,-3.7322086630913813,1.0896383068211983,0.0
601,2,-3.978778693194402,0.5995928008450853,0.0
602,0,0.0,0.0,0.0
602,1,-1.0544507872758997,-0.15003451850886917,0.0
602,2,-1.0309836832864354,-0.2462247776188753,0.0
603,0,0.0,0.0,0.0
603,1,0.0774438297661516,-2.0359415007829704,0.0
603,2,-1.2473743072177141,-2.7462012052803204,0.0
604,0,0.0,0.0,0.0
604,1,-1.6925776679638358,-1.6313674196595567,0.0
604,2,-1.3804092635028598,-1.0069533588233377,0.0
604,3,-0.9774163850128171,0.17620688484501335,0.0
604,4,-1.5266022809543631,2.110457245018961,0.0
605,0,0.0,0.0,0.0
605,1,-1.8927585570524152,0.9226680222896078,0.0
605,2,-2.1952342212342177,1.6764155954974496,0.0
605,3,1.0653285445716436,3.5367027980392636,0.0
606,0,0.0,0.0,0.0
606,1,-1.25867776985637,-1.783071367827685,0.0
606,2,-1.5029298708368526,-2.097848868516957,0.0
607,0,0.0,0.0,0.0
607,1,2.759921296380975,-2.3915208824733085,0.0
607,2,3.597815022533914,-1.0267365982225103,0.0
607,3,4.174886592982113,-2.4158390891285424,0.0
607,4,3.0786903295885133,-1.7909494925376253,0.0
607,5,1.3362091971629324,-1.0930467045466958,0.0
607,6,4.2724651964624885,-2.0175231735512305,0.0
608,0,0.0,0.0,0.0
608,1,0.24303277778042776,1.2979163754420935,0.0
608,2,2.05831522310597,0.3354255115232081,0.0
608,3,1.8994394604620708,-1.690463075441428,0.0
608,4,1.6456629908428893,-3.2911249945771757,0.0
609,0,0.0,0.0,0.0
609,1,-2.0115799695331082,-0.9635868403166953,0.0
609,2,-1.7959883437035629,-1.0243818888702025,0.0
609,3,-2.4470490927815343,0.12576573365207544,0.0
609,4,2.89972522675618,1.3627602380743848,0.0
610,0,0.0,0.0,0.0
610,1,-1.7531480493427614,2.323819192354631,0.0
610,2,-1.8263205513648437,1.3718268220587324,0.0
610,3,-1.050242172625615,0.0991330408544151,0.0
610,4,-3.2360762263532843,2.957261778887787,0.0
611,0,0.0,0.0,0.0
611,1,0.21424210586930614,1.486258838107439,0.0
611,2,1.2139549725569614,-0.1291649242099464,0.0
611,3,1.8736943952158538,-1.6430834567335582,0.0
612,0,0.0,0.0,0.0
612,1,0.16165107399523704,1.769006123664853,0.0
612,2,0.409631028017702,-0.020733891223648993,0.0
612,3,2.0089048189711822,0.9803720999915906,0.0
612,4,-0.04842413405964674,0.16746380006036343,0.0
612,5,0.7865737084565412,-0.8015076883682637,0.0
613,0,0.0,0.0,0.0
613,1,0.7546608843373953,0.167819998951244,0.0
613,2,0.9551467453616634,2.0657978647865183,0.0
614,0,0.0,0.0,0.0
614,1,1.0934379940400525,0.016573604870311953,0.0
614,2,0.9451022458529397,0.8580816454451177,0.0
614,3,-0.41624928882203327,1.6063878185509906,0.0
615,0,0.0,0.0,0.0
615,1,2.3224397227538978,1.568206958951314,0.0
615,2,2.002109917314244,2.6117692171290647,0.0
615,3,0.8490520375245614,3.727510878618041,0.0
615,4,3.214696460477831,2.5818952089640694,0.0
615,5,1.7352787093901363,3.3479080275492494,0.0
616,0,0.0,0.0,0.0
616,1,2.7153932436820973,-1.1824043052454112,0.0
616,2,4.36609425511442,-0.8686985653118455,0.0
617,0,0.0,0.0,0.0
617,1,0.8272109350767932,0.4719006733663452,0.0
617,2,1.1951614110660418,0.6634914576159765,0.0
617,3,-0.5271687841292562,1.6510450808126687,0.0
618,0,0.0,0.0,0.0
618,1,-0.20059534832364165,1.650358209930728,0.0
618,2,2.673836782459367,3.746647449582469,0.0
619,0,0.0,0.0,0.0
619,1,-0.3241085285651837,2.2087371250418086,0.0
619,2,-2.7704157113457617,2.8071027418540777,0.0
619,3,-3.5798830786117097,3.0125813163768074,0.0
620,0,0.0,0.0,0.0
620,1,-0.2460495627090601,1.8068449887364004,0.0
620,2,0.6597314737559681,0.8281670829171857,0.0
621,0,0.0,0.0,0.0
621,1,0.20247003541927344,-1.0788533539969092,0.0
621,2,-0.9782868561332161,-3.1754077696263345,0.0
622,0,0.0,0.0,0.0
622,1,1.5031260011238756,-1.0595504739309107,0.0
622,2,1.3056520504698714,-1.6351759964688704,0.0
622,3,2.0735263721037116,-3.376590820811888,0.0
622,4,0.3486435453210506,-4.361075226859309,0.0
622,5,-2.054206343076734,-3.635955798373785,0.0
623,0,0.0,0.0,0.0
623,1,0.08823334862522902,-2.5759275318187624,0.0
623,2,0.8583017408519973,-4.231540748506427,0.0
624,0,0.0,0.0,0.0
624,1,1.5939636549887408,0.7434455922123306,0.0
624,2,2.665550812613697,0.6533869271976249,0.0
625,0,0.0,0.0,0.0
625,1,0.018589554680679687,-0.25606964512461,0.0
625,2,-1.8081603284856769,-0.48162000169659025,0.0
626,0,0.0,0.0,0.0
626,1,0.05771563373596644,-0.6622018127824246,0.0
626,2,2.1621109597318497,-1.939048276318275,0.0
626,3,3.4181099050873263,-0.4727433413071377,0.0
626,4,2.244723020871038,0.32659560748313576,0.0
626,5,2.0232691398672755,-2.464796517111478,0.0
626,6,1.1633528727383968,-2.289432105233015,0.0
627,0,0.0,0.0,0.0
627,1,0.6793424727532272,2.0447991415734776,0.0
627,2,-1.3741169861245333,0.13354728953879458,0.0
628,0,0.0,0.0,0.0
628,1,-2.7419587003301,-1.0412931793265918,0.0
628,2,-3.385804361564492,-5.03382337305155,0.0
629,0,0.0,0.0,0.0
629,1,-0.48782774824248226,2.100280991672591,0.0
629,2,0.8201129377317387,3.7666830896148356,0.0
629,3,0.08259574759819371,5.98374980327342,0.0
629,4,-2.7419730618046616,4.743748281022217,0.0
630,0,0.0,0.0,0.0
630,1,-0.9758373090919723,0.9733818958924666,0.0
630,2,2.0062296148006475,0.4086842176257076,0.0
630,3,4.414883896042632,0.5102684341747276,0.0
630,4,7.29496663134967,1.049216074888109,0.0
631,0,0.0,0.0,0.0
631,1,1.301807290391611,-2.3341156567061323,0.0
631,2,1.8248999125819068,-3.1900852446225527,0.0
631,3,1.6154957675577162,-3.6471691668649675,0.0
631,4,0.9107706740794895,-1.472305971993674,0.0
631,5,1.6368438143537167,-1.1116179380626812,0.0
631,6,4.379621035407277,0.7364520630345304,0.0
632,0,0.0,0.0,0.0
632,1,-2.556696617055783,-0.9533760384594101,0.0
632,2,-5.026643065320066,1.4095744914576178,0.0
633,0,0.0,0.0,0.0
633,1,0.8555040189545592,-2.109279852653154,0.0
633,2,2.472209974246043,-1.5609137998085734,0.0
634,0,0.0,0.0,0.0
634,1,1.2676720047915162,-0.29773004598444985,0.0
634,2,0.8315479439651041,-2.8672811511101366,0.0
635,0,0.0,0.0,0.0
635,1,0.58325918296191,-2.000844500232166,0.0
635,2,-1.0263078310307532,-1.6596753356314702,0.0
635,3,-2.472179994497087,-2.630310758624952,0.0
636,0,0.0,0.0,0.0
636,1,-0.6775450548572771,-1.8698925597397817,0.0
636,2,0.9818909748249492,-2.169878313524358,0.0
636,3,0.2517332054649516,-3.885397242061568,0.0
637,0,0.0,0.0,0.0
637,1,-0.6972509199236989,1.1369894734167894,0.0
637,2,0.6303665336450588,-0.4973156005237058,0.0
638,0,0.0,0.0,0.0
638,1,0.955737073912349,2.976472673297696,0.0
638,2,2.4820795729163083,0.2144856344252597,0.0
638,3,4.201801609860945,3.5117423700359476,0.0
638,4,4.591119073939626,3.8772770312457507,0.0
639,0,0.0,0.0,0.0
639,1,1.7408098636204128,-0.9203868997763407,0.0
639,2,0.5914621151956712,-1.4778990901540445,0.0
640,0,0.0,0.0,0.0
640,1,1.2331311104490228,-1.181920649941802,0.0
640,2,2.663865875525838,-4.21088695779973,0.0
640,3,4.559507610502629,-6.610427190092942,0.0
641,0,0.0,0.0,0.0
641,1,0.3691121800389704,-1.649003724577591,0.0
641,2,-0.34162955264566375,-1.5530837373252013,0.0
641,3,-0.3319224779389849,-2.578257386895122,0.0
641,4,1.005440108912436,-4.136715840919389,0.0
641,5,1.4752661960894835,-3.5595874595370454,0.0
642,0,0.0,0.0,0.0
642,1,-0.254078813499536,0.5321442000564902,0.0
642,2,1.0975417645437375,2.192027026674845,0.0
642,3,1.6309742403686227,0.9593710044674608,0.0
642,4,2.2106754465079232,1.2804742264107383,0.0
643,0,0.0,0.0,0.0
643,1,-1.6160319672432775,-0.9218615002017697,0.0
643,2,1.0717989770058542,-2.2279227970373174,0.0
643,3,0.14295641196288478,-1.4903392386218097,0.0
643,4,0.07995427335328698,1.3119080080326069,0.0
643,5,1.0374876811943192,-0.12490996828245582,0.0
643,6,1.483375907630883,0.2627501447501327,0.0
643,7,1.4792910569851492,-0.8540572367549409,0.0
644,0,0.0,0.0,0.0
644,1,-0.7974990642234772,0.7933529248550196,0.0
644,2,-0.45809674998848915,1.0540274764351836,0.0
645,0,0.0,0.0,0.0
645,1,0.22702847400905918,1.8413164228728818,0.0
645,2,0.4855956694686077,2.5522205284065436,0.0
646,0,0.0,0.0,0.0
646,1,-0.9929116865655931,0.2792321096215829,0.0
646,2,-1.2814175123304241,-1.3915171841958565,0.0
646,3,-5.746694955746056,-1.2924573972494133,0.0
646,4,-8.04154879974044,-0.9883358148871471,0.0
646,5,-10.22743643592393,-2.0373351313640446,0.0
646,6,-9.582302964996154,-2.580467727073208,0.0
646,7,-9.167676027628351,-1.291994070835544,0.0
647,0,0.0,0.0,0.0
647,1,-1.703526801514043,-0.2647996837372152,0.0
647,2,-2.448558735703723,0.13383950489405327,0.0
647,3,-3.2318184767988445,-1.2172922313812395,0.0
648,0,0.0,0.0,0.0
648,1,-1.7321148399464148,-0.3832609742024702,0.0
648,2,-0.7831566024488046,-2.663906461489233,0.0
649,0,0.0,0.0,0.0
649,1,-1.7317788138635435,1.6045595845607243,0.0
649,2,-2.0149811333038046,1.2383043318681706,0.0
649,3,-1.148373983198889,2.5181571955964097,0.0
649,4,-2.6516976490925694,3.482451893191735,0.0
650,0,0.0,0.0,0.0
650,1,-1.620670627926773,0.8857415510682382,0.0
650,2,-0.812284391206825,4.883564348666809,0.0
651,0,0.0,0.0,0.0
651,1,-0.7885975606548263,-0.4903686499781379,0.0
651,2,0.8290938110799264,0.5084469089560888,0.0
652,0,0.0,0.0,0.0
652,1,1.2737465536382924,-2.34702119160531,0.0
652,2,2.2845739553351994,-0.8903293711852913,0.0
653,0,0.0,0.0,0.0
653,1,-0.950160305493253,0.15616470920066017,0.0
653,2,-1.3212037306033737,-1.3590833306191217,0.0
654,0,0.0,0.0,0.0
654,1,0.7068365749804362,-2.179231269043516,0.0
654,2,-1.9418437572842056,-1.8081036114731233,0.0
655,0,0.0,0.0,0.0
655,1,-0.8000791285264011,-1.6624437227244195,0.0
655,2,-1.1692351994225691,-1.7998312430547374,0.0
656,0,0.0,0.0,0.0
656,1,0.4667006137791183,0.2837969957605351,0.0
656,2,0.8279823003263598,0.6203223109804538,0.0
656,3,-0.17266621381349845,-0.27221271429116456,0.0
656,4,-0.463553751791534,-0.8426208164240008,0.0
657,0,0.0,0.0,0.0
657,1,-0.09509889914899416,-0.7741884872567969,0.0
657,2,0.3856165301325143,-2.627782871526635,0.0
658,0,0.0,0.0,0.0
658,1,1.3761152821827083,0.6341760437374565,0.0
658,2,1.7264583542986593,-2.2117778837180273,0.0
658,3,1.6733854139898336,-3.2757217780801637,0.0
659,0,0.0,0.0,0.0
659,1,0.28199324769314127,2.4196773526759,0.0
659,2,0.5758063931059311,4.026490600327137,0.0
659,3,0.9890926566464631,3.5423182515097684,0.0
660,0,0.0,0.0,0.0
660,1,-0.0010885915737377516,1.3095551765565963,0.0
660,2,0.44616751946321154,2.6359855926269455,0.0
661,0,0.0,0.0,0.0
661,1,-1.6827466752472873,0.5109834643342708,0.0
661,2,-0.9311303996824355,-1.1109906397497988,0.0
662,0,0.0,0.0,0.0
662,1,-0.7229644557601576,-2.195106049608175,0.0
662,2,-2.9412074809156232,-2.865747528959067,0.0
662,3,-3.174956235613263,-4.792143744411088,0.0
663,0,0.0,0.0,0.0
663,1,-1.6660559259630918,0.4368246269961103,0.0
663,2,-5.102313767739209,-2.2634192710621197,0.0
664,0,0.0,0.0,0.0
664,1,1.4585443117529966,2.945651743892966,0.0
664,2,3.0940491870814544,0.24346789552258308,0.0
664,3,3.325079306225172,1.188162078417974,0.0
664,4,4.593092924040128,2.367491992495828,0.0
664,5,4.672493349958933,1.4591681299129808,0.0
664,6,5.0954922524616375,2.9041737457754992,0.0
664,7,3.741845156849145,2.4187534821937735,0.0
664,8,2.4314178653472394,3.000310721424527,0.0
664,9,3.563425000411284,3.2183294207361963,0.0
664,10,4.511998262894325,2.5178967640987735,0.0
664,11,4.390632199325615,1.8724090146018242,0.0
664,12,5.740364701283311,-0.19241478961878689,0.0
664,13,7.312191786067334,-1.2094765580296252,0.0
664,14,7.460665303806296,-2.612179465415957,0.0
664,15,6.544271476591043,-1.198833319965583,0.0
664,16,8.96407231980475,-1.9297058308171486,0.0
664,17,9.546908381467151,-1.9076601416831989,0.0
664,18,10.134481750336075,-2.8169991468502884,0.0
664,19,7.970547832071537,-2.2493099934278264,0.0
664,20,9.986929827993231,-1.5607570068856238,0.0
664,21,9.873055520565272,-2.3527029133756794,0.0
664,22,9.449976573814485,-2.1277599931798425,0.0
664,23,6.572788194219653,-3.9744878239750405,0.0
664,24,8.332829110865134,-4.081989270911963,0.0
665,0,0.0,0.0,0.0
665,1,-2.143792191819927,0.14681992059764898,0.0
665,2,-3.622284925749592,-0.8807220384806369,0.0
665,3,-2.924731290616533,-0.5842412317761961,0.0
666,0,0.0,0.0,0.0
666,1,-0.0445194749265001,0.4761269856099857,0.0
666,2,0.620698425757578,1.0180503296811965,0.0
666,3,2.4854960782651325,-1.2317764059836727,0.0
666,4,2.120254568692112,-0.06784567936227637,0.0
666,5,1.6001425572688728,-0.14343388063693352,0.0
667,0,0.0,0.0,0.0
667,1,0.23233909691265864,1.01720721489851,0.0
667,2,-2.249873461941306,0.897595689495686,0.0
667,3,-2.911873816389234,-1.0149429926608011,0.0
668,0,0.0,0.0,0.0
668,1,-1.1690609125303595,1.2927564516911458,0.0
668,2,-2.0911674587447697,0.7617449115500119,0.0
668,3,-2.174471552872082,-0.3420315191057117,0.0
669,0,0.0,0.0,0.0
669,1,-0.974983763565142,1.4242384190402864,0.0
669,2,-0.006479085869392609,0.790567052614873,0.0
670,0,0.0,0.0,0.0
670,1,1.1951516415256815,0.892206127952706,0.0
670,2,2.8881249412407306,-0.8172813145469155,0.0
670,3,2.0322971765985036,-0.9895361968145038,0.0
670,4,0.33570048206382175,-2.0041501098420547,0.0
671,0,0.0,0.0,0.0
671,1,-0.29459162068176914,0.03617693750805384,0.0
671,2,0.3894563921319276,-0.8549739329390433,0.0
671,3,0.06564802911648893,-0.33456837947447515,0.0
671,4,-1.283869510365983,-2.1884228417362426,0.0
671,5,-0.5684099977033135,-0.3248516516162936,0.0
671,6,-3.3034104960922823,1.6901964690889795,0.0
672,0,0.0,0.0,0.0
672,1,1.2294133279619206,2.5071858285848583,0.0
672,2,2.4076119740935304,2.4690691214001133,0.0
672,3,0.9957379744380577,2.0239580559660046,0.0
672,4,1.0697254950428972,1.9576512202566272,0.0
673,0,0.0,0.0,0.0
673,1,0.8367135768691415,-0.22957798611388225,0.0
673,2,1.4011688291184696,-1.0065047568370695,0.0
673,3,0.26127099286039457,-2.760495668738796,0.0
674,0,0.0,0.0,0.0
674,1,-2.6579120423313305,3.389183239511184,0.0
674,2,-5.400363708520547,3.512196792127329,0.0
674,3,-6.4598133221387775,3.310445827335592,0.0
674,4,-5.819061131495562,0.7181800522395956,0.0
674,5,-6.956107463353155,-1.5381312812074568,0.0
675,0,0.0,0.0,0.0
675,1,-3.7865535342752947,0.9691511707975833,0.0
675,2,-4.095561751243534,1.6074463793431262,0.0
675,3,-1.4558393010342694,1.5999019028793073,0.0
676,0,0.0,0.0,0.0
676,1,-1.0552143306697324,-1.404486119383345,0.0
676,2,0.6942788180310209,0.9222854791514481,0.0
676,3,2.2055734561530116,3.6447694449138446,0.0
676,4,1.8975793404622823,3.16869672392398,0.0
677,0,0.0,0.0,0.0
677,1,-1.0995911432444891,0.8014083174476555,0.0
677,2,-1.9705131639854208,1.6429432756122118,0.0
678,0,0.0,0.0,0.0
678,1,-0.8007308060791081,1.543454337611506,0.0
678,2,-0.5373889542789749,1.6792859313356239,0.0
678,3,-3.1404793971408047,0.7510151915659611,0.0
678,4,-3.37074923814541,-0.7875936317961427,0.0
678,5,-2.538864810910721,-0.38584461359840805,0.0
678,6,-1.0764504690029817,-0.007287104608290518,0.0
678,7,-3.827357689886143,-1.7930554563206562,0.0
679,0,0.0,0.0,0.0
679,1,-0.9940851334816928,-0.7232237023544534,0.0
679,2,0.8209370457942979,1.4777820691343235,0.0
680,0,0.0,0.0,0.0
680,1,-0.4218370686396202,-1.8417400430750575,0.0
680,2,-0.8401714491306598,-1.991868146997683,0.0
680,3,-2.12232278678131,-3.907250066157141,0.0
680,4,-2.821059994344349,-4.914072770506351,0.0
680,5,-4.267634344271139,-3.4026972578745727,0.0
681,0,0.0,0.0,0.0
681,1,-0.827440022756269,1.1901382149551845,0.0
681,2,0.021742014950539318,-1.1768460105210017,0.0
682,0,0.0,0.0,0.0
682,1,2.0262627380250806,3.516178605319409,0.0
682,2,1.219136426692858,5.308150100061243,0.0
682,3,3.006679532708963,5.373826581193514,0.0
682,4,0.5761706196205667,3.5761138442620695,0.0
683,0,0.0,0.0,0.0
683,1,2.0375654039205213,0.15497807289825516,0.0
683,2,3.591250407495627,-0.05138205646757055,0.0
683,3,4.320834821680091,0.21547399713384513,0.0
683,4,3.1168385208896785,1.3862785755118963,0.0
683,5,5.6497665327884325,2.754519067804707,0.0
684,0,0.0,0.0,0.0
684,1,1.2866156997564897,1.549167029065189,0.0
684,2,0.49764834188038315,1.7066563123257517,0.0
684,3,1.0883063911528978,1.965337325829319,0.0
685,0,0.0,0.0,0.0
685,1,-0.5561952261537386,2.7072978202620326,0.0
685,2,-2.317504809401192,0.9914581012658332,0.0
685,3,-1.3237799308794254,0.6651322402254655,0.0
685,4,-0.15588972584407212,2.062880713918707,0.0
685,5,0.43307048641428547,0.5275776031110713,0.0
686,0,0.0,0.0,0.0
686,1,-1.5188018245576793,0.48780021067529605,0.0
686,2,-0.01716696235034161,0.2791336083505928,0.0
686,3,0.6456825830754932,-3.4303211045210693,0.0
686,4,1.1125082111706703,-0.586040148581749,0.0
686,5,0.848457583268183,-0.696162476638356,0.0
687,0,0.0,0.0,0.0
687,1,1.3090729923982052,-1.0428592195037656,0.0
687,2,-0.1386719375469323,-1.5548712796675719,0.0
687,3,-1.0759218579560412,0.6919863133375934,0.0
688,0,0.0,0.0,0.0
688,1,3.617707245752798,-1.9358558719272436,0.0
688,2,5.567811644172994,-3.009645025016619,0.0
689,0,0.0,0.0,0.0
689,1,-1.8417472601271427,0.39746671632528224,0.0
689,2,-1.1544684003063668,3.661749534338651,0.0
690,0,0.0,0.0,0.0
690,1,-0.0016241157620288105,-2.0996726473246135,0.0
690,2,1.0592956886388252,-4.5084002566560075,0.0
690,3,2.0393546782011973,-5.405271486061263,0.0
690,4,2.1335056072643375,-8.218466769526204,0.0
691,0,0.0,0.0,0.0
691,1,1.1167009801622834,-1.3667327989929279,0.0
691,2,1.740358315811869,-0.3895140650321229,0.0
692,0,0.0,0.0,0.0
692,1,1.680540637209849,-0.6429127454651156,0.0
692,2,2.2418691322264275,-1.6713182757882392,0.0
692,3,2.877948907478478,-1.491066896609993,0.0
693,0,0.0,0.0,0.0
693,1,0.5646982653940965,1.64454387498757,0.0
693,2,-0.7326487706944336,1.6478891932739455,0.0
693,3,-2.7099756377994098,1.257714740263578,0.0
694,0,0.0,0.0,0.0
694,1,-0.6230972459242828,-0.5647722675061101,0.0
694,2,0.06662580389907102,-1.709859144995821,0.0
694,3,-0.14090623427309235,-1.3201309881524295,0.0
694,4,-1.4159334478795267,-2.859782789687779,0.0
695,0,0.0,0.0,0.0
695,1,-0.9036653439540345,0.8708921017586285,0.0
695,2,-2.787540781415248,1.8534949886951415,0.0
695,3,-2.874770151121326,2.1643993502928502,0.0
696,0,0.0,0.0,0.0
696,1,-3.119616723897651,-1.4797933923746973,0.0
696,2,-2.227458348645099,-1.1772239719699011,0.0
697,0,0.0,0.0,0.0
697,1,1.860842683437388,-1.5468401655558164,0.0
697,2,1.4908213778128352,-2.372497499933866,0.0
697,3,1.463737457003864,-2.6076505123495197,0.0
697,4,1.857851432970505,-3.1548709363039813,0.0
697,5,1.6772174647118983,-3.7802932044553175,0.0
697,6,1.7158111428300766,-3.1001128740406863,0.0
698,0,0.0,0.0,0.0
698,1,0.4171850366181037,-1.1914769776240919,0.0
698,2,-0.7192614162296548,-1.923129608674484,0.0
699,0,0.0,0.0,0.0
699,1,0.833475879431828,-0.3763551156557128,0.0
699,2,1.964821123830426,-3.640594241916932,0.0
699,3,1.4946469502524398,-2.4467108758340688,0.0
699,4,0.4509007203365405,-2.3702915639501434,0.0
699,5,-2.1725197420213145,-3.5275518719762937,0.0
699,6,-1.9275062530438367,-2.8499277036180044,0.0
699,7,-2.313524195605453,-1.8388425502275147,0.0
699,8,-4.192610950966862,-0.3434037910585448,0.0
699,9,-6.065804401305167,2.907742081095184,0.0
699,10,-7.492072816719287,4.108178954501607,0.0
699,11,-7.4173366563794385,3.940931091722851,0.0
699,12,-3.7312771235842046,2.1943403561589974,0.0
699,13,-4.412710220866957,4.340413895437264,0.0
700,0,0.0,0.0,0.0
700,1,-0.16031373514030323,-3.41822966401035,0.0
700,2,-1.1981710426823033,-4.6951963861233565,0.0
701,0,0.0,0.0,0.0
701,1,-0.1379747366756512,-2.1732806793052797,0.0
701,2,-0.21038549137879115,-0.8186828640151607,0.0
702,0,0.0,0.0,0.0
702,1,1.927071961439542,-3.0356518427099086,0.0
702,2,2.9933624193631285,-1.9702202700450442,0.0
702,3,1.0629337896725835,-1.6687531465793506,0.0
702,4,1.6581509866784576,-2.369055256800511,0.0
703,0,0.0,0.0,0.0
703,1,0.19530151489092118,-0.2481660622142233,0.0
703,2,-0.5050506499592395,-1.3719668368543276,0.0
703,3,-2.000757860386928,-1.1097080437264981,0.0
704,0,0.0,0.0,0.0
704,1,1.2100122558474111,-1.268690175575263,0.0
704,2,3.181667294367087,-4.418207436756048,0.0
704,3,3.540176961035335,-5.247959291202578,0.0
704,4,4.111347955899154,-7.402493739942182,0.0
705,0,0.0,0.0,0.0
705,1,-1.0683488489391095,-2.263215556492357,0.0
705,2,-1.9592250274018443,-2.67659802468061,0.0
705,3,-3.3740065920000903,-2.7593638641253735,0.0
706,0,0.0,0.0,0.0
706,1,1.1782554052622178,0.8248820640298549,0.0
706,2,1.4297141900327606,-1.3454657708223334,0.0
706,3,1.2005160700142323,-1.5090579011253409,0.0
706,4,1.8875945415636102,-2.7569115234838226,0.0
707,0,0.0,0.0,0.0
707,1,2.9094064681022513,0.6330787833548195,0.0
707,2,1.1158651057287627,1.8620866362723174,0.0
708,0,0.0,0.0,0.0
708,1,2.238375036559658,1.254292803528027,0.0
708,2,2.059991923004219,2.1633708156663944,0.0
708,3,4.9273248876371,2.430375847020639,0.0
708,4,2.929161714544185,1.5766138833885253,0.0
708,5,3.676072945881589,3.1922331860109874,0.0
708,6,5.168711418555581,3.1181561540736893,0.0
708,7,8.179696365079305,4.080186996225492,0.0
709,0,0.0,0.0,0.0
709,1,-0.2080667269948948,2.2628959842825154,0.0
709,2,0.23158573220112633,3.82702737737507,0.0
710,0,0.0,0.0,0.0
710,1,2.108848046017207,1.2763483354258114,0.0
710,2,0.15125874567624598,0.9390285012706445,0.0
710,3,0.14862928023835398,-0.7160802302749292,0.0
711,0,0.0,0.0,0.0
711,1,-1.315632376929188,-0.7612706148673318,0.0
711,2,-1.8022879378051093,0.5851992953463914,0.0
711,3,-4.265051405245306,1.434353362592674,0.0
711,4,-4.511171799140087,3.804458076410465,0.0
712,0,0.0,0.0,0.0
712,1,-0.793525020365532,-0.15350547612379611,0.0
712,2,1.7382575733770789,0.2685293942628355,0.0
713,0,0.0,0.0,0.0
713,1,-0.5892188345562412,-0.7442138021121096,0.0
713,2,0.4926645545081164,-2.130935482350091,0.0
713,3,1.4730458058096723,-0.9580223203423677,0.0
713,4,1.8816497335326199,-0.7656018067776031,0.0
713,5,1.757321333361848,2.728797175688636,0.0
714,0,0.0,0.0,0.0
714,1,0.0872108419937414,-1.1737701284291642,0.0
714,2,0.2228297070421854,-1.9955649250762992,0.0
714,3,-4.434031947167293,-3.6340640596574687,0.0
714,4,-2.6730796167385162,-3.0049966881899532,0.0
715,0,0.0,0.0,0.0
715,1,-0.07327033146102835,-0.9843782169124277,0.0
715,2,0.46083517651852013,-2.627225632382191,0.0
715,3,1.6461839812895267,-3.670927349062522,0.0
716,0,0.0,0.0,0.0
716,1,0.23481835898734804,-2.384702749730229,0.0
716,2,-0.16915432316313828,-3.846267706567361,0.0
716,3,-0.20407307793072071,-1.3896621846460888,0.0
717,0,0.0,0.0,0.0
717,1,1.4156099049295496,1.9390266050723999,0.0
717,2,0.6913460701361277,-0.3258350678921039,0.0
718,0,0.0,0.0,0.0
718,1,-0.4325157756677035,-1.0442491983132731,0.0
718,2,0.895446841052035,-1.7476334164847316,0.0
718,3,2.2086431308170713,-2.3829237714459452,0.0
719,0,0.0,0.0,0.0
719,1,0.2845371161358047,-2.5747977294338993,0.0
719,2,1.1842013833940133,-3.810212731930081,0.0
719,3,-0.47721749125027924,-4.390437556806905,0.0
720,0,0.0,0.0,0.0
720,1,1.093451683609877,0.555475389346122,0.0
720,2,-0.19095611073657437,-1.3857050554100594,0.0
720,3,-1.168010912581193,-0.6481049660071361,0.0
721,0,0.0,0.0,0.0
721,1,-0.09233617029506833,0.6216439828961872,0.0
721,2,-0.13787825990330374,0.3588837745957123,0.0
721,3,0.7081432750338494,-0.25582562271533815,0.0
722,0,0.0,0.0,0.0
722,1,0.23178064027427814,1.1762847475599907,0.0
722,2,1.0605383113269957,0.5706042873686097,0.0
722,3,2.8496968328832066,-0.13545677090942743,0.0
722,4,3.77094492381359,1.5344975894890367,0.0
722,5,5.730087639585146,3.7785949962068317,0.0
722,6,6.797273540052221,3.1746345876155226,0.0
722,7,7.158218985915846,4.363564587350154,0.0
722,8,11.343083111124416,3.822353656037045,0.0
722,9,12.025177717782928,5.4897665764636026,0.0
722,10,13.511041744760531,5.993204665335664,0.0
722,11,15.521693319819645,9.425233405620673,0.0
722,12,15.417584918355116,10.0238953632605,0.0
722,13,14.476581457596383,11.306108182797962,0.0
723,0,0.0,0.0,0.0
723,1,0.03428183109918903,1.1624453886451143,0.0
723,2,2.6092782823042664,0.22788771970426946,0.0
724,0,0.0,0.0,0.0
724,1,0.013059529902745504,1.4738839292628279,0.0
724,2,-0.7347230513765093,3.419528010814722,0.0
724,3,-0.4566411027741208,4.965203621290989,0.0
724,4,2.2896312240117007,3.90783612227765,0.0
724,5,4.266689238781552,3.3014941341916897,0.0
724,6,6.0534375661081326,1.862461742616448,0.0
724,7,7.37389697463982,1.2318463690402504,0.0
725,0,0.0,0.0,0.0
725,1,0.3030500409408621,-1.5302129003589395,0.0
725,2,0.3738524797323799,-4.5387882256631915,0.0
725,3,-0.9751455551973065,-1.6035473786578023,0.0
725,4,-0.4072712302185305,-2.873576281087279,0.0
726,0,0.0,0.0,0.0
726,1,-1.4989717917683523,-1.7619811049399652,0.0
726,2,-2.1176569133740757,-3.1921937618541585,0.0
727,0,0.0,0.0,0.0
727,1,1.0994425427345265,-0.42344314192847426,0.0
727,2,0.4123306589042294,0.23629063263447586,0.0
727,3,-2.7678125697281826,-1.4275483979701058,0.0
727,4,-2.6836311163031525,-1.7320183118923416,0.0
728,0,0.0,0.0,0.0
728,1,0.9953413284630844,-0.9154024615936862,0.0
728,2,0.6319327195272265,-1.8663894182247591,0.0
729,0,0.0,0.0,0.0
729,1,-1.6887405536294746,-1.6214798960616115,0.0
729,2,-2.2265139240131413,-2.335800635472963,0.0
730,0,0.0,0.0,0.0
730,1,2.300251828734062,-1.348821017998714,0.0
730,2,2.2386788809415687,-0.3826730179650013,0.0
730,3,1.3128888284061828,0.3853046987063815,0.0
731,0,0.0,0.0,0.0
731,1,0.9012492678247932,3.028544040023409,0.0
731,2,1.6438013001998588,3.791935266650211,0.0
731,3,4.13787008980435,3.886672431189969,0.0
732,0,0.0,0.0,0.0
732,1,3.050563400671952,-0.874474430329291,0.0
732,2,2.0179748462794533,-3.649055589839677,0.0
732,3,3.1419680458717276,-2.704222267982344,0.0
732,4,4.763078086968024,-2.3044329934183585,0.0
733,0,0.0,0.0,0.0
733,1,-1.3260044689557584,-0.7372896657378005,0.0
733,2,-2.5751503260620567,0.2673085257500264,0.0
733,3,-0.12643438537930507,-0.7452866604509899,0.0
734,0,0.0,0.0,0.0
734,1,0.13719762229883314,0.5565089056768006,0.0
734,2,-1.5567747273722838,2.7053664887055247,0.0
734,3,-2.5638007562646274,3.4774645281361645,0.0
735,0,0.0,0.0,0.0
735,1,1.4369288395715927,-0.5783244370476708,0.0
735,2,0.9878973181203459,-2.4573869309820613,0.0
736,0,0.0,0.0,0.0
736,1,0.5214120920045813,-1.1872923386591405,0.0
736,2,2.5944251716784215,-1.5919876395869774,0.0
737,0,0.0,0.0,0.0
737,1,1.663782804467351,0.26251104567385725,0.0
737,2,3.1185798468068775,1.903654589115638,0.0
737,3,3.4932901487138266,2.4698920000192106,0.0
737,4,2.6855481677728137,-0.41398067941768874,0.0
737,5,2.66415591103128,0.20146053361581534,0.0
737,6,4.049828148076735,-0.8354851493823747,0.0
737,7,4.943377031584839,0.5893618356565717,0.0
738,0,0.0,0.0,0.0
738,1,-0.4859819542619559,-0.6657310468371279,0.0
738,2,-0.47492610427989934,0.5592884933002734,0.0
738,3,-0.5919202838455155,0.4438075600513349,0.0
738,4,-1.597306898797437,1.8167238475225311,0.0
739,0,0.0,0.0,0.0
739,1,0.16762684406810413,0.02101234229299065,0.0
739,2,1.6250357349249929,1.8449547733034897,0.0
739,3,-2.2260165496314843,1.4494004884473894,0.0
739,4,-0.9891758859405875,3.3381415078822294,0.0
739,5,-3.1594477589567123,1.6242182129921166,0.0
740,0,0.0,0.0,0.0
740,1,-1.0209190346179455,0.3510102780767679,0.0
740,2,-2.079904772889156,0.7411820932768025,0.0
740,3,-2.332742968013813,0.8170557353563961,0.0
740,4,-4.064857108243739,0.753191308241651,0.0
740,5,-6.513600033924494,2.2386990705580905,0.0
740,6,-9.040288702856168,1.2659455506354709,0.0
741,0,0.0,0.0,0.0
741,1,-0.5867560924335422,-2.0890915964833203,0.0
741,2,-1.3606469692467653,-2.309648115196886,0.0
741,3,-1.429310501695139,-2.8187073652350945,0.0
741,4,-2.182712787135231,-0.598523526907619,0.0
741,5,-0.8105529144250856,-0.11238488790448109,0.0
742,0,0.0,0.0,0.0
742,1,-0.2529412379891056,-0.19659745804380013,0.0
742,2,0.8956859249166627,-0.8461057671747041,0.0
742,3,2.412686079764226,-0.8808575991702867,0.0
742,4,4.576586404095394,-1.0697516486353214,0.0
743,0,0.0,0.0,0.0
743,1,-2.271255388428209,-0.9205887815652809,0.0
743,2,-1.8212913140943003,-2.3736176687642487,0.0
743,3,0.4481000851748584,-3.9696243561780102,0.0
744,0,0.0,0.0,0.0
744,1,1.4206169471981356,2.5159002541712185,0.0
744,2,1.349042101830054,2.9776352062696363,0.0
744,3,1.8360540788057556,3.174335775213275,0.0
745,0,0.0,0.0,0.0
745,1,1.218173579262619,-1.1634200663023253,0.0
745,2,-0.26438269205938203,-1.6340050371017432,0.0
745,3,-1.5887628314553455,-3.309705063727501,0.0
745,4,-2.725011346187888,-2.421261651899609,0.0
745,5,-2.669754851362677,0.5562987930804997,0.0
746,0,0.0,0.0,0.0
746,1,-1.756540403296548,0.20628077838184145,0.0
746,2,-4.212710266617213,-0.4182944181361805,0.0
746,3,-3.696688084516325,0.5940095162567209,0.0
746,4,-2.662445730734017,0.4303674441187286,0.0
747,0,0.0,0.0,0.0
747,1,2.593554549933047,1.698873421968477,0.0
747,2,1.428545484947719,3.529828212990762,0.0
747,3,1.3350578445670103,3.7031047780738353,0.0
747,4,1.1184876660044936,3.8194585825160443,0.0
748,0,0.0,0.0,0.0
748,1,-1.1050740929987122,2.344562744766684,0.0
748,2,-4.022106786099946,3.2183385895355836,0.0
748,3,-4.846028461284865,1.747526235909683,0.0
748,4,-6.108541469979529,3.6009409443718616,0.0
748,5,-5.983785543026745,4.753659771573144,0.0
748,6,-7.129740623195045,6.309878745592533,0.0
749,0,0.0,0.0,0.0
749,1,1.6197321571567387,0.0554270064826321,0.0
749,2,1.482125160850042,1.5801292486931438,0.0
749,3,2.4657825687606425,0.1668055383510656,0.0
749,4,0.9088311353335032,-0.0950360967953432,0.0
749,5,2.987718131661141,-1.6241705677743568,0.0
749,6,4.564602696530542,-1.6261012711167393,0.0
749,7,3.074049822666448,-0.7908570431932003,0.0
749,8,1.2530132545748223,1.7740056059184592,0.0
749,9,4.795073025737587,1.0982971893218467,0.0
749,10,5.371471687505435,1.3365497881360158,0.0
749,11,4.960440497814286,0.907142790410151,0.0
749,12,5.256812772145327,1.1524716952767875,0.0
749,13,5.391248687645172,0.299796676166038,0.0
749,14,3.882974971789436,-0.07441931211567132,0.0
749,15,6.836644090927795,-1.0240763872112806,0.0
750,0,0.0,0.0,0.0
750,1,-2.842923257356614,1.599242778997405,0.0
750,2,-1.835233908304172,1.8501263293495422,0.0
750,3,0.06514922688294433,3.0309572526800865,0.0
750,4,1.3910692370581648,2.5714634839012813,0.0
750,5,2.4409308169838875,1.8748919225090277,0.0
751,0,0.0,0.0,0.0
751,1,-2.4864405210464544,1.6068735168838255,0.0
751,2,-3.448040205804344,-0.5870193940735744,0.0
752,0,0.0,0.0,0.0
752,1,2.2427568196069507,-0.12315945335649836,0.0
752,2,2.643642933574049,1.7713381895961113,0.0
752,3,1.4106653416461177,1.926966377323346,0.0
753,0,0.0,0.0,0.0
753,1,0.16994724536364147,1.212246985290763,0.0
753,2,-0.11907214796900045,-1.848391027954723,0.0
753,3,-2.683647451441738,-2.239622459737103,0.0
754,0,0.0,0.0,0.0
754,1,0.3482386194036189,-1.2961365594756753,0.0
754,2,-0.5046933881050601,-2.940797044325384,0.0
754,3,-0.6467040038448988,-5.487681129943845,0.0
755,0,0.0,0.0,0.0
755,1,0.4513878377127666,-1.0343788694871925,0.0
755,2,-0.033206429878981036,-3.1570378018683645,0.0
755,3,0.5208291184241433,-2.474978165783562,0.0
756,0,0.0,0.0,0.0
756,1,-0.04886074538661589,0.08074680086671027,0.0
756,2,0.666254418373075,-0.021026231955611152,0.0
756,3,2.640830984171801,-1.0146392810447151,0.0
756,4,0.7532307753978642,-2.8247629126230684,0.0
757,0,0.0,0.0,0.0
757,1,-0.44927293604369384,-0.2806793907408087,0.0
757,2,-1.3777189375715821,0.0407474927737177,0.0
758,0,0.0,0.0,0.0
758,1,-1.1388311329231908,2.6500122011175287,0.0
758,2,-1.5055131715113204,1.6786495042254725,0.0
758,3,-3.279705191279032,2.2702331893141094,0.0
758,4,-3.1797679025102212,1.5533886941167268,0.0
759,0,0.0,0.0,0.0
759,1,-0.8732535622288847,0.40019042209179023,0.0
759,2,-2.769531087660097,1.3278271287324612,0.0
759,3,-4.220690647385303,2.608663193669399,0.0
759,4,-4.229242938053074,3.645112468989069,0.0
759,5,-3.451504066884943,3.1978874315226324,0.0
759,6,-4.635402865318574,2.8484826648374275,0.0
759,7,-1.6547463885733396,2.9604766638107556,0.0
759,8,-1.2167025233240176,4.930400817932055,0.0
760,0,0.0,0.0,0.0
760,1,2.3466054749995306,0.880330333590766,0.0
760,2,3.3859289527239387,2.2585431145468524,0.0
761,0,0.0,0.0,0.0
761,1,0.1244900428786776,0.35738384878812046,0.0
761,2,1.20909753567119,0.7029216357949526,0.0
761,3,0.03269832601545408,2.059491138141057,0.0
761,4,-0.013598038359433517,1.7139499679575407,0.0
761,5,-0.06281639950272078,3.1327237915316766,0.0
762,0,0.0,0.0,0.0
762,1,-1.3146804755549992,-0.14558643166083712,0.0
762,2,-1.1637540507196178,-0.4237553220546347,0.0
762,3,-1.974287006233292,-2.526386364487437,0.0
762,4,-1.5091358005816904,-4.163941599975041,0.0
762,5,-2.848556380565472,-2.5230766240292297,0.0
762,6,-1.9831284000569611,-1.4105675082270284,0.0
762,7,-1.870193344506119,0.22003276926204912,0.0
763,0,0.0,0.0,0.0
763,1,1.297519262939916,0.009824538230690294,0.0
763,2,4.5028634833783325,-1.6157349286043456,0.0
763,3,4.2700443352021065,-2.805985885315126,0.0
763,4,3.954668238332229,-3.901236889629075,0.0
763,5,3.4165930581863084,-5.609714163848291,0.0
763,6,4.158966126370842,-8.227720261389639,0.0
763,7,2.7539760415260637,-9.44351246561419,0.0
763,8,-0.29535135483896857,-10.0537421652018,0.0
763,9,-2.9512359211762007,-10.76610104622962,0.0
763,10,-3.6346769729651562,-10.452980430693257,0.0
763,11,-4.52757854024158,-12.627573093993249,0.0
763,12,-3.2282493147026754,-13.448047118696074,0.0
764,0,0.0,0.0,0.0
764,1,0.23123445419393257,-2.203676416433863,0.0
764,2,0.48108908319662974,-3.729332276503067,0.0
764,3,-0.9688364139716579,-0.6594317996146783,0.0
765,0,0.0,0.0,0.0
765,1,-0.9244601188192936,2.725932055109437,0.0
765,2,0.16433959999408754,4.264913525900974,0.0
765,3,1.6948245841822205,-0.40029606185470934,0.0
765,4,1.693656513737754,-1.4554639898970518,0.0
765,5,2.6280753983001004,-1.8575837344760147,0.0
766,0,0.0,0.0,0.0
766,1,0.35486567040632866,-1.886976208791482,0.0
766,2,0.43266137872862,-0.8643282869336186,0.0
766,3,-0.3389209068046144,-0.760140622683966,0.0
766,4,-2.534326493131641,-2.798065207884299,0.0
766,5,-0.181717874694733,-1.6315927351048187,0.0
767,0,0.0,0.0,0.0
767,1,-0.026926761463891724,-0.5806157380238268,0.0
767,2,0.211683227717263,-2.2387591640303928,0.0
768,0,0.0,0.0,0.0
768,1,0.5038900824935036,-0.9016012866354689,0.0
768,2,1.5370634119257947,0.22405512979382278,0.0
769,0,0.0,0.0,0.0
769,1,0.3235121857005099,0.8786787994294053,0.0
769,2,0.9507613429531483,-1.209643168741578,0.0
770,0,0.0,0.0,0.0
770,1,0.6308058978491318,-0.4100309677375203,0.0
770,2,2.097220088665239,2.0395715865241666,0.0
770,3,0.6622271736977952,1.5130307908110392,0.0
771,0,0.0,0.0,0.0
771,1,1.4345395661702836,1.6487138747366035,0.0
771,2,3.4561564502757895,1.6948530886207238,0.0
771,3,3.708429832989516,3.7712225564505486,0.0
772,0,0.0,0.0,0.0
772,1,-0.19098689475560782,-0.5861031147192106,0.0
772,2,-0.7687101436115374,-0.6233127573541295,0.0
773,0,0.0,0.0,0.0
773,1,-0.49807858427785723,-1.4255473405892523,0.0
773,2,-2.0489969684414744,-0.8271810315309184,0.0
773,3,-1.4025860230909015,-0.8701458061994128,0.0
774,0,0.0,0.0,0.0
774,1,-2.1659845789527115,0.71706983464658,0.0
774,2,-2.640315249582523,-0.8385838420963199,0.0
775,0,0.0,0.0,0.0
775,1,-0.5120044751505675,0.35649165269151506,0.0
775,2,-0.09646658598233326,-0.24004636975954186,0.0
775,3,1.430170547138419,-2.541697558280627,0.0
775,4,2.9990345005057404,-3.682910811959129,0.0
775,5,2.077664543309705,-2.7185775786050312,0.0
776,0,0.0,0.0,0.0
776,1,0.3953520086430262,1.101827045274077,0.0
776,2,0.3788635608266313,1.7929257453746692,0.0
777,0,0.0,0.0,0.0
777,1,-0.8865663691614966,-2.0743860695091016,0.0
777,2,-1.150140234748882,-4.776981624062202,0.0
778,0,0.0,0.0,0.0
778,1,-2.2850439282061723,-0.5175072472379536,0.0
778,2,-1.9649943684817945,0.45730760888375543,0.0
778,3,-0.9231427218183765,1.7058873259170524,0.0
778,4,-2.5023136987683343,2.393115197126077,0.0
779,0,0.0,0.0,0.0
779,1,-0.8423779008586219,-1.334371397829885,0.0
779,2,-2.0564354946506938,-1.3775341023157408,0.0
780,0,0.0,0.0,0.0
780,1,1.6083474731564225,-0.17001174525509433,0.0
780,2,1.0664830816336621,-0.9773613679175388,0.0
780,3,0.6908352050941489,0.5052486403749663,0.0
780,4,0.09213107195238979,-0.22338414457278954,0.0
780,5,-0.6076365762699603,0.6414515504677366,0.0
781,0,0.0,0.0,0.0
781,1,-1.5958702667000528,1.0200614122227185,0.0
781,2,-0.648833450688491,0.4938082396643729,0.0
781,3,0.14249878857160936,3.000978762246689,0.0
782,0,0.0,0.0,0.0
782,1,-1.4259367880291582,-0.9258120751541773,0.0
782,2,-2.133377665654485,-0.526341005303007,0.0
783,0,0.0,0.0,0.0
783,1,-0.7164822003755378,-0.49552517716405564,0.0
783,2,-2.182698448519614,-1.891193104095891,0.0
784,0,0.0,0.0,0.0
784,1,0.056026928857333624,0.10723615005617138,0.0
784,2,-1.6134739170322887,-0.8997689409694449,0.0
785,0,0.0,0.0,0.0
785,1,-0.7451569666388567,2.157165758993806,0.0
785,2,0.6706212637563385,3.382520865277286,0.0
786,0,0.0,0.0,0.0
786,1,1.706694624309597,-0.5729910811486995,0.0
786,2,3.0965226400064094,2.0427425055148807,0.0
787,0,0.0,0.0,0.0
787,1,-1.9402668225166895,-1.0666332176682423,0.0
787,2,-2.264698618198242,-0.21582329775787157,0.0
787,3,-2.182739203379967,-1.9226083072332765,0.0
788,0,0.0,0.0,0.0
788,1,-0.42188172465422147,-2.6793287579855103,0.0
788,2,1.1867082303726573,-4.386549994403623,0.0
788,3,2.379256400502227,-4.507714562718939,0.0
789,0,0.0,0.0,0.0
789,1,-1.5409509260713303,-0.7438211673166725,0.0
789,2,-2.488751528215095,0.10922361252152579,0.0
790,0,0.0,0.0,0.0
790,1,-0.7841619449593237,-1.0301625012863678,0.0
790,2,-0.7837592044566618,-0.9282214200866541,0.0
790,3,-1.2934240592789488,-1.867320682230662,0.0
790,4,-0.08372534745929416,-2.147031201092524,0.0
791,0,0.0,0.0,0.0
791,1,-1.520959586773713,0.20428711850484582,0.0
791,2,-0.7730144617334915,2.608047256542339,0.0
791,3,2.5155347618351107,0.8387580939994117,0.0
791,4,0.7570980889435215,2.8460487032082025,0.0
791,5,-1.0928021720932681,4.334772685009567,0.0
792,0,0.0,0.0,0.0
792,1,-1.4746109150102689,-1.381500919434527,0.0
792,2,-3.2484019944207256,-2.024512364459472,0.0
793,0,0.0,0.0,0.0
793,1,1.3503659409190878,0.5360934521087393,0.0
793,2,-0.10390389648375012,-0.20953583867672365,0.0
793,3,-0.9878909076541212,0.43609682140272477,0.0
793,4,-0.8784630340637036,1.8413683329829176,0.0
793,5,-1.8134266827862906,1.1586380964341794,0.0
793,6,-2.3800860496765095,0.5118624316772371,0.0
793,7,-2.5269318987178377,-0.18343306079164234,0.0
793,8,-5.15987159761319,-2.4878873438104567,0.0
793,9,-3.7689794593394224,-0.16436469294570255,0.0
794,0,0.0,0.0,0.0
794,1,1.294280254127494,-1.2679968702752746,0.0
794,2,1.505983603974294,-2.7814856031707382,0.0
795,0,0.0,0.0,0.0
795,1,-1.0673697023387723,1.812497926237227,0.0
795,2,-0.9829520636214654,2.739508858120001,0.0
795,3,0.636702426353494,1.3288015861421578,0.0
795,4,-1.4885938766569082,0.2302645536043234,0.0
795,5,-2.0287812646005734,-0.23091398752021253,0.0
796,0,0.0,0.0,0.0
796,1,0.9404098791379738,0.44942110319600936,0.0
796,2,0.44355681230003247,1.292352702587613,0.0
797,0,0.0,0.0,0.0
797,1,1.9843585565749302,0.3751140764554828,0.0
797,2,1.9778932705986108,-1.947702946156565,0.0
797,3,2.398782197712142,-3.095866728278974,0.0
798,0,0.0,0.0,0.0
798,1,0.36979239475445025,0.19359459500509413,0.0
798,2,-0.019865044472035798,0.8366850349553352,0.0
798,3,0.49755517336254657,1.0320507089777426,0.0
799,0,0.0,0.0,0.0
799,1,-0.3949633897224527,-0.825937097261269,0.0
799,2,-1.0170331929858056,-2.026143823138863,0.0
800,0,0.0,0.0,0.0
800,1,1.2317960964793024,-0.1949543132442284,0.0
800,2,0.22105512329457427,0.8653991402533985,0.0
800,3,2.979246860916782,3.4280426328990528,0.0
800,4,0.4262973959144926,3.7872976318500977,0.0
800,5,2.1098268714837904,3.0375741951427058,0.0
800,6,3.7264992854817396,4.232123570087873,0.0
801,0,0.0,0.0,0.0
801,1,1.089015731027572,-2.128144980132573,0.0
801,2,-0.1228686548022282,-2.3255644276710323,0.0
801,3,-1.7283711221647202,0.7850581969527582,0.0
801,4,2.0467447673196344,2.9508837915795807,0.0
802,0,0.0,0.0,0.0
802,1,0.6022787461075961,-0.5958820973444166,0.0
802,2,0.5793372408542377,-1.9659086940944517,0.0
802,3,-0.23391444126600824,-2.4095364137676656,0.0
803,0,0.0,0.0,0.0
803,1,-1.2671587133080764,-0.43503152632015096,0.0
803,2,0.0884146701030295,1.2157621387854667,0.0
803,3,-0.930983093784268,1.3040948058594923,0.0
803,4,-1.058265604123854,1.0155906109915869,0.0
803,5,-1.4447041951722661,1.3885045526775242,0.0
803,6,1.7380473025003678,-0.08653468365362982,0.0
803,7,1.1759531390411306,-2.3158243283950863,0.0
803,8,1.970264358271939,-2.7862536759889207,0.0
804,0,0.0,0.0,0.0
804,1,0.3368347212420775,0.346370299757927,0.0
804,2,-1.4305747101374575,0.9077143591226978,0.0
804,3,-2.168695466520303,2.334635445145416,0.0
804,4,-4.291292224292191,3.108727926294839,0.0
805,0,0.0,0.0,0.0
805,1,-2.1729658973260153,0.9487464569162395,0.0
805,2,0.7646705788911515,1.454461568249703,0.0
806,0,0.0,0.0,0.0
806,1,1.608367354769603,0.6793275658461808,0.0
806,2,3.496592577078129,0.8749484257446951,0.0
806,3,6.274523207612172,1.944938234054432,0.0
807,0,0.0,0.0,0.0
807,1,2.1637971085965924,-0.6065474300780825,0.0
807,2,2.077324970867785,-0.6216139406685935,0.0
807,3,2.085166466828261,0.9932498501061106,0.0
807,4,4.855693059425667,2.416505242740526,0.0
807,5,3.6806828828998346,3.308858773731104,0.0
807,6,2.1927228983113403,4.1115805150911084,0.0
808,0,0.0,0.0,0.0
808,1,2.0292335152554046,1.0975986752598899,0.0
808,2,2.9324846749162083,1.9475301223234158,0.0
809,0,0.0,0.0,0.0
809,1,-0.13793300235271855,0.37614563353141517,0.0
809,2,-0.7844235282164979,0.3600888235708585,0.0
810,0,0.0,0.0,0.0
810,1,2.815760534190972,-1.200774040925059,0.0
810,2,3.8647755931810606,-2.765188545936834,0.0
811,0,0.0,0.0,0.0
811,1,0.7093855543669002,-0.9875130176958506,0.0
811,2,-4.0518785210507,-0.3234388259537997,0.0
811,3,-3.126707715296783,2.3142006811723803,0.0
812,0,0.0,0.0,0.0
812,1,0.5956300755401914,1.4558586827878497,0.0
812,2,1.2570118098549918,0.648894776378836,0.0
813,0,0.0,0.0,0.0
813,1,-1.433018215093704,-3.845453728147028,0.0
813,2,-0.597339884137505,-5.602631025357855,0.0
814,0,0.0,0.0,0.0
814,1,-1.4252299483079756,2.423210706924459,0.0
814,2,-2.7975773235696,2.5755961833903616,0.0
815,0,0.0,0.0,0.0
815,1,0.14579849361871755,-0.1978285807413424,0.0
815,2,-1.378850885170455,-1.0586987892037991,0.0
815,3,1.428926666471999,-0.3756103433607488,0.0
816,0,0.0,0.0,0.0
816,1,-2.003630589565741,-0.9270318556184777,0.0
816,2,-2.024643093614657,-2.85228039232052,0.0
816,3,-0.3504967468503248,-2.958191633952948,0.0
817,0,0.0,0.0,0.0
817,1,-2.5785638606950716,2.760132391645924,0.0
817,2,-0.6609656262087831,1.7536615456299156,0.0
817,3,1.326105214018673,2.052923087450728,0.0
817,4,2.8590751475414447,1.792786614866961,0.0
818,0,0.0,0.0,0.0
818,1,0.8493429100255123,-0.5380087706850207,0.0
818,2,-0.7292772843133188,-1.0042015181915271,0.0
818,3,-1.0440950839924474,0.844138229435452,0.0
818,4,-3.169574381244841,0.7128562166072827,0.0
818,5,-3.8363537475601426,1.869770672273913,0.0
819,0,0.0,0.0,0.0
819,1,0.5147513717933725,-0.47212013811159154,0.0
819,2,-1.6490733705610952,-1.346580710893706,0.0
819,3,-2.516128591473798,-0.19636651979304692,0.0
819,4,-3.098419609492647,-1.8829420522926328,0.0
819,5,-4.37261464644363,-2.1663274568799515,0.0
819,6,-5.279444965972575,-2.30847378750935,0.0
820,0,0.0,0.0,0.0
820,1,0.7328455750439078,2.297983487807044,0.0
820,2,1.7466734637169896,3.1804306001471168,0.0
820,3,0.6662239364059888,4.6324688627072375,0.0
820,4,2.0410440829282885,3.944528192877412,0.0
821,0,0.0,0.0,0.0
821,1,0.2853936008163167,1.1521405357725674,0.0
821,2,2.464424366471155,1.152259937656715,0.0
822,0,0.0,0.0,0.0
822,1,-1.0535014039644808,1.3207404522190749,0.0
822,2,-1.9901406208792958,0.8308338101149093,0.0
822,3,-1.9466642088615638,2.5548839124579814,0.0
822,4,-2.921237085983524,1.8832784742109845,0.0
822,5,-2.699167466361863,-1.037916806589253,0.0
822,6,-3.5132494358935897,-2.8288807378687117,0.0
823,0,0.0,0.0,0.0
823,1,1.5637418352218537,0.1747268273398182,0.0
823,2,0.43780956978489094,1.056177467081106,0.0
823,3,-0.30360536610454936,0.32067241290276666,0.0
823,4,-1.8510969327950788,1.535335972826338,0.0
824,0,0.0,0.0,0.0
824,1,0.3231487746614332,-0.9639309752833215,0.0
824,2,-0.34834306640952817,-2.4332459837962337,0.0
824,3,1.0503297790026542,-1.3183479092385884,0.0
824,4,-0.5949685706279955,-0.963936675864511,0.0
825,0,0.0,0.0,0.0
825,1,-1.7453782043855777,0.1825916170924291,0.0
825,2,-1.4412433209098665,0.49016122249323035,0.0
825,3,-2.641346351374848,2.345488741058964,0.0
825,4,-4.473255863486351,2.3675794582634353,0.0
826,0,0.0,0.0,0.0
826,1,-2.7972476981097043,0.44247962517948913,0.0
826,2,-1.37097776252109,0.4617427476058309,0.0
827,0,0.0,0.0,0.0
827,1,1.5240839684377643,0.4152141575540674,0.0
827,2,1.6401193399369665,0.7556841238263623,0.0
828,0,0.0,0.0,0.0
828,1,1.6299676450104,1.5287025697152263,0.0
828,2,1.1521760632789677,2.7654501179620965,0.0
828,3,0.002834305392264258,3.040578687677698,0.0
828,4,-1.5135687984889152,5.215004668573275,0.0
829,0,0.0,0.0,0.0
829,1,1.5827677148975043,-1.1074156942443532,0.0
829,2,3.04180973225008,-2.319504367909762,0.0
830,0,0.0,0.0,0.0
830,1,1.5286732220707557,-0.0941514469834619,0.0
830,2,4.4383576113397405,-0.2190740415991037,0.0
830,3,4.696293337876498,1.4121057494320706,0.0
831,0,0.0,0.0,0.0
831,1,0.6963275953517485,-1.5227598145548176,0.0
831,2,2.1573704161470975,-2.594383258807751,0.0
832,0,0.0,0.0,0.0
832,1,2.065215822908017,0.5557714252384002,0.0
832,2,1.073949443490759,-0.6376424873471547,0.0
832,3,0.7167935653397561,0.014571973846813302,0.0
832,4,1.1221826020823364,1.7384585339166874,0.0
833,0,0.0,0.0,0.0
833,1,0.5994259162907464,-0.09471607207120118,0.0
833,2,0.08180696837320656,0.5367041601679878,0.0
833,3,0.08012339898823456,1.7364532996905595,0.0
834,0,0.0,0.0,0.0
834,1,0.10802107689013388,2.838103714328928,0.0
834,2,1.3687936161362488,2.0966706220397016,0.0
835,0,0.0,0.0,0.0
835,1,3.33189138596991,2.6053404717640123,0.0
835,2,1.3027426856362754,2.6362758182224972,0.0
836,0,0.0,0.0,0.0
836,1,1.3973606717569718,1.404858420737348,0.0
836,2,-0.4000912600097717,0.09519600380413662,0.0
836,3,-0.11348958778922524,-0.26661006951500243,0.0
836,4,-1.0440205498661626,-2.286593745982696,0.0
837,0,0.0,0.0,0.0
837,1,-3.4247763823494237,-1.570503629267834,0.0
837,2,-5.730204984699832,-1.882385785121495,0.0
837,3,-3.807932240041593,-1.566436743487765,0.0
837,4,-5.542065262488623,-3.0451658190645805,0.0
838,0,0.0,0.0,0.0
838,1,1.1683685016566134,-3.9502492435185137,0.0
838,2,1.5688374855274205,-3.6842139419859845,0.0
839,0,0.0,0.0,0.0
839,1,1.0007251198246205,-0.20073003495511532,0.0
839,2,0.058814382116719965,0.6408196774540851,0.0
839,3,0.4764497457006124,-0.877321832411732,0.0
840,0,0.0,0.0,0.0
840,1,-2.688326979427321,-0.27039673651856805,0.0
840,2,-4.988810244033266,0.6708133292417534,0.0
841,0,0.0,0.0,0.0
841,1,-1.9512313059932889,-0.06544263013123919,0.0
841,2,-0.6409807843603782,-2.0870485106709418,0.0
841,3,1.09539120329161,0.5328095282537011,0.0
842,0,0.0,0.0,0.0
842,1,0.5425935385702689,0.5122968108703573,0.0
842,2,0.693025280352146,0.7990812360309592,0.0
843,0,0.0,0.0,0.0
843,1,0.3401204196004256,1.1085395680307573,0.0
843,2,1.468525898907647,1.467982386420745,0.0
843,3,3.855780980084962,2.7312222466694607,0.0
844,0,0.0,0.0,0.0
844,1,-0.4666411709597371,0.609283336075155,0.0
844,2,-0.11871363754357311,-0.34500219300320123,0.0
844,3,2.761785212997805,0.2908897272867348,0.0
844,4,4.153503523086802,2.2766794653397833,0.0
845,0,0.0,0.0,0.0
845,1,-0.12009171049064915,0.37279426619626144,0.0
845,2,-0.8641901699356203,0.8711870435561743,0.0
845,3,-2.852255591599831,0.5474747740449345,0.0
845,4,-2.6487658299320387,0.11271665338586981,0.0
845,5,-3.6186442994466548,1.0371738796591192,0.0
846,0,0.0,0.0,0.0
846,1,-0.1578408865115641,-1.9390082970404343,0.0
846,2,-2.388314297316777,-2.2350348206439516,0.0
847,0,0.0,0.0,0.0
847,1,-0.5392628138432967,-1.376307737947253,0.0
847,2,-0.23843885822785182,-1.0064881238959371,0.0
847,3,0.4261684176927809,1.306976031506049,0.0
847,4,-0.9232407426130258,0.2066556473095309,0.0
848,0,0.0,0.0,0.0
848,1,2.1681413678161414,-0.26425776916320376,0.0
848,2,2.0143950365433234,2.290120071468599,0.0
848,3,2.382497416698707,0.9093808239046094,0.0
848,4,2.699134144384857,2.024136413056874,0.0
848,5,2.734679034030073,2.5257978383809645,0.0
848,6,4.087453535041617,1.0075426141534665,0.0
849,0,0.0,0.0,0.0
849,1,1.6904509575495166,0.13414517413487415,0.0
849,2,0.56171583408598,0.9791563592346394,0.0
850,0,0.0,0.0,0.0
850,1,0.28920897972966847,-1.474949503946577,0.0
850,2,-1.076405969670911,-1.4721348545897603,0.0
850,3,-4.9845272681987325,-0.24880440188682273,0.0
851,0,0.0,0.0,0.0
851,1,0.7971173244027745,-0.06137952498033927,0.0
851,2,1.8525627381511183,1.6491406303966947,0.0
851,3,1.7632301375804835,2.7152568908080186,0.0
852,0,0.0,0.0,0.0
852,1,-0.023974235298734076,1.2656137087991917,0.0
852,2,-0.8780243072101209,1.5006207083467331,0.0
852,3,0.22897286731520394,2.598478288674535,0.0
852,4,-0.5506729820358416,3.7478632821596047,0.0
852,5,-2.807544757966634,5.100939343703707,0.0
852,6,-3.663137124953665,6.074857763896263,0.0
853,0,0.0,0.0,0.0
853,1,-1.0962612727522638,2.3675404164417984,0.0
853,2,-1.2473635062631947,2.368418643230773,0.0
854,0,0.0,0.0,0.0
854,1,0.989483133387308,2.009820059819213,0.0
854,2,-2.006311829474823,1.1246788195122424,0.0
855,0,0.0,0.0,0.0
855,1,-0.41909069812446376,-1.4745185340212488,0.0
855,2,-2.575667410184786,-2.0593022011714077,0.0
855,3,-3.9805558916788133,-1.155140972993283,0.0
855,4,-3.0444592756745146,-0.6670656593577662,0.0
856,0,0.0,0.0,0.0
856,1,-0.5869897824283135,-4.052134445232788,0.0
856,2,-1.6817539717386765,-5.560660026862939,0.0
856,3,-1.18759066883897,-5.742521930700117,0.0
857,0,0.0,0.0,0.0
857,1,0.7093457124803502,-0.39393882498338506,0.0
857,2,0.8458800358131056,-1.3540641334927632,0.0
857,3,0.8853405674597163,-1.447188229622308,0.0
857,4,0.7980572200984613,-1.0956824706256525,0.0
857,5,0.6352448860236843,-0.6553437965947123,0.0
857,6,3.751356336702337,-2.3163446822542513,0.0
858,0,0.0,0.0,0.0
858,1,0.5149674247532958,0.08980399824893123,0.0
858,2,-0.7044355014052042,-1.6084778830904556,0.0
859,0,0.0,0.0,0.0
859,1,0.6982664835269043,0.17326268087442265,0.0
859,2,1.0416323062882655,1.3797368996796289,0.0
859,3,0.7330331260181211,-0.7366778671182231,0.0
859,4,1.1927439490931158,-1.484049666339816,0.0
860,0,0.0,0.0,0.0
860,1,-0.07889829861219613,-3.1511592281509726,0.0
860,2,-0.8462676548151105,-1.742511154364105,0.0
860,3,-1.6472384587333506,-3.122179798216804,0.0
860,4,-0.21183347658287802,-3.023966747124577,0.0
861,0,0.0,0.0,0.0
861,1,-0.4967141655336241,-0.13401285084522574,0.0
861,2,-2.264385455347308,-1.4854435576237366,0.0
862,0,0.0,0.0,0.0
862,1,-1.9120784828992605,1.2729534653375822,0.0
862,2,-4.132573626934211,4.010710994008573,0.0
863,0,0.0,0.0,0.0
863,1,2.1259876097597106,0.20253454453902586,0.0
863,2,3.093254892624561,1.8465994739084999,0.0
863,3,1.4324506413278904,-0.6831512232716523,0.0
864,0,0.0,0.0,0.0
864,1,0.6807141667094161,1.0125420090425508,0.0
864,2,1.0600410912377098,0.2259891553466985,0.0
865,0,0.0,0.0,0.0
865,1,-2.2128511238476323,2.6348556668423617,0.0
865,2,-0.07134903179810625,1.0617647782902648,0.0
865,3,-2.7628115910299567,-1.6104013645616364,0.0
866,0,0.0,0.0,0.0
866,1,-2.5826398613707684,0.08850504299046325,0.0
866,2,-2.3635042073072374,0.9066388274793145,0.0
866,3,-0.26186168871730686,-0.16963755437143635,0.0
866,4,1.144351992960786,-1.9779468539996994,0.0
866,5,2.260935001750166,-2.5371187460817457,0.0
866,6,2.3725888982352394,-0.030482812963688488,0.0
866,7,2.591209107353738,-1.7864870456179955,0.0
867,0,0.0,0.0,0.0
867,1,-0.564377776537863,-0.48973563612156035,0.0
867,2,-0.026044001486603907,-1.545108868103945,0.0
868,0,0.0,0.0,0.0
868,1,-0.38588050516672157,-1.464187986944089,0.0
868,2,-0.10055108909754018,-0.3657499042499541,0.0
869,0,0.0,0.0,0.0
869,1,1.4984345042613092,-0.313203998438357,0.0
869,2,1.22845755432775,0.3193489732608614,0.0
870,0,0.0,0.0,0.0
870,1,-0.10406047717642031,2.4338629671173595,0.0
870,2,1.5315108678586324,3.347741340375776,0.0
870,3,2.664701215887438,2.3158427238246024,0.0
870,4,2.1719583593279372,2.9409782164241793,0.0
870,5,2.3787587169541555,3.278278065004457,0.0
871,0,0.0,0.0,0.0
871,1,-0.19075373559073106,0.5104453175025262,0.0
871,2,-0.42026518390496703,-0.12629097242902376,0.0
871,3,0.45249184768861817,-1.5100762483634977,0.0
872,0,0.0,0.0,0.0
872,1,-0.4990421960105838,0.9767329333576233,0.0
872,2,-1.9627372671836156,1.8364400905869633,0.0
872,3,-3.124113959951487,-0.4647248271552415,0.0
872,4,-2.3449876383690214,0.18989107987068327,0.0
872,5,-6.670881183125479,1.674957050507495,0.0
873,0,0.0,0.0,0.0
873,1,1.7368231515248451,-1.1980498840105651,0.0
873,2,-0.7944143011964953,-1.3841074066778822,0.0
874,0,0.0,0.0,0.0
874,1,0.8815183848328156,0.4618765900501871,0.0
874,2,1.984524849749775,-0.5442833779347138,0.0
874,3,2.1992011364722672,-1.281508819315335,0.0
875,0,0.0,0.0,0.0
875,1,-0.9983465070384493,-0.9504363688864896,0.0
875,2,0.7456606952702844,-0.05128886785432707,0.0
876,0,0.0,0.0,0.0
876,1,1.5882741114092587,2.7906948568519914,0.0
876,2,3.5486334482303263,4.0051567312609375,0.0
876,3,3.9127101486175313,3.815665546962231,0.0
877,0,0.0,0.0,0.0
877,1,-1.7452105801798257,1.1122546210790736,0.0
877,2,1.3883610908458972,0.6899646629052113,0.0
878,0,0.0,0.0,0.0
878,1,-0.10597981577981974,-0.5848172606462441,0.0
878,2,0.9268352191865374,-0.3907064724095363,0.0
878,3,-0.7906847220306117,-0.18758716370019762,0.0
878,4,-1.4924164437439655,1.1500308578978435,0.0
879,0,0.0,0.0,0.0
879,1,1.407109482482915,1.5452753045446381,0.0
879,2,-0.24217957657866263,0.427762565285734,0.0
880,0,0.0,0.0,0.0
880,1,-0.6748414312443982,-0.7379430299757397,0.0
880,2,-1.3269937258473874,-0.9536380940953677,0.0
880,3,0.3603447337780369,-1.4043868083955813,0.0
880,4,-0.3836417682923494,-1.3780571452432528,0.0
881,0,0.0,0.0,0.0
881,1,0.35681678421007357,2.008267164327729,0.0
881,2,0.5987943232214641,1.1950266577826514,0.0
882,0,0.0,0.0,0.0
882,1,-1.4933060042100395,1.83657744000111,0.0
882,2,1.4716457029005205,0.5672967049894274,0.0
882,3,-0.9508465589026674,2.4995302113240143,0.0
882,4,-0.5056789141025589,1.9395372322537892,0.0
883,0,0.0,0.0,0.0
883,1,-3.451579355968859,1.2787986952575172,0.0
883,2,-2.6894551053140874,-0.6897472592097562,0.0
883,3,-0.9775959918853094,-2.136210795209058,0.0
883,4,-2.806137111751752,-4.220485877252194,0.0
883,5,-4.709543187007812,-7.32634610479698,0.0
884,0,0.0,0.0,0.0
884,1,0.04677007618310158,-1.8310324376923681,0.0
884,2,-0.4435924759200627,-3.0223513618582523,0.0
884,3,-0.3598489085531553,-3.6542023054792896,0.0
884,4,0.27850560892322695,-2.629758025988825,0.0
884,5,-1.7613530926511207,-1.8990387299959286,0.0
884,6,-0.35720292322267233,-2.041444953614005,0.0
884,7,-1.3144345675868156,-4.897290469073677,0.0
884,8,-2.4760011007816827,-4.374069900456715,0.0
884,9,-2.9103583083477877,-4.941790451627928,0.0
884,10,-4.205833085110079,-2.618398850323822,0.0
885,0,0.0,0.0,0.0
885,1,1.0152830991471302,1.451144197181624,0.0
885,2,1.8435410671133114,0.17660036044771643,0.0
885,3,-1.6067113988103703,0.18282882883993068,0.0
885,4,-1.2289304140438753,-0.3923384354637838,0.0
885,5,-1.902716645054837,0.09589051697169415,0.0
886,0,0.0,0.0,0.0
886,1,-1.3515578971809572,-2.1913172874704445,0.0
886,2,-2.003031588152441,-2.3117303983477053,0.0
887,0,0.0,0.0,0.0
887,1,1.2439207788466466,-2.5005001138177856,0.0
887,2,1.8160980842209458,-2.450432936800476,0.0
887,3,3.721129533826427,-3.750993340660519,0.0
887,4,1.5225869057644263,-2.900643013455367,0.0
888,0,0.0,0.0,0.0
888,1,0.017257972817011913,1.8226745127206507,0.0
888,2,-2.048430349034394,4.208901780895743,0.0
889,0,0.0,0.0,0.0
889,1,-1.2945535460911786,-1.853718702949318,0.0
889,2,-2.717234104997209,0.3484107895777817,0.0
889,3,-1.4485698309384505,0.9752844253906965,0.0
889,4,-0.3784758927049128,2.33307822823494,0.0
889,5,-0.6096301249632459,1.3796236553194428,0.0
890,0,0.0,0.0,0.0
890,1,-2.021614861346531,3.021042330804763,0.0
890,2,-1.3830908970995952,1.4925392515985916,0.0
890,3,-1.3488407532793514,1.0150985072644922,0.0
891,0,0.0,0.0,0.0
891,1,0.7816108275495659,-0.7289021565799856,0.0
891,2,1.511514294128435,-0.15439365232217206,0.0
892,0,0.0,0.0,0.0
892,1,-0.35847989983145523,0.7442714629294122,0.0
892,2,1.0630224387823906,0.9601792206410903,0.0
892,3,2.7082773063980476,1.0775076973098536,0.0
892,4,3.695088098561533,2.092400487082349,0.0
893,0,0.0,0.0,0.0
893,1,0.44901000948272385,0.9252636278115078,0.0
893,2,0.4845623651091475,0.2594409104560367,0.0
894,0,0.0,0.0,0.0
894,1,-2.2601359920555297,-0.5330946832506357,0.0
894,2,-4.083802524329391,0.8148450873981844,0.0
894,3,-7.339814802484415,0.6859083042841118,0.0
895,0,0.0,0.0,0.0
895,1,0.40059876111847315,2.409775411269996,0.0
895,2,-1.3420462167019065,4.811717950477892,0.0
896,0,0.0,0.0,0.0
896,1,-1.3642261594767056,-0.6243192573787866,0.0
896,2,-3.8623442036401445,-1.9243347618439426,0.0
896,3,-2.046229405332532,-0.2674085916472979,0.0
897,0,0.0,0.0,0.0
897,1,1.2056070220936919,-2.2375745630757886,0.0
897,2,5.349998851536407,-2.535530730014088,0.0
898,0,0.0,0.0,0.0
898,1,0.15673149358942706,-0.8057276573310498,0.0
898,2,-1.2598005051077446,0.3027465192994081,0.0
898,3,-0.9421817867405896,0.4807354255294407,0.0
899,0,0.0,0.0,0.0
899,1,-1.1797637670118089,-0.17934063156864122,0.0
899,2,-0.8943272953187154,2.3500771201013855,0.0
900,0,0.0,0.0,0.0
900,1,-1.896118702914647,-1.1441722106929062,0.0
900,2,-1.3906646134357337,-1.9893569204381647,0.0
900,3,-1.2278487374342444,-2.6505380584950524,0.0
900,4,-3.491125832498316,-1.9123510244595234,0.0
901,0,0.0,0.0,0.0
901,1,0.20605061806975844,1.2098921885048648,0.0
901,2,-0.17875889262123745,-0.13973343081972495,0.0
902,0,0.0,0.0,0.0
902,1,-1.5447913506232474,1.7002001091506,0.0
902,2,-0.8959271821651336,0.8033108002307321,0.0
903,0,0.0,0.0,0.0
903,1,-1.2219612738132462,0.5435088477166623,0.0
903,2,-2.099674676019065,1.7606355211617424,0.0
903,3,-1.535984252152646,4.458308340556664,0.0
903,4,-0.7172146948687442,7.384392895063094,0.0
903,5,-3.011136990253099,8.023092453948639,0.0
903,6,-3.197068081713157,6.310756065751233,0.0
903,7,-2.5505981772484,8.463144078356265,0.0
904,0,0.0,0.0,0.0
904,1,2.06956483439805,-0.19210311833910998,0.0
904,2,1.6539112443290427,-2.213441038197399,0.0
905,0,0.0,0.0,0.0
905,1,1.6199300919813735,-3.716826916275552,0.0
905,2,2.0104336392376796,-6.199204557529977,0.0
905,3,0.8013109947582446,-4.541260847367202,0.0
906,0,0.0,0.0,0.0
906,1,-1.1747177678612488,2.5359298686446805,0.0
906,2,-0.29789240044703996,3.7313042268121204,0.0
907,0,0.0,0.0,0.0
907,1,0.17622819749285368,-0.72576656605587,0.0
907,2,-2.057152826159071,-1.6449121074353843,0.0
908,0,0.0,0.0,0.0
908,1,-0.013272335685207803,-1.876443075568016,0.0
908,2,1.4053485918253301,-3.1805565088710614,0.0
909,0,0.0,0.0,0.0
909,1,-0.06318194322770654,1.14922602255177,0.0
909,2,1.602630994837147,0.31497452585076813,0.0
909,3,2.0014238918567724,-0.48553591677198493,0.0
909,4,2.751520967072273,0.3776192901679769,0.0
910,0,0.0,0.0,0.0
910,1,1.0311268586106195,0.20560720596420579,0.0
910,2,0.9377700070953692,1.9178087027801811,0.0
911,0,0.0,0.0,0.0
911,1,0.550062587965362,0.4781660138641045,0.0
911,2,2.3959215794088946,0.18831419156440324,0.0
911,3,3.2237294359402062,1.1997190398705162,0.0
911,4,3.116770388418362,-0.6182044224921427,0.0
911,5,4.548608415411571,-4.1731436804081605,0.0
911,6,4.356792911149161,-3.9840297219270004,0.0
911,7,4.104148442571335,-3.9188279174092955,0.0
911,8,3.4222148131463,-4.992228525452451,0.0
912,0,0.0,0.0,0.0
912,1,0.17704391709494782,-0.16690885246676077,0.0
912,2,-0.5681705155459102,-0.6352327624440954,0.0
913,0,0.0,0.0,0.0
913,1,-0.6494371891283228,1.14575333481907,0.0
913,2,-0.37568633916598193,0.37649717880099953,0.0
913,3,-0.9143602616942461,0.9933485629052593,0.0
914,0,0.0,0.0,0.0
914,1,0.17090626359007732,0.6689473884180304,0.0
914,2,0.9998917484502248,0.8887126291373537,0.0
915,0,0.0,0.0,0.0
915,1,-2.3976327844158614,-1.3152383520023898,0.0
915,2,-3.6630174780821467,0.3289524879714567,0.0
916,0,0.0,0.0,0.0
916,1,-0.7847882814350782,1.1724783185952719,0.0
916,2,1.7127815878381547,0.4350115366152658,0.0
916,3,1.8907090715944372,1.219972187560439,0.0
916,4,2.1224863000750025,2.0664375924582052,0.0
916,5,1.6443271697167372,2.111234642318823,0.0
917,0,0.0,0.0,0.0
917,1,0.03189666349761122,-2.862350917419713,0.0
917,2,-0.5592971990790082,-0.5511114226622014,0.0
918,0,0.0,0.0,0.0
918,1,0.13137113644529308,0.624855826204459,0.0
918,2,1.2483828617841732,0.6823840000873156,0.0
919,0,0.0,0.0,0.0
919,1,-0.22015756036425374,-0.30822590754610346,0.0
919,2,1.396519673364725,1.1168817387653482,0.0
919,3,-1.029148590206311,0.7584020606502221,0.0
919,4,-0.9679977532599473,0.7205467378380729,0.0
920,0,0.0,0.0,0.0
920,1,0.7586515077886637,-0.46991163204857433,0.0
920,2,-0.42111955572479953,-0.5928049847188818,0.0
920,3,0.27574905663542215,0.28685667128869685,0.0
920,4,-0.9376300257564247,-1.7231612335137165,0.0
921,0,0.0,0.0,0.0
921,1,2.8659662140550575,1.4236686277517512,0.0
921,2,2.2242444971317625,-1.8814537652722747,0.0
922,0,0.0,0.0,0.0
922,1,-2.7648666250309777,-0.1682805615085421,0.0
922,2,-2.7797035512132933,1.0008680026845016,0.0
923,0,0.0,0.0,0.0
923,1,-0.4250965066094503,-0.014867666472820784,0.0
923,2,0.7927208285208582,0.9039034844155109,0.0
923,3,1.2531614642243303,1.0959839553148372,0.0
923,4,3.242947841382309,1.8397902993736843,0.0
923,5,3.4792352795038823,2.6253723688267265,0.0
923,6,6.869194302756509,2.6018811829079183,0.0
923,7,7.322342298036603,2.391874827295642,0.0
924,0,0.0,0.0,0.0
924,1,0.051159809268363166,0.234246638022691,0.0
924,2,-0.43741078476570117,-0.5257111880503499,0.0
924,3,2.0526140758441307,-1.8068911791166415,0.0
924,4,3.928390431995182,-4.790904920152145,0.0
925,0,0.0,0.0,0.0
925,1,-1.5102476343830338,1.0210481376735139,0.0
925,2,-0.49944038944875757,-0.37856100604687004,0.0
925,3,-0.6615023402177231,0.14725344859222722,0.0
925,4,-0.7955180047664366,-0.6872733704499321,0.0
925,5,-3.4083604289378093,0.2359276595994907,0.0
926,0,0.0,0.0,0.0
926,1,-0.7263441845194274,1.9608825892061548,0.0
926,2,-0.8087012160005247,-1.0902217846603102,0.0
927,0,0.0,0.0,0.0
927,1,0.5993861519997876,1.8986144282785453,0.0
927,2,-1.9449762583733554,3.1659011723145,0.0
927,3,-1.4124541196572815,3.153548881458415,0.0
928,0,0.0,0.0,0.0
928,1,-0.45476910976880447,1.0566438724452307,0.0
928,2,-0.537369807042613,-0.23905320900667526,0.0
928,3,-2.971014276864354,-1.016737588178009,0.0
928,4,-2.099540256293543,-0.7538600912821087,0.0
928,5,-3.5462128608286507,-1.6451461381214052,0.0
928,6,-3.7868581407079738,-0.2212370251359721,0.0
928,7,-1.9294801265809183,1.0954316661654824,0.0
928,8,-2.948940620479884,2.2553783409951382,0.0
928,9,-3.7630396626942106,2.0652585454934504,0.0
928,10,-3.5560817468647565,-0.2675061557623548,0.0
928,11,-2.524775220929974,-2.0785556492170603,0.0
928,12,-3.9740486565346442,-0.179013856370271,0.0
928,13,-5.2191876160333255,0.19336242733848286,0.0
928,14,-4.410993439793567,-0.05520101471141803,0.0
928,15,-2.5014458726060838,0.9876636313131489,0.0
928,16,-3.105977637401417,0.6292052293568009,0.0
928,17,-4.788619136859345,0.017617744883840047,0.0
928,18,-6.64965380921467,-0.07358569938788795,0.0
928,19,-4.965847547724786,1.2199123228797988,0.0
928,20,-4.502531899122638,-0.3580799699346431,0.0
928,21,-4.82681793556653,-0.7943421573633325,0.0
928,22,-3.7059295549731823,-1.0341416485795423,0.0
929,0,0.0,0.0,0.0
929,1,0.9831834833760507,1.1120879825469485,0.0
929,2,-0.45396819725287796,1.0832308742376466,0.0
929,3,1.2442577602105591,0.43404072353707424,0.0
930,0,0.0,0.0,0.0
930,1,2.732741378410194,0.0408697961370712,0.0
930,2,2.416359961455506,-0.07090117511262228,0.0
930,3,3.0335716095263856,-1.2378488198054878,0.0
930,4,1.5484225390205775,-2.467039749065435,0.0
931,0,0.0,0.0,0.0
931,1,0.5064424954674869,0.634464986123252,0.0
931,2,0.8405438257781825,0.3425528778499384,0.0
931,3,-0.6849061097660122,1.8293126386432563,0.0
932,0,0.0,0.0,0.0
932,1,1.2628997069923025,2.18999303399453,0.0
932,2,2.8115096708756786,3.344109697021252,0.0
932,3,3.305978845641018,4.674060153379561,0.0
933,0,0.0,0.0,0.0
933,1,1.9524890442813823,2.0481299997232463,0.0
933,2,3.5501075736789636,1.535728759001708,0.0
933,3,1.76019856086527,2.689029462241835,0.0
934,0,0.0,0.0,0.0
934,1,1.118705030546973,-1.0974129565884807,0.0
934,2,2.3471345340691583,1.1979366911791198,0.0
934,3,1.1624036715128847,1.579113186579195,0.0
935,0,0.0,0.0,0.0
935,1,3.6069588157379857,-1.153780707202973,0.0
935,2,2.9493681775060177,0.49271302846414017,0.0
936,0,0.0,0.0,0.0
936,1,-0.7498909869629271,0.22479412881942662,0.0
936,2,-1.003807526576919,1.7324379985875642,0.0
937,0,0.0,0.0,0.0
937,1,-0.16052964800941094,-0.6378963662105482,0.0
937,2,1.849931446375586,0.5909903126223822,0.0
937,3,1.3284222577651295,1.7691020501103933,0.0
937,4,3.268970775884451,5.015775414469845,0.0
937,5,5.5586251842247645,6.49267252351599,0.0
937,6,4.987901212688476,6.222938773655159,0.0
937,7,2.7021427446685005,4.428112085485412,0.0
938,0,0.0,0.0,0.0
938,1,-1.4795976049208295,0.5061757937465517,0.0
938,2,-4.058648321545021,-1.9758521817220727,0.0
938,3,-4.153706059983199,0.7070765793447782,0.0
938,4,-5.034747407852193,1.5164458386259616,0.0
939,0,0.0,0.0,0.0
939,1,-2.7934211558641815,-0.4462768684174043,0.0
939,2,-3.908367110269956,-1.9211574872159416,0.0
939,3,-1.3615929654508863,-0.9517580463802432,0.0
940,0,0.0,0.0,0.0
940,1,1.2763441280461147,1.585559592766899,0.0
940,2,0.850401417505662,0.5263914946740091,0.0
941,0,0.0,0.0,0.0
941,1,-0.06633817377562545,-2.142960762530964,0.0
941,2,2.199292442989205,-3.782678373338247,0.0
941,3,1.235679050300054,-5.477568656237389,0.0
941,4,-0.48526812685904464,-2.460626506506876,0.0
941,5,-0.5505199060310191,-1.4871445397678487,0.0
941,6,-1.7922418830549,-2.6962924432466133,0.0
941,7,-1.3141406455914808,-1.8095428937566627,0.0
942,0,0.0,0.0,0.0
942,1,1.7901268239568178,2.100855781875821,0.0
942,2,2.096371797103279,2.5014779978729695,0.0
943,0,0.0,0.0,0.0
943,1,0.610184113921892,0.30719374407381517,0.0
943,2,0.7133705402511101,3.5131798653284485,0.0
943,3,0.5369598523115633,3.9292972568945106,0.0
943,4,-0.3991114419122386,3.589420859555974,0.0
943,5,-4.8606122896399215,5.360995747233241,0.0
943,6,-7.00250489458848,4.752067828484465,0.0
944,0,0.0,0.0,0.0
944,1,0.2776598737126593,1.0404281324844782,0.0
944,2,0.4666430020336869,1.3421948316554912,0.0
944,3,0.2037467668420252,0.8997066619453726,0.0
945,0,0.0,0.0,0.0
945,1,0.02584353735095868,0.9933396656113871,0.0
945,2,0.17492003110234777,-0.4975236628778532,0.0
946,0,0.0,0.0,0.0
946,1,1.0474161414358125,-0.4936660620649016,0.0
946,2,0.8590112261526061,-2.7637940348192256,0.0
946,3,2.2927795313678403,-2.1717810525085364,0.0
947,0,0.0,0.0,0.0
947,1,4.24776442656844,0.12742069670975087,0.0
947,2,5.491846360478998,0.6695077461634094,0.0
948,0,0.0,0.0,0.0
948,1,1.504451255661082,3.0784295457379005,0.0
948,2,1.7127939106136538,4.9720996332135705,0.0
948,3,2.506433832135322,7.917298509557741,0.0
949,0,0.0,0.0,0.0
949,1,-0.08027558429274495,1.1392956511633425,0.0
949,2,0.25747659627307695,1.1717372994523136,0.0
949,3,-0.24178155055213857,1.1139143911719689,0.0
949,4,-0.24585410211579561,2.5918457445491563,0.0
949,5,-0.8133050614434963,3.9718291243789605,0.0
949,6,-2.6522384218438906,7.170262176397699,0.0
949,7,-2.4628660186426035,7.419673457780705,0.0
949,8,2.0050600881413785,7.444915974514192,0.0
949,9,3.9103036089069683,8.102688671869092,0.0
949,10,5.05270661571023,9.727819001397783,0.0
950,0,0.0,0.0,0.0
950,1,-0.2771092681442793,-1.06273741997074,0.0
950,2,0.05113157152962333,1.0063116159363525,0.0
950,3,1.4788126496982281,-0.03783401144637,0.0
950,4,0.9276028955585645,0.555962240526221,0.0
950,5,1.9900688106434792,0.8707614034968821,0.0
950,6,2.1656242711804508,2.9155528365787307,0.0
950,7,3.096916595764014,3.841496479406045,0.0
950,8,2.936542307703676,4.484579279366985,0.0
950,9,2.878883996960672,4.680370188414082,0.0
951,0,0.0,0.0,0.0
951,1,1.5031746758991338,2.239176668686447,0.0
951,2,0.6617679821003803,2.7816607173781853,0.0
951,3,-2.825129858208356,1.3825526490139701,0.0
952,0,0.0,0.0,0.0
952,1,0.694116058736435,1.746638136272538,0.0
952,2,1.2073888827108128,2.331879122878613,0.0
953,0,0.0,0.0,0.0
953,1,-0.8183238801988422,-0.9517850329082227,0.0
953,2,-1.0845428700177129,-1.364964465036949,0.0
954,0,0.0,0.0,0.0
954,1,0.3326525258274985,0.9213842427142099,0.0
954,2,-3.605992045871235,2.510071619186935,0.0
954,3,-3.9356361266147855,3.1523383856631795,0.0
954,4,-3.5141450669862144,2.997461170585636,0.0
954,5,-4.5135870947014585,2.0242837858151086,0.0
954,6,-4.006583224666377,1.7304311028022883,0.0
954,7,-4.0481379327206435,1.2261583384745016,0.0
954,8,-2.286734560611641,0.05232102043999054,0.0
955,0,0.0,0.0,0.0
955,1,0.5322327449628763,0.14510403397494165,0.0
955,2,-0.48135487829743595,0.11280182497456193,0.0
955,3,0.5457879968090626,-2.3670156274174503,0.0
955,4,-0.7722776799151718,-2.517986783865145,0.0
956,0,0.0,0.0,0.0
956,1,-0.23936935201874832,-0.39775675457767257,0.0
956,2,-0.1508844189671752,0.2956396695599881,0.0
956,3,0.17336216306590968,-1.4220139636152567,0.0
956,4,0.35616260275187583,-2.7117479203872366,0.0
957,0,0.0,0.0,0.0
957,1,-1.4549912869947805,-1.3709964645569093,0.0
957,2,0.33085933572293336,0.9954776332702915,0.0
958,0,0.0,0.0,0.0
958,1,1.7580288680953178,-0.787827100177152,0.0
958,2,0.4187780348593382,-0.149304668696622,0.0
958,3,1.321559649072416,-0.461629311063034,0.0
959,0,0.0,0.0,0.0
959,1,0.02107780573800369,0.7746972651519648,0.0
959,2,0.5386866863960798,0.611555538937864,0.0
959,3,0.38576505826602325,0.2980950135271043,0.0
960,0,0.0,0.0,0.0
960,1,0.6077966700097305,-1.2163193414021691,0.0
960,2,0.6314994908748124,-2.462203467654077,0.0
960,3,1.8945947331735338,-1.0725054486274725,0.0
961,0,0.0,0.0,0.0
961,1,3.2052766654364375,-1.0096416848331788,0.0
961,2,3.014123705986647,-1.50686619574399,0.0
961,3,2.662657109574011,0.19875341298461535,0.0
961,4,0.5575490476718747,0.5230847783889991,0.0
961,5,0.08409848939478737,-0.5354251821560272,0.0
961,6,0.13196492094624013,-3.6703877403630996,0.0
961,7,2.67767689825745,-3.6065724247105333,0.0
961,8,3.9609858084424103,-3.972818476988966,0.0
961,9,4.515619643698496,-2.1116288104954544,0.0
962,0,0.0,0.0,0.0
962,1,2.310888658235753,1.3646944171322999,0.0
962,2,-0.013573298612671536,-0.2502090845354954,0.0
962,3,0.28905124123908843,-0.6994686014641545,0.0
962,4,-0.310320371631016,0.3987535355178047,0.0
962,5,2.1641795507548514,-0.47973775827556275,0.0
963,0,0.0,0.0,0.0
963,1,-1.4950878192706083,1.1471367876854655,0.0
963,2,-4.47347350037751,-0.9006746033353594,0.0
963,3,-5.431971582030068,-0.17669598703799994,0.0
963,4,-5.846616880281216,0.43026999679517586,0.0
963,5,-5.990445156274502,1.1693875303366061,0.0
963,6,-4.4617571081157195,0.6157667707661507,0.0
963,7,-4.467739466306336,3.095221124049422,0.0
963,8,-4.135486051134329,1.8595586690667614,0.0
964,0,0.0,0.0,0.0
964,1,-0.05807259668340681,2.102524883782958,0.0
964,2,0.1942282408961895,3.438733690756665,0.0
964,3,1.1567053079181095,1.9901228693413722,0.0
965,0,0.0,0.0,0.0
965,1,-0.5952651152268215,1.6772840347511915,0.0
965,2,-1.131617773922215,0.5665112214893788,0.0
966,0,0.0,0.0,0.0
966,1,-3.2012234404710123,0.024586935433072,0.0
966,2,-3.98550512776004,-1.6420901020847873,0.0
966,3,-4.5899505285491,-1.3429232673898395,0.0
967,0,0.0,0.0,0.0
967,1,2.4283461503086894,-1.197164261623319,0.0
967,2,1.8968288907430928,-0.9492307113888838,0.0
968,0,0.0,0.0,0.0
968,1,0.35402318722265513,-1.0423535894172897,0.0
968,2,-1.145914019869133,-1.5157518505504648,0.0
968,3,-1.0415756628593016,0.34374392804152,0.0
969,0,0.0,0.0,0.0
969,1,0.45615328707116176,2.002021399731606,0.0
969,2,1.5261944840348496,0.5060719779770886,0.0
970,0,0.0,0.0,0.0
970,1,-2.2997981470077846,0.6628979228590457,0.0
970,2,-1.1046852054194858,0.20200418139078313,0.0
970,3,-1.6373245596017059,0.8584119997569608,0.0
971,0,0.0,0.0,0.0
971,1,0.18394920820643268,0.660996427636086,0.0
971,2,0.04291352503262713,-3.4441917985075885,0.0
972,0,0.0,0.0,0.0
972,1,-0.723779687161647,0.15169313901415182,0.0
972,2,-1.2229870426357856,0.7160893330066264,0.0
973,0,0.0,0.0,0.0
973,1,-0.13471789043424742,1.186479827341455,0.0
973,2,1.56118416326847,0.49996775687165873,0.0
973,3,-0.0633429793415381,0.6419405259935591,0.0
974,0,0.0,0.0,0.0
974,1,0.6244954651728787,0.4448875252136444,0.0
974,2,-0.07413967589415793,1.1305076439771613,0.0
975,0,0.0,0.0,0.0
975,1,-0.1204541938699073,-0.2101265636966505,0.0
975,2,-1.1103677434664814,1.3489773673922691,0.0
975,3,-3.2472316349998582,1.5057994693179637,0.0
975,4,-3.625655552342182,4.0619804689868335,0.0
975,5,-3.3350296135925683,3.6419484019446826,0.0
975,6,-2.783639949550759,3.928993201280447,0.0
975,7,-3.028562187260576,4.909343600543715,0.0
975,8,-2.5028957233530162,8.052469301634359,0.0
976,0,0.0,0.0,0.0
976,1,1.3940143694295664,0.7252809198193257,0.0
976,2,1.3842784256454157,0.4236341583952532,0.0
976,3,2.225715998647882,-3.2881301131400242,0.0
977,0,0.0,0.0,0.0
977,1,-0.1617761835860303,0.8886495058145663,0.0
977,2,-1.5294964783329403,1.5893302339851108,0.0
978,0,0.0,0.0,0.0
978,1,-1.2458456666030244,0.3147408948344035,0.0
978,2,-0.9874820723472881,0.5139792519690323,0.0
979,0,0.0,0.0,0.0
979,1,0.3918353529069538,1.8638699280812328,0.0
979,2,-1.507264562649605,0.6804980598911963,0.0
979,3,-4.045388060618185,0.5391899305498805,0.0
980,0,0.0,0.0,0.0
980,1,0.892580430680284,0.5916446409028596,0.0
980,2,2.245997354136397,2.2029917034566777,0.0
981,0,0.0,0.0,0.0
981,1,-0.7938964499705669,-0.33093483338032526,0.0
981,2,0.9910537828776811,-0.8447979085566715,0.0
981,3,1.1627817464822765,-1.9946240280738112,0.0
982,0,0.0,0.0,0.0
982,1,-1.7550431093559458,1.8358648432516325,0.0
982,2,-0.4828749397953045,3.666748319800389,0.0
983,0,0.0,0.0,0.0
983,1,0.13884101727251108,0.7625591021386737,0.0
983,2,-0.2711305171350504,3.6845780816371345,0.0
983,3,0.7918768790607172,3.7257355087078263,0.0
983,4,-0.6580775837792944,2.21928218200361,0.0
983,5,1.0971924574056175,1.4030845105485632,0.0
983,6,0.5970389402616547,4.422033698178776,0.0
984,0,0.0,0.0,0.0
984,1,1.3315948257767007,0.7595975726787498,0.0
984,2,2.5884716319127006,-0.8758164063074292,0.0
985,0,0.0,0.0,0.0
985,1,0.8776849568849237,-0.7870369773251891,0.0
985,2,3.7425021061955643,-2.0671802270979542,0.0
985,3,5.860276972677685,-2.1454669411567036,0.0
986,0,0.0,0.0,0.0
986,1,-3.1125241096813636,-0.7372430773142125,0.0
986,2,-4.421432981930782,-0.5639772312358671,0.0
986,3,-3.544444987024604,-0.20632057219186378,0.0
986,4,-5.786197821210419,-1.2952131464069723,0.0
987,0,0.0,0.0,0.0
987,1,-0.4919962206728979,-2.385369686673931,0.0
987,2,-0.9300657796091449,-1.6244996798543991,0.0
988,0,0.0,0.0,0.0
988,1,0.9858908052838737,-1.449941353552544,0.0
988,2,1.2029274421939076,-0.49915807655314337,0.0
988,3,0.08231903031305476,-1.5328920265455381,0.0
988,4,0.9389508930706394,-5.270671975593688,0.0
988,5,0.331591567699528,-5.545109715968081,0.0
989,0,0.0,0.0,0.0
989,1,-0.27209972633130697,0.5749718940872484,0.0
989,2,-0.057695822354314696,1.458346142658793,0.0
990,0,0.0,0.0,0.0
990,1,-0.0015128148945904307,0.9332904415332708,0.0
990,2,0.6349264534968664,3.719069312585457,0.0
990,3,3.392339514207677,4.712707584206027,0.0
990,4,4.417853221051843,4.649342709964959,0.0
991,0,0.0,0.0,0.0
991,1,-0.014944737454660517,1.2484846061360249,0.0
991,2,0.7446370377703188,2.655484472874236,0.0
992,0,0.0,0.0,0.0
992,1,-0.4577694006115913,-0.40928164643127585,0.0
992,2,-0.16626877447000954,2.203612539201824,0.0
992,3,-1.2519446250156943,2.4026189917429535,0.0
993,0,0.0,0.0,0.0
993,1,-1.5795119338655308,0.5725640749498544,0.0
993,2,-0.17821239083403095,-0.9503196934541498,0.0
994,0,0.0,0.0,0.0
994,1,1.5299334466678893,2.74922129782583,0.0
994,2,1.165081845463366,0.8663279974243159,0.0
994,3,1.480664287395572,2.5786453321603906,0.0
994,4,1.0109446449901067,2.9568613816070624,0.0
995,0,0.0,0.0,0.0
995,1,-2.6902390418221964,1.305492184846736,0.0
995,2,-3.1033171659272725,1.4683540451650159,0.0
995,3,-4.415984761435738,0.47566136476580645,0.0
995,4,-3.141190410943267,2.053761395927852,0.0
996,0,0.0,0.0,0.0
996,1,-1.0430450281140953,-1.9501887764799577,0.0
996,2,-0.10936762336617356,-2.4265291970003307,0.0
996,3,-0.15574944190406148,-2.7654650457452887,0.0
996,4,0.13671243428634616,-3.6613690935012473,0.0
997,0,0.0,0.0,0.0
997,1,-0.48680778255290846,-0.17691651409111486,0.0
997,2,-1.7089023173467317,-1.4430410109973375,0.0
998,0,0.0,0.0,0.0
998,1,0.9680198827173716,-0.8030009405045386,0.0
998,2,2.7700470342702066,1.09370960024308,0.0
999,0,0.0,0.0,0.0
999,1,-1.9544658360002969,-0.1756963647111549,0.0
999,2,-1.3777873368796865,0.4252215861793758,0.0
999,3,2.154067563015334,3.650597504511003,0.0
