traj_idx,frame,x,y,z
0,0,0.0,0.0,0.0
0,1,2.096046676775606,0.6676374291959386,0.0
0,2,-1.0292119385095546,0.19395766752158994,0.0
1,0,0.0,0.0,0.0
1,1,0.18772366823656017,-1.1320646870353448,0.0
1,2,0.2719913340216741,-0.8917556973535282,0.0
1,3,2.0050661538800485,-0.8240865644525263,0.0
2,0,0.0,0.0,0.0
2,1,-3.2987620653262915,-1.4177548109039115,0.0
2,2,-1.1896099855423108,0.3911492110944942,0.0
2,3,-1.4969184954856216,1.0469496778719285,0.0
2,4,-1.767735181344864,0.9565750814004167,0.0
2,5,-0.9770791096293153,0.018130334037610996,0.0
3,0,0.0,0.0,0.0
3,1,-0.63357165708741,0.4687420347785316,0.0
3,2,-0.6182760058852959,-0.8470392812965073,0.0
4,0,0.0,0.0,0.0
4,1,2.2966702229060156,-1.1834508709235996,0.0
4,2,2.932884179747421,-1.4853009395762258,0.0
4,3,1.8789130704778811,-0.44494751082607176,0.0
5,0,0.0,0.0,0.0
5,1,-2.2764322856063095,-2.3084227576061234,0.0
5,2,0.3605073056094561,-2.8795750888707747,0.0
5,3,0.3642644485615505,-2.9153149145404162,0.0
5,4,1.1288487416903097,-2.6025454561487247,0.0
5,5,0.37877546878156165,-1.4042201328060333,0.0
5,6,3.1413424639055014,-4.01968870880528,0.0
5,7,1.4985501303875997,-5.515251719944472,0.0
6,0,0.0,0.0,0.0
6,1,-1.9479200287516418,-1.0302079013251049,0.0
6,2,-0.9858537819048196,-2.252428832914429,0.0
6,3,-2.161794536988661,-0.905179429661308,0.0
6,4,0.04340938423854013,-3.4069057458193233,0.0
6,5,0.8454289631165013,-1.9185415207144816,0.0
7,0,0.0,0.0,0.0
7,1,1.2175785387436928,-2.1931460847080286,0.0
7,2,0.9896790223383803,-0.16882083005498716,0.0
7,3,1.0765621294415522,-0.5191542840091887,0.0
7,4,-0.10007699049358154,-1.1253190322936453,0.0
8,0,0.0,0.0,0.0
8,1,3.3901381942347424,1.3036485988884048,0.0
8,2,-1.755184740779037,0.16031780984942823,0.0
9,0,0.0,0.0,0.0
9,1,0.16556926920489745,1.57539697218233,0.0
9,2,0.0022954365687097855,1.4063322057309877,0.0
9,3,-0.9646538706396534,1.884713983663469,0.0
10,0,0.0,0.0,0.0
10,1,1.6221563090159106,1.1940682958438216,0.0
10,2,0.9310834452427607,1.3431557811912636,0.0
11,0,0.0,0.0,0.0
11,1,-1.55107649078891,-0.5890250668161359,0.0
11,2,-0.6893735785380222,2.1729601194441215,0.0
12,0,0.0,0.0,0.0
12,1,-0.7425609354258753,2.074245498387057,0.0
12,2,-0.2975128085879353,1.7193529632680753,0.0
13,0,0.0,0.0,0.0
13,1,-0.09137852604192531,-0.264369272218572,0.0
13,2,1.822792156040685,1.41748285613905,0.0
13,3,2.701746041334065,2.707718587944081,0.0
14,0,0.0,0.0,0.0
14,1,-0.7626474339484507,1.1391737929127828,0.0
14,2,-0.7386681943973747,2.5830854696726164,0.0
14,3,-3.3794330905046603,1.0551167325501267,0.0
15,0,0.0,0.0,0.0
15,1,0.29867211820713097,-0.7806842189018627,0.0
15,2,-1.221369599741172,0.06363007707768009,0.0
15,3,-0.9827906586313772,-2.672068516233563,0.0
15,4,1.824682026700414,-2.109880449578485,0.0
15,5,-0.9045022933725352,0.3604146503939557,0.0
15,6,-1.6065803813042372,0.5143088793429005,0.0
15,7,-2.659095799900797,0.6547318895592622,0.0
15,8,-4.878214770568332,-1.0418223039026118,0.0
15,9,-4.094106094974621,-2.932694503347686,0.0
15,10,-4.143805858009125,-3.1162556513744915,0.0
16,0,0.0,0.0,0.0
16,1,-3.1356677556006214,-1.3522847604594954,0.0
16,2,-5.860826962307003,-2.0014328503064043,0.0
17,0,0.0,0.0,0.0
17,1,2.39487652293871,0.34938543573477715,0.0
17,2,4.4142263604993,-2.9907417191715044,0.0
17,3,3.206636420169579,-2.25378317889337,0.0
17,4,2.713177927822951,-1.4211139631812426,0.0
17,5,1.9752203475767711,-0.6267869976160538,0.0
18,0,0.0,0.0,0.0
18,1,0.2526719737342452,0.7192427982409763,0.0
18,2,-0.03638277631482212,-0.43045066377640506,0.0
18,3,0.9974055210776887,-0.9300332518483141,0.0
18,4,1.9564107830898134,0.6619569245931983,0.0
18,5,1.77512129695923,1.2791966444218446,0.0
19,0,0.0,0.0,0.0
19,1,4.146930830791609,-0.698346276314231,0.0
19,2,3.4261556960445407,-0.46981382007481665,0.0
19,3,0.8061995044717645,-1.560788109794684,0.0
19,4,1.0213967678398954,-1.034796757465896,0.0
19,5,3.184331218140166,1.7738789625330658,0.0
19,6,1.8560060967240908,0.7531288479607374,0.0
19,7,4.1379784218901206,-1.391185511548842,0.0
19,8,4.8202923588724405,-0.5979748496217462,0.0
20,0,0.0,0.0,0.0
20,1,-1.1467252946602127,1.3881690894462315,0.0
20,2,0.3896830719929183,1.2710757538316424,0.0
21,0,0.0,0.0,0.0
21,1,-0.043806482664588864,0.9800381973775505,0.0
21,2,0.4774242910908021,2.207173619204973,0.0
21,3,-0.5338024802346769,0.6995348153717327,0.0
22,0,0.0,0.0,0.0
22,1,0.9067161798350514,1.2563270088260736,0.0
22,2,2.398652775971818,0.785945129731567,0.0
23,0,0.0,0.0,0.0
23,1,-1.140793752895209,1.9987200568209171,0.0
23,2,-3.0151188686698944,1.947648493255288,0.0
23,3,-2.979272897396432,0.04286534208716941,0.0
24,0,0.0,0.0,0.0
24,1,-2.125626896060713,-0.641440264289071,0.0
24,2,-3.555771637618041,1.3346960419249072,0.0
24,3,-2.974882255517764,0.7330536180083113,0.0
25,0,0.0,0.0,0.0
25,1,3.5100152179029367,-0.641220685523372,0.0
25,2,1.3074548377946693,-2.2814379964464826,0.0
25,3,0.1313510659082744,-1.9002956900000438,0.0
25,4,0.13164560218305155,-1.7858570004005376,0.0
26,0,0.0,0.0,0.0
26,1,0.11132605740879575,-1.7105567208229053,0.0
26,2,-1.5399896420019143,-0.45487197400137247,0.0
27,0,0.0,0.0,0.0
27,1,1.7483857694773963,0.18033223776274548,0.0
27,2,0.9459844991180089,1.1613347233170193,0.0
27,3,2.92784351941729,-0.6867471892338539,0.0
27,4,1.4165618047965531,-0.11400861088690845,0.0
27,5,2.182706622226317,-0.690344642354292,0.0
28,0,0.0,0.0,0.0
28,1,-0.0388912364748491,-1.19028145328548,0.0
28,2,1.2869573404186239,-0.46566816612942763,0.0
29,0,0.0,0.0,0.0
29,1,-1.5115171723033953,1.5358320079955399,0.0
29,2,-1.1436206204970234,0.7975074107669331,0.0
29,3,-0.9944096893665638,-0.08764326488915763,0.0
30,0,0.0,0.0,0.0
30,1,-2.1175899647727734,1.1004663615110712,0.0
30,2,0.9114152271309237,0.9350203714695566,0.0
30,3,-0.6623201063985009,-1.2486873320132106,0.0
31,0,0.0,0.0,0.0
31,1,2.0235342762380464,-2.3194702572772883,0.0
31,2,1.3784279435342124,-2.0646022914958815,0.0
31,3,-0.5328157771464659,-1.710680693707792,0.0
31,4,-0.6742236809346498,0.04100224368791716,0.0
32,0,0.0,0.0,0.0
32,1,-0.9210971278046527,1.1379480686251342,0.0
32,2,0.6428628459754806,2.102962521650577,0.0
32,3,2.442968313509645,1.6907077839987208,0.0
33,0,0.0,0.0,0.0
33,1,-0.45563017533701133,1.5515901261217437,0.0
33,2,-1.3283937109122268,1.9238798498858176,0.0
34,0,0.0,0.0,0.0
34,1,0.4877493430791837,0.43228994623718675,0.0
34,2,1.2585946316819698,-0.1362621319376922,0.0
35,0,0.0,0.0,0.0
35,1,0.09702906181171211,-0.3709215362590743,0.0
35,2,-0.8947793401751284,-1.7007103404543167,0.0
35,3,-1.5156321724440598,-2.0462415436079233,0.0
36,0,0.0,0.0,0.0
36,1,-1.546234046511702,1.259523026319333,0.0
36,2,-0.8281242352190171,1.4985828613623489,0.0
36,3,-1.8814345606465828,-2.1427539150737185,0.0
36,4,-0.835983589165628,0.7225073992912631,0.0
36,5,-3.3360932914795898,1.821397359186078,0.0
37,0,0.0,0.0,0.0
37,1,1.7633390583113462,0.1690529735154116,0.0
37,2,0.06530678295976533,-0.15531196275933468,0.0
38,0,0.0,0.0,0.0
38,1,-1.46309560091402,-2.4236377614057467,0.0
38,2,-1.6285957047181316,-3.504511816562964,0.0
39,0,0.0,0.0,0.0
39,1,-1.6561561987206816,-3.967482987869919,0.0
39,2,-0.7957290651438986,-2.45652616616277,0.0
40,0,0.0,0.0,0.0
40,1,0.20148682239959248,-0.11331407887945133,0.0
40,2,0.04638980251212432,-1.6093040145405018,0.0
40,3,0.9795456630001946,-2.7503655762432926,0.0
41,0,0.0,0.0,0.0
41,1,-0.768937239322117,-0.14247326388259796,0.0
41,2,1.842652615632589,-0.10356050794447014,0.0
41,3,2.5820858882201527,-1.0514818624646605,0.0
41,4,1.605092750347752,-1.7596473798705876,0.0
41,5,1.7040445893176055,-1.404273075222257,0.0
42,0,0.0,0.0,0.0
42,1,0.40498579358919273,-1.3583029040584924,0.0
42,2,-0.28023809837033525,-0.8513697059682,0.0
42,3,-0.09994238308019271,-0.6515526353715043,0.0
43,0,0.0,0.0,0.0
43,1,-1.0935023550316771,-0.39889098381591404,0.0
43,2,-0.5535971780326656,-1.1617939835987066,0.0
43,3,1.21077830430633,-0.10534088774463979,0.0
44,0,0.0,0.0,0.0
44,1,0.601803486644567,-0.6482647258958085,0.0
44,2,0.4156851288185107,-1.5735012667089165,0.0
45,0,0.0,0.0,0.0
45,1,-1.227008790235355,-0.858908369122993,0.0
45,2,0.5898213178770864,1.3175009568437077,0.0
46,0,0.0,0.0,0.0
46,1,0.37666987022396337,-0.5976248322915979,0.0
46,2,-0.5895847727278407,-2.759007738316323,0.0
46,3,-1.1663263720409898,-1.2525779599428208,0.0
47,0,0.0,0.0,0.0
47,1,0.37628212008217066,0.5730239334895166,0.0
47,2,-0.9083166655726556,0.6731517190299174,0.0
47,3,0.3654379024186378,3.3166217228499377,0.0
48,0,0.0,0.0,0.0
48,1,-0.7662606138106254,0.27401453703082773,0.0
48,2,-1.4395767918200457,0.018152615625030566,0.0
48,3,0.9376752212219353,-1.1556301263242308,0.0
49,0,0.0,0.0,0.0
49,1,0.34388471830275114,2.3820097419604105,0.0
49,2,1.2439142313613885,1.2412624553467135,0.0
49,3,1.2664516265584884,2.7135835348179684,0.0
50,0,0.0,0.0,0.0
50,1,-2.0607468215545905,-2.4276703726093594,0.0
50,2,-0.8072833044554301,0.4184255719057195,0.0
50,3,-3.3584332314893057,1.85385968944119,0.0
50,4,-2.3022702073608117,-0.3419199733637692,0.0
51,0,0.0,0.0,0.0
51,1,-0.6530696838582972,-0.31964731254588474,0.0
51,2,-1.737572718343482,1.045762405343581,0.0
51,3,-0.6706682187084032,0.5602321347305506,0.0
51,4,-0.7983985717953919,2.881630420626972,0.0
51,5,1.494822538081923,0.6750637235061705,0.0
52,0,0.0,0.0,0.0
52,1,-2.0913675218743717,-0.6213183094419699,0.0
52,2,-0.5053942934020614,2.1054181409462385,0.0
52,3,-1.6374174060131559,0.22051204507791744,0.0
52,4,0.5566463524788496,1.27757139638774,0.0
53,0,0.0,0.0,0.0
53,1,2.159241425240015,-0.6652923915708604,0.0
53,2,2.1593534082135655,0.8988335511853971,0.0
53,3,-0.15775409094322246,1.4105305411885523,0.0
54,0,0.0,0.0,0.0
54,1,0.8187894666428684,-1.0342719431745837,0.0
54,2,-1.8623536765214914,-0.04772739839220719,0.0
54,3,0.14119018623227753,-0.13243323608174484,0.0
54,4,0.02687327362513381,1.3815854078888257,0.0
55,0,0.0,0.0,0.0
55,1,-1.4295979572202795,2.6506532081216845,0.0
55,2,-2.929703263261963,2.8806657916307086,0.0
56,0,0.0,0.0,0.0
56,1,-2.815516055273019,-0.367426760904642,0.0
56,2,-3.2404136950429505,0.10284774462856494,0.0
57,0,0.0,0.0,0.0
57,1,2.600351453473876,1.7536740699440043,0.0
57,2,1.8193433011140248,1.8648868962205174,0.0
58,0,0.0,0.0,0.0
58,1,-1.738589841236771,-1.3879429634604523,0.0
58,2,0.13062547766032456,0.19756693209991782,0.0
58,3,1.2505074459525536,0.22235024328101005,0.0
59,0,0.0,0.0,0.0
59,1,-2.0894406153811365,-1.1427345054638167,0.0
59,2,-0.48038126264106884,-0.9673767134826431,0.0
59,3,-0.18995684937981672,-1.1959800489250467,0.0
59,4,-0.9068164930317537,-1.3067636090084882,0.0
59,5,0.23840194131374082,-1.0714358834161266,0.0
60,0,0.0,0.0,0.0
60,1,-1.0501425080739808,0.49518995449739966,0.0
60,2,-1.7486200125923625,0.45866411099677684,0.0
60,3,-0.9247510810772115,-1.3683843900051047,0.0
60,4,-1.4635518532214338,-2.343626663829057,0.0
61,0,0.0,0.0,0.0
61,1,-0.5333250629151238,-0.4523644952646404,0.0
61,2,-1.4502848033824622,-2.594939613348653,0.0
62,0,0.0,0.0,0.0
62,1,-0.6506429138088998,1.8255746930479295,0.0
62,2,0.6624110039400983,3.1891756511094402,0.0
63,0,0.0,0.0,0.0
63,1,-0.035250710265695775,-2.158651366838838,0.0
63,2,0.6990023496668313,-0.5005629382689399,0.0
63,3,-0.20936188081004173,-0.933644857865796,0.0
63,4,-1.8115155068980124,0.03278562726330646,0.0
64,0,0.0,0.0,0.0
64,1,-0.8001706309246998,-0.024859792336169417,0.0
64,2,-0.7886867961151046,-1.3295888950508865,0.0
65,0,0.0,0.0,0.0
65,1,-2.5726933308971307,3.476094903848849,0.0
65,2,0.09264781708189662,2.356704060385268,0.0
65,3,-0.6866404430869052,1.515911608571538,0.0
66,0,0.0,0.0,0.0
66,1,2.5300354712490396,0.5769204572605241,0.0
66,2,2.595333061890452,1.849911162512002,0.0
66,3,2.3328870692841424,1.7481042672501141,0.0
66,4,2.6229041625069254,3.294773275346622,0.0
66,5,3.17655095144847,3.50257906208088,0.0
66,6,3.750817810870581,2.0846371835642,0.0
67,0,0.0,0.0,0.0
67,1,0.9108507585168191,0.054354319382072025,0.0
67,2,-2.686270531693042,0.24359226188563077,0.0
67,3,0.8183995215382062,-1.35696967511718,0.0
68,0,0.0,0.0,0.0
68,1,0.09838491356076279,0.8271025308756172,0.0
68,2,-0.7110383415361157,0.8212256645595963,0.0
68,3,0.6236102775491954,0.06597708535027857,0.0
68,4,0.2110116467116337,0.216495769316162,0.0
68,5,1.1426793366171903,-1.9846483105700843,0.0
68,6,2.3474736924513775,-2.409861230745024,0.0
69,0,0.0,0.0,0.0
69,1,0.6374787351973621,2.745561763534574,0.0
69,2,2.4541173813008057,2.888327038536324,0.0
69,3,2.757248254392495,4.950519496227573,0.0
69,4,4.039063409041975,3.9455132207739276,0.0
69,5,2.0274859293763585,3.6754664777984147,0.0
70,0,0.0,0.0,0.0
70,1,2.7781770900323144,0.04004649711646974,0.0
70,2,3.3034937021116697,-1.1970170648525995,0.0
70,3,2.544038379205105,-1.9544476559377952,0.0
71,0,0.0,0.0,0.0
71,1,-3.420883742784368,-0.8448043158759089,0.0
71,2,-2.5192205231570473,-2.2661916083204483,0.0
71,3,-2.097004246818246,-1.9751853427791615,0.0
71,4,-1.0992483315149075,-1.4737224529608062,0.0
71,5,-3.442307256105659,-1.8068312507978856,0.0
71,6,-4.871972109275598,-1.0624354503001896,0.0
72,0,0.0,0.0,0.0
72,1,-0.5224982712114357,-0.8810725085695337,0.0
72,2,1.257561558888626,-1.8129974170704972,0.0
73,0,0.0,0.0,0.0
73,1,-0.693868334128455,0.9593776609021103,0.0
73,2,-2.424889575555251,1.0863183538552588,0.0
74,0,0.0,0.0,0.0
74,1,-0.5613986524777549,-2.716985020678771,0.0
74,2,-1.2885900832649622,-1.4058832780439836,0.0
75,0,0.0,0.0,0.0
75,1,-0.5673543614476676,-1.7601562524144816,0.0
75,2,-0.4401058000564725,-3.269434290858326,0.0
75,3,1.4364954969869883,-3.252944779352264,0.0
75,4,0.812696692130333,-3.3984684766389495,0.0
75,5,1.7801660167943414,-1.3869164703702013,0.0
75,6,5.039761068134003,1.147008880377693,0.0
76,0,0.0,0.0,0.0
76,1,0.5518846276964514,0.3913635760174065,0.0
76,2,-0.23652200016853908,0.07705859775514357,0.0
77,0,0.0,0.0,0.0
77,1,-0.5623965551345674,0.13132798840517768,0.0
77,2,-2.647408216820697,2.1481464804138017,0.0
78,0,0.0,0.0,0.0
78,1,0.1310367279202615,-0.02888328864633577,0.0
78,2,-0.8409199598523442,-0.8200966152611682,0.0
78,3,-2.5902328239043872,0.7922808229982721,0.0
79,0,0.0,0.0,0.0
79,1,-0.22931871867171172,-2.577522819432128,0.0
79,2,-1.2304946743477667,0.443072402021474,0.0
79,3,-0.24775801322207314,0.06043183518569073,0.0
80,0,0.0,0.0,0.0
80,1,0.505388835711722,-2.1690532864958367,0.0
80,2,1.0445113519306668,0.6440290045287553,0.0
81,0,0.0,0.0,0.0
81,1,0.046560545355216476,-1.7316611381425924,0.0
81,2,0.8963361313222706,-0.6065567473862362,0.0
81,3,-0.2974945875470085,-0.3003091232171199,0.0
82,0,0.0,0.0,0.0
82,1,-2.0340859871040022,0.2929868982243548,0.0
82,2,-2.5792656103432345,0.04414178222811969,0.0
83,0,0.0,0.0,0.0
83,1,-0.6061538041603194,1.219175692516412,0.0
83,2,-1.5492816969309735,0.16246360425732534,0.0
83,3,-2.1520671031747227,-0.2555663321476328,0.0
83,4,-0.9037446857357906,-1.10056553771549,0.0
83,5,-2.1970489513553737,-0.30372244999551423,0.0
83,6,-1.5093682348833193,2.557516036583422,0.0
84,0,0.0,0.0,0.0
84,1,-2.5376716548141443,0.5403917519214465,0.0
84,2,-2.581101831638276,1.5165633290607805,0.0
84,3,-0.4030658626888133,-0.5606223287254206,0.0
84,4,-0.8072828302968491,0.0865136349993052,0.0
84,5,-0.22530185201054242,1.9090558152946486,0.0
84,6,-0.3419061015858764,2.015650248705932,0.0
85,0,0.0,0.0,0.0
85,1,-1.0298852364094848,0.4980472098163949,0.0
85,2,0.5605037360780825,-1.7117777367973515,0.0
85,3,1.7862597470951729,-3.1652800627979176,0.0
85,4,3.064613807746805,-0.9107107260242175,0.0
86,0,0.0,0.0,0.0
86,1,-1.3684468652221313,1.046065489056806,0.0
86,2,0.5117232923286208,0.6753464260303701,0.0
86,3,0.02818762832629873,1.6714465279106423,0.0
87,0,0.0,0.0,0.0
87,1,-0.24273337939172857,-2.752584762922661,0.0
87,2,0.8171448338180614,-1.8770775046905177,0.0
87,3,-1.6297105910795218,-2.5691140721180212,0.0
88,0,0.0,0.0,0.0
88,1,0.9211343508514996,3.277206670859289,0.0
88,2,1.5245200086329356,1.1495482990120545,0.0
89,0,0.0,0.0,0.0
89,1,1.2315893166256804,0.22109809001369796,0.0
89,2,1.7722243522294587,2.3443436820883594,0.0
89,3,1.1758226346648573,0.5769089004220954,0.0
89,4,-0.41631702831042594,1.1565204482365525,0.0
90,0,0.0,0.0,0.0
90,1,0.3144917857570861,-0.8290135685048152,0.0
90,2,-0.46484917234042283,-2.2995139915645555,0.0
91,0,0.0,0.0,0.0
91,1,1.5582726290313014,-1.2166066787470726,0.0
91,2,-0.19463767401758458,-0.84811835847452,0.0
91,3,1.2185598275994216,-0.8870463759059288,0.0
92,0,0.0,0.0,0.0
92,1,1.0088881149055882,1.1582416642577622,0.0
92,2,2.23233985022965,1.0736827807201241,0.0
92,3,0.18821341458099872,0.5561552942270283,0.0
93,0,0.0,0.0,0.0
93,1,-0.7824705301504928,-2.8915406098587058,0.0
93,2,2.781750825887815,-1.0345031802259534,0.0
93,3,2.1526158001739155,-1.3829041564930287,0.0
93,4,-0.9048898633172775,-0.7077018944280853,0.0
93,5,0.8999562985351699,-0.8149956742479436,0.0
94,0,0.0,0.0,0.0
94,1,2.1830336195881523,-0.17938164888489627,0.0
94,2,0.1251803678440091,0.7334276899970431,0.0
94,3,-1.729613734900488,1.6791718112222127,0.0
95,0,0.0,0.0,0.0
95,1,-1.758301663030093,-1.1860091500927523,0.0
95,2,-3.2522394690721947,-0.4988477643099066,0.0
95,3,-2.282173925781806,-2.397280359176511,0.0
95,4,-1.6221219915886969,-0.30332429164251573,0.0
95,5,-2.5072918036566256,-1.401709484942677,0.0
96,0,0.0,0.0,0.0
96,1,1.4837036851328422,4.334749185342706,0.0
96,2,0.23362620544900237,1.595947891926044,0.0
97,0,0.0,0.0,0.0
97,1,0.2510035455746017,-0.9659992060840475,0.0
97,2,-2.1928028789118623,-2.523001009601103,0.0
98,0,0.0,0.0,0.0
98,1,0.31846058159860163,1.6523101097133406,0.0
98,2,-0.2894121598800188,3.0387180393898667,0.0
98,3,-0.901762638462543,3.4757687788949405,0.0
99,0,0.0,0.0,0.0
99,1,-1.848953856723061,1.028008326647014,0.0
99,2,3.3745563193557304,1.3774491968869096,0.0
99,3,1.5991869433433041,0.657319262983448,0.0
99,4,1.9860489508596975,1.3029874923960483,0.0
99,5,2.328895801774169,0.05298968103485269,0.0
99,6,4.221368555768664,-0.9452989551280221,0.0
100,0,0.0,0.0,0.0
100,1,0.2045681685615237,1.0998732142161411,0.0
100,2,-0.5670725631990128,2.109530849656196,0.0
100,3,1.3035016299236364,3.448982579323483,0.0
101,0,0.0,0.0,0.0
101,1,-0.9395499706975101,0.8049328329926925,0.0
101,2,-2.0220085887304995,0.9820567747840896,0.0
102,0,0.0,0.0,0.0
102,1,1.3732656215836345,-1.2609610245162213,0.0
102,2,-1.5649084218523914,0.44608652825828143,0.0
103,0,0.0,0.0,0.0
103,1,-1.4712512127486306,0.7582726268353018,0.0
103,2,-1.7799171546709835,-1.1156225460509979,0.0
103,3,-2.750711303970685,0.46341620859774313,0.0
103,4,-1.459845253547013,1.3733605325519824,0.0
104,0,0.0,0.0,0.0
104,1,-1.4988637888404415,-2.411406813532974,0.0
104,2,-1.208284092116435,-4.2017775718165185,0.0
105,0,0.0,0.0,0.0
105,1,-0.947229501317437,-0.5328012688908537,0.0
105,2,0.02653089740937059,-4.500695244522378,0.0
105,3,1.3743364420553306,-1.4521268118044164,0.0
105,4,-0.6110556748910267,-2.0196365604637765,0.0
106,0,0.0,0.0,0.0
106,1,-0.213865457929042,0.9936562409842287,0.0
106,2,0.07851770994850571,0.9237721116324824,0.0
106,3,0.7325936810369058,3.310682894419913,0.0
106,4,0.3885065301161279,1.9132561899513014,0.0
106,5,-1.316017209196978,1.2727549730845258,0.0
106,6,-3.2153268530803567,1.851901629842792,0.0
106,7,-2.4849255406367394,2.7058200497633935,0.0
107,0,0.0,0.0,0.0
107,1,1.063506596978363,1.055852832288737,0.0
107,2,-0.48132220675989135,1.5875210583633175,0.0
107,3,0.22655434474811342,0.4165140301772319,0.0
107,4,-2.362678637762625,2.262666780012874,0.0
107,5,-1.5157103621649552,1.661263355359533,0.0
108,0,0.0,0.0,0.0
108,1,-0.42975865865662244,1.4179221478499213,0.0
108,2,2.3349839035029065,-1.2712167221801765,0.0
109,0,0.0,0.0,0.0
109,1,1.603128372054731,-1.435210468474005,0.0
109,2,1.6592139779726134,-2.2602708899281936,0.0
109,3,2.0400501747229467,-2.690565211094553,0.0
110,0,0.0,0.0,0.0
110,1,0.21271837891917822,0.07335715492541817,0.0
110,2,1.1175915437766473,-0.4548593204709449,0.0
110,3,-1.0068477063145218,-0.17699321266949675,0.0
110,4,-2.1740507213783404,1.5397771687674986,0.0
111,0,0.0,0.0,0.0
111,1,-1.454468745235514,-1.0303299087990536,0.0
111,2,-1.00346127455074,-0.8791774350240638,0.0
112,0,0.0,0.0,0.0
112,1,0.5691813104853163,1.0801542912719817,0.0
112,2,0.7067185343215767,-0.8361635799689715,0.0
113,0,0.0,0.0,0.0
113,1,-0.17263895218679437,0.0830006429959188,0.0
113,2,-1.5334532942143329,0.3012439753419164,0.0
114,0,0.0,0.0,0.0
114,1,2.012770181747064,-1.4365565230498938,0.0
114,2,1.2742428004087092,-1.8480239298435195,0.0
115,0,0.0,0.0,0.0
115,1,-2.45399684501545,0.7307736368727027,0.0
115,2,-2.0018020427425687,-0.14761619575259188,0.0
116,0,0.0,0.0,0.0
116,1,-0.42043944481239504,-0.7229025547113342,0.0
116,2,-0.7179210182576183,-0.24917740311033454,0.0
116,3,-3.4165301251522893,-0.3572230332266698,0.0
116,4,-1.6119219503788536,-0.6623094728700677,0.0
117,0,0.0,0.0,0.0
117,1,-0.9574084858929399,-0.20725036274290565,0.0
117,2,-1.6389662419131223,1.4038779110503796,0.0
117,3,-0.8192757641667882,1.6673561840226432,0.0
117,4,1.5250627123612854,1.2991444342502279,0.0
117,5,0.7611090182183207,-0.2206104911761395,0.0
117,6,-1.6924004227252178,-0.8896695387435449,0.0
118,0,0.0,0.0,0.0
118,1,-3.4131682832650347,-0.6150264342242698,0.0
118,2,-0.2446525368568535,-0.6058780908837615,0.0
119,0,0.0,0.0,0.0
119,1,-0.11159542798324895,-1.3854388746611668,0.0
119,2,-0.9153502846293973,-0.08848638817896703,0.0
119,3,-0.29120435451959037,-2.971341214842778,0.0
119,4,0.3150566782789508,-2.851589333105433,0.0
119,5,1.8130367033538999,-3.4976724936109242,0.0
120,0,0.0,0.0,0.0
120,1,1.607528751750352,-1.4544113335991495,0.0
120,2,3.3226962845186105,0.1861710926735255,0.0
121,0,0.0,0.0,0.0
121,1,-1.0697814587905425,-0.8074129447255756,0.0
121,2,1.4173218362216635,-1.1705845222975657,0.0
122,0,0.0,0.0,0.0
122,1,2.1867539717086064,-0.9670225771880633,0.0
122,2,3.21891799570965,0.03366001015936093,0.0
122,3,3.0303057389817067,-0.5927853304873241,0.0
122,4,2.3310866665736336,-1.4441001395351203,0.0
122,5,3.643057025948842,-1.4593960682268212,0.0
122,6,1.8903122982129394,0.24498852783155578,0.0
122,7,2.2395311544257472,0.6439447243469665,0.0
122,8,1.2447606877701243,2.8831275484651275,0.0
122,9,2.931453366538584,2.039551812614677,0.0
123,0,0.0,0.0,0.0
123,1,-2.796961065622001,0.9673654787879367,0.0
123,2,-2.549911540070256,0.8833940530791693,0.0
124,0,0.0,0.0,0.0
124,1,1.4532847382700051,2.390480881568372,0.0
124,2,-0.33626144601075303,3.0006454767635287,0.0
125,0,0.0,0.0,0.0
125,1,-0.5170046185570087,0.5856667649461886,0.0
125,2,-0.5747280255682177,-1.0062206289799656,0.0
125,3,-0.6240377259389165,-0.11486798284365363,0.0
125,4,1.6736956204817406,0.6225642167941814,0.0
125,5,-0.8681868936845811,-0.6119409174593373,0.0
126,0,0.0,0.0,0.0
126,1,-2.0995061868159177,-0.73596715209167,0.0
126,2,-2.5217189911714946,0.33659057105141343,0.0
126,3,-3.1899158034392747,0.8959761906041459,0.0
127,0,0.0,0.0,0.0
127,1,-0.0006152966246757976,0.873351440639466,0.0
127,2,0.9440545135113291,0.9033164600709889,0.0
127,3,-0.8868904391455971,0.3310608544597968,0.0
127,4,-1.22429826035331,-0.7158237175290594,0.0
127,5,-0.4533602986054777,0.9077505257650464,0.0
127,6,-0.47863646021825373,0.09073794851606687,0.0
128,0,0.0,0.0,0.0
128,1,-1.1810445919154233,1.0930567527270065,0.0
128,2,-0.3138675978102805,-0.5254035613759969,0.0
129,0,0.0,0.0,0.0
129,1,0.36105206774911003,1.191460831219165,0.0
129,2,-0.3270467759514281,-2.9311914768849654,0.0
129,3,1.6848095643598544,-2.678773153610252,0.0
129,4,1.0287350002281797,-1.4198742523661683,0.0
129,5,2.378450217242353,-2.470188364132972,0.0
129,6,3.462473463354608,-4.375835954057444,0.0
129,7,0.7496921065640623,-3.535880031367369,0.0
129,8,-0.0521698626804013,-3.6034201693124572,0.0
130,0,0.0,0.0,0.0
130,1,0.28424612297293456,0.5533823395587484,0.0
130,2,-2.05438749777304,-2.299417182326989,0.0
130,3,-4.051196964529893,-5.011447568709993,0.0
130,4,-1.4811751567138696,-6.112982792205126,0.0
130,5,-1.7125436495449686,-4.434668917897592,0.0
130,6,-1.9647765623330102,-5.2655531399986995,0.0
130,7,-0.9652462543330123,-6.147209629829386,0.0
130,8,-0.04086413254317207,-5.683562226624329,0.0
130,9,-1.0137128992940216,-6.971322077953379,0.0
130,10,-1.2863341380418707,-8.506569936322988,0.0
130,11,-2.7021682862646905,-6.7851073817847976,0.0
130,12,-2.416006776737873,-8.485181230763198,0.0
130,13,-3.607599425531455,-7.287058466681519,0.0
130,14,-2.8654509364074503,-5.906097934278598,0.0
130,15,-2.4131151388712837,-3.8843376435956283,0.0
131,0,0.0,0.0,0.0
131,1,1.9550293438953812,2.4304226259361164,0.0
131,2,4.782719557145109,2.2478506176461166,0.0
131,3,3.923461528370777,2.2855061872955056,0.0
131,4,5.019956093301813,2.289727308667547,0.0
131,5,2.789668357330303,3.8103754959499128,0.0
131,6,4.665409940099284,3.6015184767574144,0.0
132,0,0.0,0.0,0.0
132,1,-0.8754516073857418,0.37785716452468154,0.0
132,2,-0.027314069221091142,-0.8740882771736598,0.0
132,3,-1.8109241761651167,-0.22425986255406016,0.0
133,0,0.0,0.0,0.0
133,1,0.562202102629259,-0.06639507162490732,0.0
133,2,-0.7098321375673433,0.27564450011414143,0.0
133,3,1.825167325197862,-0.023868514424504106,0.0
134,0,0.0,0.0,0.0
134,1,-0.5964004972963843,-1.5111875819712215,0.0
134,2,-2.4732834368423355,0.3622051388035441,0.0
135,0,0.0,0.0,0.0
135,1,-0.8103091121308981,-0.4033663521214881,0.0
135,2,0.8875846039011139,-0.5003896482971344,0.0
136,0,0.0,0.0,0.0
136,1,-1.1902103043975059,0.2627340196195074,0.0
136,2,0.6512416642179492,0.7326223420330441,0.0
137,0,0.0,0.0,0.0
137,1,1.2002549606818969,-0.01989609031341022,0.0
137,2,-0.1783561762955992,0.4045175808622625,0.0
137,3,-0.5592107043791414,0.06927928394543748,0.0
138,0,0.0,0.0,0.0
138,1,2.5320025904574677,1.8532230861106729,0.0
138,2,2.1709065009386572,3.2744233026266127,0.0
138,3,2.0444467331185274,0.013753082003073236,0.0
138,4,0.17833811621968554,0.4917311676446811,0.0
138,5,-1.2807046368742836,0.13901917787286544,0.0
138,6,0.11634541701537948,-0.6883379164941478,0.0
138,7,-0.4200741229683116,-1.1721828446242841,0.0
138,8,-0.1404849220652602,1.2039604792047403,0.0
139,0,0.0,0.0,0.0
139,1,0.18499673770194214,-1.805560974839972,0.0
139,2,2.3604213248270534,-1.4181443832651512,0.0
139,3,2.1109418056378213,-1.0486774650658954,0.0
140,0,0.0,0.0,0.0
140,1,3.5075755279944474,0.15715082234813083,0.0
140,2,3.4111502009349004,0.7232927449318922,0.0
141,0,0.0,0.0,0.0
141,1,0.42338321372876364,0.3814115184520781,0.0
141,2,1.8528609646192382,2.644323438634911,0.0
141,3,2.06633848775011,-0.5144476730970853,0.0
141,4,2.8456116223716927,0.029562923546189168,0.0
141,5,1.8031839654885662,1.318450352882939,0.0
142,0,0.0,0.0,0.0
142,1,0.5588742986047477,0.8008168635134273,0.0
142,2,1.2469517730945243,-0.991686884357098,0.0
142,3,-0.6740439642758254,-0.730707317388039,0.0
142,4,-0.4630800648251243,0.0528218275144835,0.0
142,5,-1.9899800244915273,-0.12047778206433435,0.0
142,6,-1.530442401244947,-0.2431118894118905,0.0
142,7,-0.7968347045019617,-0.024715591436241413,0.0
142,8,-2.689611896148614,-0.6564293535061481,0.0
142,9,-3.427416744634597,-1.9508664003856793,0.0
142,10,-2.7652789843598495,-1.2098700908098814,0.0
142,11,-2.005334046464574,-0.9995012714029071,0.0
142,12,-3.838558414731227,-0.1603713861190047,0.0
143,0,0.0,0.0,0.0
143,1,0.4151258753174325,-1.2478138465847344,0.0
143,2,-3.0706392689614916,0.7991158928909904,0.0
143,3,-1.1811952358913786,0.2917525143278662,0.0
143,4,-1.1414550670217838,0.3237407529266433,0.0
143,5,-1.5316017559258668,1.7746131106408156,0.0
143,6,0.0003907263797509053,1.7455042881739207,0.0
143,7,0.036575160852210464,2.9615268551147986,0.0
144,0,0.0,0.0,0.0
144,1,2.0721850537304642,-0.15992762931737348,0.0
144,2,2.142121809792073,2.3477692058428166,0.0
145,0,0.0,0.0,0.0
145,1,0.1588042129492898,-1.2171594245595663,0.0
145,2,-0.6804457383004675,-2.1177711719108983,0.0
145,3,-0.9981360351833185,-2.476133843657347,0.0
146,0,0.0,0.0,0.0
146,1,0.8011695404629631,0.308402778732494,0.0
146,2,-0.35153294244246913,-0.8472105195752987,0.0
146,3,0.8340344486481617,1.4787794812054473,0.0
146,4,-0.15464211626786328,1.2329759473281074,0.0
147,0,0.0,0.0,0.0
147,1,1.071689297004232,-0.8625651708052455,0.0
147,2,0.8023179666989837,-2.016630524098706,0.0
147,3,1.9685576249168903,-4.216702702670572,0.0
147,4,0.6173249722473384,-2.7504173711028015,0.0
147,5,0.603772589303081,-2.551091537294413,0.0
147,6,1.6269974147356399,-3.3819022246121664,0.0
147,7,1.4490070447036123,-0.2966947148839944,0.0
148,0,0.0,0.0,0.0
148,1,0.060495471090604935,-1.1675793192163855,0.0
148,2,0.49502505824841037,-1.5194704364496447,0.0
149,0,0.0,0.0,0.0
149,1,-1.025888270019161,0.5015553998355458,0.0
149,2,-2.881984631980983,-0.030265412477286535,0.0
149,3,-0.957641063808031,1.534100678495606,0.0
149,4,-2.7527142367503776,-0.5110844296845753,0.0
150,0,0.0,0.0,0.0
150,1,-0.6553537491699007,-1.6393752780275685,0.0
150,2,-1.7525301636601842,-2.138501219457462,0.0
150,3,-1.631929719875898,0.570360614963196,0.0
151,0,0.0,0.0,0.0
151,1,0.8728643875927242,2.8406357864392633,0.0
151,2,2.2750876789374965,3.623238984537019,0.0
151,3,3.527950901281481,3.0673505442080584,0.0
151,4,4.753544122560366,4.832122975680674,0.0
152,0,0.0,0.0,0.0
152,1,-0.9250533213262616,0.014658953054356605,0.0
152,2,1.5215056333702472,-3.327404695955177,0.0
152,3,2.3582429969209318,-3.342202785976155,0.0
152,4,2.157773748041583,-1.4785216386775646,0.0
153,0,0.0,0.0,0.0
153,1,0.3917851955697109,2.17968021619468,0.0
153,2,0.18102074355090225,-0.41484409036617187,0.0
154,0,0.0,0.0,0.0
154,1,0.3450376357085778,-1.6158727518724993,0.0
154,2,1.1443664594547365,-0.5747373064436976,0.0
155,0,0.0,0.0,0.0
155,1,-1.2412200902627237,0.003764705701644888,0.0
155,2,-2.575128464643277,0.6375574826080828,0.0
155,3,0.29623869850198403,1.9176704564498732,0.0
155,4,2.6054563308976997,-0.2518282407518452,0.0
155,5,3.5562397485599613,0.21047877635087764,0.0
155,6,5.100222148000126,2.4962823092251294,0.0
156,0,0.0,0.0,0.0
156,1,0.9836062311008831,-2.4566603574653247,0.0
156,2,0.5952795094057886,-2.842742432790746,0.0
156,3,-0.3874479113858935,-2.814970916587369,0.0
156,4,-1.3943275569731404,-1.1382996479594172,0.0
157,0,0.0,0.0,0.0
157,1,0.9461248207263641,0.5281713261643617,0.0
157,2,0.31307563852024667,-1.1147446152526959,0.0
157,3,0.20978990273783016,-0.7661156869098069,0.0
158,0,0.0,0.0,0.0
158,1,0.36239870772625776,-1.7680707112852698,0.0
158,2,-1.341831744562927,-3.439912185211801,0.0
159,0,0.0,0.0,0.0
159,1,-1.2341497067174614,-0.8632969106607327,0.0
159,2,-1.288456099269141,-0.28506376577181936,0.0
159,3,-0.5844157998660757,-0.9772098925581276,0.0
159,4,-0.6940616084029485,-2.7871330040387403,0.0
160,0,0.0,0.0,0.0
160,1,0.17092171550322988,1.5137916973567767,0.0
160,2,0.36675556435264045,0.2875354112048506,0.0
160,3,1.5560646171653452,1.7264215521670079,0.0
160,4,-0.010755743366492987,1.5962506435207482,0.0
160,5,0.9085458209565088,-0.11384119280307214,0.0
160,6,0.11108430318305251,1.22917194035985,0.0
161,0,0.0,0.0,0.0
161,1,0.9929094199184829,0.4371614735784005,0.0
161,2,2.052635974319762,0.5989888411936602,0.0
161,3,1.2182377303418372,2.884948855580338,0.0
161,4,0.0059080724526476835,-1.5332893776389187,0.0
161,5,0.29766584795640594,-0.9515441269239875,0.0
161,6,-1.7486511441378578,-0.5368916008951357,0.0
162,0,0.0,0.0,0.0
162,1,-1.2258592000686221,-0.800380912746102,0.0
162,2,4.144709876440001,-0.022173549466815934,0.0
162,3,2.243122007445345,-0.4939472225518219,0.0
163,0,0.0,0.0,0.0
163,1,1.402543808561372,1.2059192035335367,0.0
163,2,-0.6596494549168208,0.840608672017181,0.0
163,3,1.260406283663623,1.456988345068977,0.0
164,0,0.0,0.0,0.0
164,1,1.9561749381600517,0.44765587608991836,0.0
164,2,0.1707315953670399,0.31700575974910633,0.0
164,3,2.2376114650336643,1.7213205871611148,0.0
164,4,3.980489214180343,2.6677475490106386,0.0
165,0,0.0,0.0,0.0
165,1,-4.448265406076149,-1.5607920161421829,0.0
165,2,-3.6291253905024434,-0.7336303078435517,0.0
166,0,0.0,0.0,0.0
166,1,1.4388604187792384,-1.1897161564185832,0.0
166,2,2.809747317029432,0.20133298217661855,0.0
166,3,0.5072684375074321,-0.19242300323162143,0.0
167,0,0.0,0.0,0.0
167,1,1.4391568690656318,-0.4044862250596746,0.0
167,2,3.5656732309333665,0.633619774110656,0.0
167,3,3.2275285188176532,2.4574262968256404,0.0
168,0,0.0,0.0,0.0
168,1,-2.9744036091291157,1.0683062825549627,0.0
168,2,-2.146858176678662,-0.28281141526226583,0.0
169,0,0.0,0.0,0.0
169,1,-1.7325412116271706,-0.23377512488518204,0.0
169,2,-1.1125348083798756,1.0898821095682152,0.0
169,3,-1.4167547337005848,0.07489021302493759,0.0
170,0,0.0,0.0,0.0
170,1,0.5887687759804523,-2.889131115436131,0.0
170,2,0.12196706427454673,-1.171505169879767,0.0
170,3,-0.7651212638109735,-3.109569289330761,0.0
171,0,0.0,0.0,0.0
171,1,-0.5142405959968954,0.338906849924843,0.0
171,2,-0.3324399810505241,-0.4453133134532232,0.0
172,0,0.0,0.0,0.0
172,1,0.2803479237354452,0.8771498859991335,0.0
172,2,0.1569224551349785,0.8181816385239488,0.0
173,0,0.0,0.0,0.0
173,1,-0.6159950927491396,0.6755225201320519,0.0
173,2,-0.1743998534708069,1.6049391077785748,0.0
173,3,-1.2361016927708004,0.20430468252469713,0.0
174,0,0.0,0.0,0.0
174,1,-1.8026376728061948,-1.3951975674336377,0.0
174,2,-2.625449599988904,-0.011333654808287602,0.0
174,3,-1.1592858990640706,-1.4042978594874886,0.0
174,4,-0.6539322212449232,-1.9724242643341354,0.0
174,5,0.7324405825694242,1.0837061471352196,0.0
175,0,0.0,0.0,0.0
175,1,0.9524984950286184,-2.9197643708654843,0.0
175,2,-0.04369102118900582,-4.07481750069403,0.0
175,3,0.6558030584168034,-2.3711417358150975,0.0
175,4,1.89862449002405,0.06038765400635038,0.0
176,0,0.0,0.0,0.0
176,1,-0.4439185451519213,-2.4272982878479397,0.0
176,2,-4.553642099584939,0.539870268961034,0.0
176,3,-2.7582343743655318,1.6456450412559096,0.0
177,0,0.0,0.0,0.0
177,1,-1.4290385152124316,0.4365270073717745,0.0
177,2,-0.708609703497914,1.0113523687370405,0.0
177,3,-0.20455844917430555,1.2510347014619774,0.0
177,4,-1.717658951670214,1.6737404834450214,0.0
177,5,0.3754167496557137,3.176803776278802,0.0
177,6,0.11169772424154378,0.7942958632581946,0.0
177,7,0.5835329771223654,1.9470764068523043,0.0
177,8,2.46802484827678,2.1775861455283687,0.0
178,0,0.0,0.0,0.0
178,1,0.2623019948766959,1.4518006532969956,0.0
178,2,-0.7439449540153998,1.011170891614469,0.0
179,0,0.0,0.0,0.0
179,1,2.0468413700904793,2.166508722628927,0.0
179,2,0.2463769803193876,0.5225799781054028,0.0
179,3,1.0495136911606866,1.443724869302875,0.0
179,4,0.9222647828731254,1.554796976796499,0.0
179,5,1.567914269701193,1.1094837448056405,0.0
179,6,1.3345255966565839,2.7778758026370216,0.0
180,0,0.0,0.0,0.0
180,1,-1.3388165640490974,-1.7712692996910824,0.0
180,2,-2.3937627515337905,-1.6064239349856542,0.0
180,3,-3.0171275388725776,-1.6539033053506662,0.0
180,4,-2.8637988296000367,-1.8429479609221562,0.0
180,5,-1.8856028774055023,-1.279247648896845,0.0
181,0,0.0,0.0,0.0
181,1,0.951386354083112,0.9931322722493499,0.0
181,2,1.8479068412935553,0.7508875127319368,0.0
181,3,0.13291379257142433,-0.36811973996032976,0.0
181,4,2.732331397096172,-0.0897791512577244,0.0
182,0,0.0,0.0,0.0
182,1,-0.4097867256147021,-1.5135730678005077,0.0
182,2,0.34020720493535883,-0.8802350379361279,0.0
183,0,0.0,0.0,0.0
183,1,2.1129052037258953,3.482635636092199,0.0
183,2,2.5080861864194306,2.6375101109233356,0.0
183,3,1.3794373360064025,3.475349893283726,0.0
183,4,2.1507110362293167,3.320109131559655,0.0
184,0,0.0,0.0,0.0
184,1,0.11677993451901714,-0.24677934837311344,0.0
184,2,-1.981516710790011,-0.768728958605696,0.0
184,3,-5.010056730692393,-0.31939967089889554,0.0
184,4,-3.681532955291803,1.8305675746110046,0.0
185,0,0.0,0.0,0.0
185,1,1.004459552637498,-0.09686961073451261,0.0
185,2,0.34123948763671086,-0.32125981084716027,0.0
185,3,0.7759267696865592,-1.007092393128746,0.0
185,4,1.4430150212630175,0.5590210871870955,0.0
185,5,2.101379534417963,-0.5560086640337951,0.0
186,0,0.0,0.0,0.0
186,1,2.825622134555495,-1.9553216016652537,0.0
186,2,1.4575295258149943,0.629209268146707,0.0
186,3,0.9607450796537376,-0.7341128677158064,0.0
186,4,-0.2815542407880105,-1.8623107282979707,0.0
186,5,0.05359430989503822,-0.8111848259075265,0.0
187,0,0.0,0.0,0.0
187,1,1.1617822484237437,-0.8643740178473927,0.0
187,2,-0.61195638401033,-2.427909752248559,0.0
187,3,0.8590409846378261,-2.4434958770429867,0.0
187,4,-0.3543613627615073,-2.7502739541505923,0.0
187,5,0.2084223387662216,-3.9553705934196266,0.0
187,6,-0.6717963101460493,-2.4551101526864,0.0
187,7,-0.16639396679904353,-3.418489343047262,0.0
187,8,-2.1220646828302336,-3.0697872282794263,0.0
187,9,-2.5764813402087934,-0.9911424671555733,0.0
188,0,0.0,0.0,0.0
188,1,0.7854159516516046,2.2408106599575763,0.0
188,2,1.0014208187640208,1.0206783909466268,0.0
189,0,0.0,0.0,0.0
189,1,-0.03555321709391113,-0.02081986885139142,0.0
189,2,0.6366896247421537,-1.1826287549140329,0.0
190,0,0.0,0.0,0.0
190,1,0.9667105984017068,0.35863561088884377,0.0
190,2,-1.3505736615555053,2.3998270940639017,0.0
190,3,-2.049385343692204,5.832796800388362,0.0
190,4,-3.133107111640604,4.574848524339763,0.0
190,5,-4.830081998122386,1.3061095727819867,0.0
190,6,-3.8606542766182077,0.6621005681317538,0.0
190,7,-4.301435884168091,0.8549999479204751,0.0
190,8,-4.537598396682428,-0.22232154462466203,0.0
191,0,0.0,0.0,0.0
191,1,-1.457825065246796,-1.0198698362319827,0.0
191,2,-1.8034050119586535,-2.1121491583275076,0.0
191,3,0.7897988720700744,-1.47523752901742,0.0
192,0,0.0,0.0,0.0
192,1,0.04487914946691296,-0.28319624571359014,0.0
192,2,-1.005408282458339,0.6531561201449396,0.0
193,0,0.0,0.0,0.0
193,1,-1.1596316793685082,-1.2761973928952848,0.0
193,2,1.4673254475191755,-0.418965145258914,0.0
193,3,-0.5556113855676095,-1.4316038242784013,0.0
194,0,0.0,0.0,0.0
194,1,-1.1508960067885594,0.0588430837704601,0.0
194,2,0.27108480052828565,0.35576871983794844,0.0
194,3,-1.8734116325559884,-0.3239471600194761,0.0
195,0,0.0,0.0,0.0
195,1,-1.4814083205191309,0.4196669709748231,0.0
195,2,-1.915794687876133,-0.47270369824943526,0.0
195,3,-2.092157564142477,0.1140945367030719,0.0
196,0,0.0,0.0,0.0
196,1,2.8323984486414813,0.2730470823669563,0.0
196,2,-1.0697751753117046,0.2900285233810277,0.0
197,0,0.0,0.0,0.0
197,1,-1.2976652121711494,-0.38763953488750436,0.0
197,2,-0.9365747260958774,-0.9457536344882642,0.0
197,3,0.5355806809816012,-0.169657704097391,0.0
198,0,0.0,0.0,0.0
198,1,-0.11052278517395164,-1.2047712226284302,0.0
198,2,0.4871691540091265,-0.2718341094529215,0.0
199,0,0.0,0.0,0.0
199,1,-0.7404874675474953,-1.445317440088874,0.0
199,2,-0.5686923823521052,0.005448336153503375,0.0
200,0,0.0,0.0,0.0
200,1,-1.1129813906193475,0.011933581593881026,0.0
200,2,-2.0096177742298753,2.1484085546927725,0.0
201,0,0.0,0.0,0.0
201,1,-1.9837856630951265,1.1825427295305286,0.0
201,2,0.4172881354448683,1.0202097531467695,0.0
201,3,2.7300887178126065,0.9308892157830824,0.0
201,4,2.527323433324229,1.300111464592933,0.0
202,0,0.0,0.0,0.0
202,1,-0.9947277564111965,2.106592929943918,0.0
202,2,0.20507890678110052,0.7361439391400009,0.0
202,3,-0.6423259010260931,1.3847258278059853,0.0
203,0,0.0,0.0,0.0
203,1,-1.107228905961335,-0.40151853186033515,0.0
203,2,-3.0445909846002266,-0.8183887687265303,0.0
204,0,0.0,0.0,0.0
204,1,0.7355859198080584,2.6367597990463447,0.0
204,2,-0.3960019705049579,2.6518054298602602,0.0
205,0,0.0,0.0,0.0
205,1,0.44549985129742076,-2.343075215199604,0.0
205,2,-0.9031609189310605,-0.5999359018847255,0.0
205,3,-3.1534463238579367,-2.8254462949022563,0.0
205,4,-5.3241517496425645,-0.4533854794596204,0.0
205,5,-2.9172511327450925,-2.081684029467613,0.0
205,6,-3.413781546540865,-2.192757804835663,0.0
205,7,-2.735757690933613,0.26582103505379573,0.0
206,0,0.0,0.0,0.0
206,1,-0.16994196346303175,-3.417115941566146,0.0
206,2,-0.607648882996765,-5.206330575494322,0.0
207,0,0.0,0.0,0.0
207,1,-2.0819864361980924,-0.3295976594985801,0.0
207,2,1.104588761742697,-1.652350496781407,0.0
208,0,0.0,0.0,0.0
208,1,-3.1205631465599235,1.0696741200368745,0.0
208,2,-2.2723538853238585,0.2496616665174356,0.0
208,3,-0.17118791349199192,-0.44155672627068476,0.0
208,4,-2.4746609196147227,1.2885289413732757,0.0
208,5,-2.3305113338574377,2.2119526845561173,0.0
209,0,0.0,0.0,0.0
209,1,-1.2005097872220956,1.2667521518347518,0.0
209,2,1.0260810092705734,0.7264173996544838,0.0
209,3,1.3512033655603015,-0.8207795983435957,0.0
209,4,2.542538102352451,-0.75790409751592,0.0
209,5,3.1062424327020532,0.08827300645737735,0.0
209,6,1.7141682466756571,0.8426697320542349,0.0
210,0,0.0,0.0,0.0
210,1,-0.9596467879546835,0.5784173930836839,0.0
210,2,-0.44130026677678635,-1.4203843707759387,0.0
210,3,-0.28520270720345353,-1.2821175134667055,0.0
211,0,0.0,0.0,0.0
211,1,0.8725933039773885,0.5022412379233345,0.0
211,2,0.7257963154063514,1.0695018365695006,0.0
211,3,1.0009675198223624,0.6200533869625526,0.0
211,4,-0.2116883039283033,2.2578280507947497,0.0
212,0,0.0,0.0,0.0
212,1,-2.074517140240507,1.2012264907010266,0.0
212,2,-0.4526158351095231,3.275010923386587,0.0
212,3,-0.6020389896639766,-0.3693560017173838,0.0
213,0,0.0,0.0,0.0
213,1,2.21737157057855,0.6521730440055211,0.0
213,2,-0.25061951686262995,0.41266089743439033,0.0
213,3,0.4009613077188514,-1.2149644271681528,0.0
213,4,0.9039173104585176,0.30554945053464944,0.0
214,0,0.0,0.0,0.0
214,1,0.8393820009502124,1.5772884792820026,0.0
214,2,0.34170383903365886,3.4824507917512246,0.0
214,3,0.29824845097503316,3.4264409426265203,0.0
214,4,-0.08699547828255083,2.2678075814817475,0.0
215,0,0.0,0.0,0.0
215,1,-4.911535102269158,0.344371827951633,0.0
215,2,-4.2027352054859985,-0.8099611139444911,0.0
216,0,0.0,0.0,0.0
216,1,-0.48357774014761645,-0.2711125162679655,0.0
216,2,1.200175011557406,-1.1516135202884619,0.0
217,0,0.0,0.0,0.0
217,1,-0.3963044139752139,0.45549682121479,0.0
217,2,-0.7034203969531281,0.15260823396831225,0.0
217,3,-0.454050383556309,-2.115916635187905,0.0
217,4,-1.8546229032350512,-0.33566864802552054,0.0
217,5,-2.220448746393882,-2.2782434194196246,0.0
218,0,0.0,0.0,0.0
218,1,1.4378691202062903,-0.9776182712926939,0.0
218,2,0.8669657635284524,0.41021453937833663,0.0
218,3,0.5964487335982964,-0.3518086287102462,0.0
218,4,1.694224898899817,-0.1358149063243759,0.0
219,0,0.0,0.0,0.0
219,1,-1.233371096930132,-0.6908537840620688,0.0
219,2,1.3190754323461569,0.4005631244435093,0.0
220,0,0.0,0.0,0.0
220,1,-0.2755736149595258,0.8980650293033392,0.0
220,2,-0.9940050831651466,1.0566104076361704,0.0
220,3,-1.0630863254727045,-1.0501524367659818,0.0
220,4,0.6624386946260803,-0.6734146010737346,0.0
220,5,0.04737392615264713,-1.73049195563231,0.0
221,0,0.0,0.0,0.0
221,1,-0.4597365279064023,0.6631017820586999,0.0
221,2,-2.42422009904062,-1.0323085129611664,0.0
222,0,0.0,0.0,0.0
222,1,1.1560593517455213,-0.20662253968374222,0.0
222,2,0.5316808246865558,-1.2900691072101491,0.0
222,3,1.0074616540001506,0.9659164955188853,0.0
223,0,0.0,0.0,0.0
223,1,1.3582963684892637,1.2086319187800834,0.0
223,2,1.1501662540592215,1.5522105737781762,0.0
223,3,0.9056060829868926,0.014275970765162738,0.0
223,4,0.5760483499446036,-1.1278224585845171,0.0
223,5,-0.6958648791365114,-1.4093941217895085,0.0
223,6,-0.01334852316174695,-1.1557909409991094,0.0
223,7,0.20579650841176744,-0.39141727905078305,0.0
223,8,0.1553768283248198,0.3810200366570392,0.0
223,9,-3.159608706292909,2.9803069496078014,0.0
223,10,-3.1224660640927864,2.749023393064346,0.0
224,0,0.0,0.0,0.0
224,1,-1.4231214901999207,-0.3317366422285606,0.0
224,2,3.0643413440456504,1.227520989576042,0.0
225,0,0.0,0.0,0.0
225,1,-0.8776954391611649,-1.1577327285568364,0.0
225,2,-1.41594779859403,-0.588583084174491,0.0
225,3,-2.3613349831158,-2.544078662484094,0.0
225,4,-4.317111309484557,-3.205568918666324,0.0
226,0,0.0,0.0,0.0
226,1,0.6556522967190423,1.1886655124599173,0.0
226,2,-0.5084910041705788,0.5335643447720919,0.0
226,3,-1.9026326726305194,-1.800680836117986,0.0
226,4,-0.9166240027441934,-1.355631862561007,0.0
226,5,-1.6667097019451855,-2.3671683950502858,0.0
226,6,-0.6509888910873769,-1.704938767615349,0.0
227,0,0.0,0.0,0.0
227,1,-0.6840207238256659,0.4201405069171327,0.0
227,2,-0.5676889307812294,1.330110181713645,0.0
227,3,-0.8542902927097965,1.1202654553448248,0.0
228,0,0.0,0.0,0.0
228,1,0.3670161447964564,-1.7260834406175927,0.0
228,2,-0.07718687748190733,-2.7648424042960795,0.0
228,3,2.2093619397993343,-3.0454981747977046,0.0
228,4,0.44638420512872856,-4.628443633015653,0.0
228,5,1.912933350465389,-2.8142538621213866,0.0
228,6,1.136746151052102,-1.7855413406157137,0.0
228,7,0.7677025895259639,-2.414771877317675,0.0
229,0,0.0,0.0,0.0
229,1,-1.1368100736639892,-1.6477045295867032,0.0
229,2,-0.6376280382148378,-0.3575120300170789,0.0
229,3,0.3640369041732884,-0.49089607504250465,0.0
229,4,2.344560754472314,-0.5610195716466915,0.0
230,0,0.0,0.0,0.0
230,1,-1.1375156319993271,-1.791551915894233,0.0
230,2,0.030775860489989704,-1.1170570923225551,0.0
230,3,0.7456000093291455,-1.5759772066254483,0.0
230,4,0.8610794685777765,-1.3933931636421322,0.0
230,5,-1.9455508132277037,-0.9135487039621509,0.0
230,6,-0.579709559104276,-1.1303365298098258,0.0
230,7,1.8833279193674919,-0.7741961985606307,0.0
231,0,0.0,0.0,0.0
231,1,-0.40140977916164233,0.6151842011329508,0.0
231,2,0.09652460694356335,-0.30740140372057034,0.0
232,0,0.0,0.0,0.0
232,1,-0.11721490216390329,1.7157884389169265,0.0
232,2,-0.6973029292254651,2.0788953666420653,0.0
233,0,0.0,0.0,0.0
233,1,0.8716458962373016,-0.4880255181562583,0.0
233,2,-0.9878399923898872,-1.535823906615458,0.0
233,3,0.8555380379689513,-1.2294512432745712,0.0
234,0,0.0,0.0,0.0
234,1,2.9378617541685137,-0.3000621032855024,0.0
234,2,1.7957347472406426,2.76657008947456,0.0
234,3,-1.3370673716072923,-0.1432921480143421,0.0
235,0,0.0,0.0,0.0
235,1,-0.7768343183553736,0.43537555317313736,0.0
235,2,-0.7590919677643235,1.7650405396155775,0.0
236,0,0.0,0.0,0.0
236,1,-0.6876220047182237,1.858594988767905,0.0
236,2,-1.6428557380348254,2.4519622620956114,0.0
236,3,-3.854905771883029,3.1307424001971125,0.0
236,4,-5.016691578079511,2.38231353570764,0.0
237,0,0.0,0.0,0.0
237,1,0.6488445876284841,-0.13643265948684907,0.0
237,2,0.914118158465842,-1.4527073248519282,0.0
238,0,0.0,0.0,0.0
238,1,-0.3144529374992955,0.1842990811059435,0.0
238,2,-1.9666960942528415,1.8396879880761658,0.0
238,3,-0.5344733430434541,0.6333220577456873,0.0
239,0,0.0,0.0,0.0
239,1,-0.47661584291327164,0.2084742056717539,0.0
239,2,-1.0477398618268061,-0.7087649890255361,0.0
240,0,0.0,0.0,0.0
240,1,0.2751415123028482,1.9912302439993959,0.0
240,2,0.882674230939896,0.6568134965737273,0.0
240,3,-1.7274880587366053,1.5429732866639343,0.0
240,4,-3.283265565660975,0.8567810620780785,0.0
240,5,-4.05953612656087,3.2520696543819243,0.0
241,0,0.0,0.0,0.0
241,1,1.6369337487785751,-2.5656727433851505,0.0
241,2,-0.6204460033054024,-2.2028656000672306,0.0
241,3,1.2751930980244186,-4.155942984481215,0.0
241,4,1.0664018517676583,-3.528657576703253,0.0
242,0,0.0,0.0,0.0
242,1,-0.31565269513928695,1.830506102069184,0.0
242,2,0.23981633272890002,0.454601563645481,0.0
242,3,1.2996696426415102,0.34442530166689056,0.0
242,4,1.735466236757771,2.3136688388324833,0.0
243,0,0.0,0.0,0.0
243,1,1.5481900049504775,-1.1159969612616825,0.0
243,2,0.7196906938302028,-1.1685685279492335,0.0
243,3,2.8074561494681376,0.45122522755330596,0.0
243,4,3.439638834261821,-1.3030925584754192,0.0
243,5,3.3080483380615266,0.47744369810189546,0.0
243,6,3.3399427257545105,2.271141366241679,0.0
244,0,0.0,0.0,0.0
244,1,0.5814287282706603,-0.009521017018156552,0.0
244,2,1.73752813927656,0.19241740666699014,0.0
244,3,1.7110009279241285,0.2676163566045784,0.0
244,4,1.722266506261221,-0.3619139940413332,0.0
245,0,0.0,0.0,0.0
245,1,1.1159411924994835,0.039176019247504634,0.0
245,2,1.7820481956982404,1.5918082015048698,0.0
246,0,0.0,0.0,0.0
246,1,1.740764137815031,0.18908138331576896,0.0
246,2,0.40825593091980583,-0.011271469522092348,0.0
246,3,2.1985999301285926,-3.6466440928999346,0.0
247,0,0.0,0.0,0.0
247,1,0.8996058688088819,2.1470103156507747,0.0
247,2,1.853219832581491,2.207117388185132,0.0
247,3,-0.16002258115398282,3.2099708285960333,0.0
247,4,0.33014281926850675,2.773169942132912,0.0
248,0,0.0,0.0,0.0
248,1,-1.4644510231016066,0.7804376443000798,0.0
248,2,-1.5543944553944975,-0.21126601483954666,0.0
248,3,-2.9190676425749045,-1.3260612208573204,0.0
248,4,-3.7874189846028514,-0.1062276518794325,0.0
249,0,0.0,0.0,0.0
249,1,-0.46527020360889937,0.6584373322939163,0.0
249,2,-2.405643602296954,0.860036906886875,0.0
250,0,0.0,0.0,0.0
250,1,-1.4194709085249313,-1.379468726761512,0.0
250,2,-1.7925447301680943,-1.2716332289739318,0.0
251,0,0.0,0.0,0.0
251,1,0.31584692339780496,1.8079232031470465,0.0
251,2,-1.3428268371743057,1.2513146291090729,0.0
251,3,-0.07093070338331997,1.6952087719600444,0.0
252,0,0.0,0.0,0.0
252,1,4.509927994900672,1.580624288742661,0.0
252,2,1.6863778771098585,0.2059863512423583,0.0
252,3,1.289802753530823,-0.9215817865259963,0.0
253,0,0.0,0.0,0.0
253,1,-0.8416738360098468,-1.1045130314400964,0.0
253,2,-1.714837578901928,-1.6667986863146333,0.0
253,3,-0.5455659646612392,-2.453564725120404,0.0
253,4,-2.6006117277085505,-1.8119975418378542,0.0
253,5,-2.785463932576181,-2.8894048629177664,0.0
253,6,-1.665716067190321,0.5677034772986154,0.0
254,0,0.0,0.0,0.0
254,1,-0.1692216889568553,0.37380698418451436,0.0
254,2,0.8201135195244518,0.645822984516786,0.0
254,3,0.18438963464770053,-0.03373838043929578,0.0
254,4,-0.1035015806925148,1.5047597358798703,0.0
255,0,0.0,0.0,0.0
255,1,-0.5164173836858947,-0.6750916834698861,0.0
255,2,-0.5126482713958196,0.8865284609234917,0.0
255,3,-0.968871612579635,-0.34141176023343733,0.0
256,0,0.0,0.0,0.0
256,1,1.8728606021285177,1.387083972531142,0.0
256,2,-0.24574128233423242,2.0401827196040827,0.0
257,0,0.0,0.0,0.0
257,1,0.059999333350799766,-1.0689801665235668,0.0
257,2,-1.2515515786184226,1.072832538531645,0.0
258,0,0.0,0.0,0.0
258,1,-0.2897121839465253,-1.6131495431451621,0.0
258,2,-1.9798546126896912,-1.8869665303019212,0.0
258,3,-1.8187182260598185,-0.7918179754122198,0.0
258,4,-1.9026361818698885,1.4011033334575806,0.0
258,5,-0.531858894722729,3.257996736135538,0.0
258,6,-2.4824469803996054,1.0493382062609884,0.0
259,0,0.0,0.0,0.0
259,1,0.40882168285380116,-0.0993475418363794,0.0
259,2,-1.2327056019954696,1.4235361808232025,0.0
259,3,-2.5261769795597906,1.3381085434030247,0.0
260,0,0.0,0.0,0.0
260,1,3.634978571200885,0.39345597320176207,0.0
260,2,3.9771925276409004,0.24843080859207045,0.0
260,3,2.7130595309895496,1.7068355125675132,0.0
260,4,2.170103047557167,0.5412001929005007,0.0
260,5,0.5584809684542511,-0.2644948360652163,0.0
261,0,0.0,0.0,0.0
261,1,0.34354615964076846,-1.4263463375715362,0.0
261,2,-0.4400407935594287,-0.5054676450764297,0.0
261,3,-1.777507214583081,-1.9018808831155187,0.0
261,4,-0.5551408624900668,-1.7006857408155935,0.0
261,5,-2.1429456083129397,-0.12097645979019611,0.0
261,6,-1.3319288131207025,-1.0890396216003673,0.0
261,7,-1.8216002491835026,-1.7915921666979728,0.0
262,0,0.0,0.0,0.0
262,1,-1.8529066139781971,-0.08201849614288204,0.0
262,2,-1.838210185846247,1.0836986026554785,0.0
263,0,0.0,0.0,0.0
263,1,-0.2655189578189143,-0.9372758747503067,0.0
263,2,0.6054561524415225,-2.2934650551888147,0.0
263,3,-2.8330960066729114,-4.809434464567325,0.0
263,4,-3.266236056808194,-4.623094479874606,0.0
263,5,-4.568829737982764,-5.959457598723671,0.0
263,6,-4.172520046996314,-3.7565813814383127,0.0
263,7,-3.453996263722664,-1.903179517609798,0.0
264,0,0.0,0.0,0.0
264,1,-0.19551414917321386,2.057675685799401,0.0
264,2,1.4639899133987502,1.3773413985273892,0.0
265,0,0.0,0.0,0.0
265,1,0.17561685988107367,-0.26869229070978995,0.0
265,2,-0.4336739115222512,-0.20612822105602513,0.0
265,3,-1.645683050461963,-0.6366947327531836,0.0
266,0,0.0,0.0,0.0
266,1,0.8165705760221617,-0.7956494500590916,0.0
266,2,1.2604952220792982,-0.78171980587157,0.0
266,3,0.7375052043855187,0.2987805516057995,0.0
267,0,0.0,0.0,0.0
267,1,0.14060639309015133,-0.22742107759975017,0.0
267,2,-1.5789406245272841,1.3909658236505034,0.0
268,0,0.0,0.0,0.0
268,1,-1.4470835042578702,2.134577569597069,0.0
268,2,1.065370907294275,-0.5395830951132483,0.0
268,3,-0.20985531854740247,0.9425616947367952,0.0
269,0,0.0,0.0,0.0
269,1,0.34600633066946296,-1.2339728985729521,0.0
269,2,0.3710748262502057,-0.5042411786061556,0.0
269,3,-1.440250027282001,1.8497174590130432,0.0
269,4,-2.5305277397021984,1.6273204188569328,0.0
269,5,-0.29875434782391963,1.2393949221569338,0.0
269,6,-3.112097612519531,2.0723907098064394,0.0
269,7,-0.012748998493156805,1.3299308385772424,0.0
269,8,1.67940454469026,1.9441984023484387,0.0
269,9,-0.34419691031208544,2.313406031868238,0.0
269,10,1.0585711375615339,3.1427934030543825,0.0
269,11,-1.1696320787019419,1.4466318619408551,0.0
270,0,0.0,0.0,0.0
270,1,-2.7203498155142474,2.699322258461157,0.0
270,2,-3.12455606731395,5.065042734834082,0.0
271,0,0.0,0.0,0.0
271,1,-0.5766502271709308,-3.7450344723711195,0.0
271,2,1.4084675420867914,-2.058402190752865,0.0
272,0,0.0,0.0,0.0
272,1,1.9036761215546414,1.4927936338013412,0.0
272,2,1.0681472683839823,0.9665244864914542,0.0
273,0,0.0,0.0,0.0
273,1,1.9039455708233792,-1.071813270709218,0.0
273,2,1.9742587257681332,-1.6841235713194131,0.0
274,0,0.0,0.0,0.0
274,1,0.6073439916339611,0.10820643812604314,0.0
274,2,1.5581922156277488,0.004999752774950683,0.0
274,3,0.7587490461117872,-1.335615398634773,0.0
275,0,0.0,0.0,0.0
275,1,-0.7258548872535859,1.381922139196368,0.0
275,2,-1.82525583927255,0.6880348314804233,0.0
275,3,-1.867410129664393,-0.4397253315860882,0.0
275,4,0.18178746593627831,2.4981010021036205,0.0
275,5,1.36457994701428,3.1443463394136604,0.0
275,6,-0.9313580801062991,3.4203953736200727,0.0
276,0,0.0,0.0,0.0
276,1,-0.26127024198370674,-0.916582027505412,0.0
276,2,-3.1826834288938084,-2.2465541502730852,0.0
276,3,-1.7886407314107498,-0.7062743727163596,0.0
277,0,0.0,0.0,0.0
277,1,0.12674232336867397,2.7239570041460706,0.0
277,2,-0.8544359298833409,0.20195976209599753,0.0
278,0,0.0,0.0,0.0
278,1,0.8340306372233466,-0.7532957575298416,0.0
278,2,-1.7564584583324137,-0.7308710276105508,0.0
279,0,0.0,0.0,0.0
279,1,-0.33437905130146695,0.4843239079150614,0.0
279,2,0.7482858936499708,-2.0186674789966523,0.0
279,3,0.5589258369431036,0.08007877294976581,0.0
280,0,0.0,0.0,0.0
280,1,0.9967803237228495,-1.9503943205717003,0.0
280,2,1.3540382477049329,-2.0906852369049,0.0
281,0,0.0,0.0,0.0
281,1,-0.09361981758625815,-0.7046039935319873,0.0
281,2,-0.989013227944754,1.996938296550154,0.0
282,0,0.0,0.0,0.0
282,1,0.3363260105859112,-1.483202377765903,0.0
282,2,-1.4616225126131226,0.8954086492549292,0.0
282,3,-0.9676081209290555,-0.1416264541234974,0.0
282,4,-0.08842624554703377,1.0437779789032193,0.0
282,5,0.5065645113958135,2.7305806586670327,0.0
283,0,0.0,0.0,0.0
283,1,1.1714308442480117,0.12316086474072316,0.0
283,2,0.8369573045382128,-0.5692093716221953,0.0
284,0,0.0,0.0,0.0
284,1,1.441450667731107,-0.44053389258393766,0.0
284,2,0.09455532422620455,0.5345784903493862,0.0
285,0,0.0,0.0,0.0
285,1,-0.08679826179468325,1.0077265324867675,0.0
285,2,-1.4651113133563107,3.135915466206159,0.0
285,3,-1.4047356558524426,2.1535377468690466,0.0
285,4,-0.2572098000891551,3.3496579277703438,0.0
285,5,-1.2368583461064804,3.077624264920745,0.0
285,6,0.3082263527340759,2.8065922328002486,0.0
285,7,0.5278773204639271,1.6351203998191168,0.0
285,8,0.7590979916188116,-0.41425479059009107,0.0
286,0,0.0,0.0,0.0
286,1,-1.1264516425909723,3.6799113734929167,0.0
286,2,-1.758591964673149,3.8121948374634793,0.0
287,0,0.0,0.0,0.0
287,1,-1.1965454442708787,-0.4104655716694885,0.0
287,2,0.8981027022877996,-2.497619618590353,0.0
288,0,0.0,0.0,0.0
288,1,-1.1424882253336412,-0.3732650430199861,0.0
288,2,-1.0916425288392912,-2.084856545760335,0.0
288,3,-0.38277185273336634,-2.4784985244282254,0.0
288,4,1.0072437716687492,-1.47357045385579,0.0
289,0,0.0,0.0,0.0
289,1,-0.47032066147771984,1.7455122011329798,0.0
289,2,-2.012013429671831,2.464125507001578,0.0
289,3,-0.5272763161249616,0.33811104800973135,0.0
289,4,-2.5040725846691734,0.539437738650669,0.0
290,0,0.0,0.0,0.0
290,1,-1.8400207810830989,-0.9910410759068421,0.0
290,2,-2.5922400612022845,0.21200993333460139,0.0
291,0,0.0,0.0,0.0
291,1,-1.509746711002165,1.1295738270389313,0.0
291,2,-1.0408681691319326,0.1339659977689669,0.0
292,0,0.0,0.0,0.0
292,1,-0.5539199277608371,0.3370909772992998,0.0
292,2,-1.5051148183091032,0.9905176524448159,0.0
293,0,0.0,0.0,0.0
293,1,-2.247017625258479,-1.407063846991678,0.0
293,2,0.137088347793583,-1.427620304595353,0.0
293,3,-0.21754943798953427,-1.9016747441518047,0.0
294,0,0.0,0.0,0.0
294,1,1.8410285694251256,-0.10516498656621476,0.0
294,2,-0.33648979445726823,0.4188305547049861,0.0
295,0,0.0,0.0,0.0
295,1,-0.31847866657574153,-2.7817025786088734,0.0
295,2,-0.7353059664156307,-0.6025109490665553,0.0
296,0,0.0,0.0,0.0
296,1,-2.9615046922395605,-1.4032916211644353,0.0
296,2,-4.598640824506772,-0.8931717064069873,0.0
297,0,0.0,0.0,0.0
297,1,-1.0645214813620048,2.3490019947239915,0.0
297,2,-0.3437073541596909,0.4226379363329482,0.0
297,3,-0.3361443993379831,3.2999446094082248,0.0
297,4,-2.9897969778673215,2.244782801724593,0.0
298,0,0.0,0.0,0.0
298,1,1.3996121881144385,-0.2664575856854098,0.0
298,2,0.45946515446023684,2.386739939357205,0.0
298,3,-0.5716652732939018,0.011674039823189375,0.0
299,0,0.0,0.0,0.0
299,1,-0.5306035192527367,-0.1721301947370204,0.0
299,2,-0.43826203714823353,0.7272946665732005,0.0
299,3,0.43952246199960543,1.9026421083978993,0.0
299,4,-0.4243711900678364,2.181857419591354,0.0
299,5,-1.1202053869718465,1.1362197331516626,0.0
300,0,0.0,0.0,0.0
300,1,0.530892066510011,2.255164986660614,0.0
300,2,1.758333316771406,1.5796979778141176,0.0
301,0,0.0,0.0,0.0
301,1,2.6785700133249826,3.3331126134112026,0.0
301,2,3.2914958401729804,-0.3851560569468697,0.0
302,0,0.0,0.0,0.0
302,1,-1.5300171572953623,2.616200518873878,0.0
302,2,-0.13341585888709329,1.4143481212812612,0.0
303,0,0.0,0.0,0.0
303,1,1.4404172714530086,0.3079983335619565,0.0
303,2,1.6314031162455254,0.5143229873386879,0.0
303,3,0.5578072525017943,1.9158839903322082,0.0
304,0,0.0,0.0,0.0
304,1,0.2834995684079401,0.37335599527416397,0.0
304,2,-0.6165321610038393,0.3678442429660004,0.0
305,0,0.0,0.0,0.0
305,1,0.48703114957331906,-0.11237107991424555,0.0
305,2,3.340304801755752,0.9249818866561171,0.0
305,3,0.9167028306520639,-0.3439963975283252,0.0
305,4,2.8712868977025843,-1.0308120968346386,0.0
305,5,-0.638852917785214,0.3116605919384777,0.0
305,6,1.367313231309378,0.8078785851867016,0.0
305,7,1.847374666645707,-1.6906939281946332,0.0
306,0,0.0,0.0,0.0
306,1,0.6051609163060061,-0.9992110390008732,0.0
306,2,2.5148724461044702,-0.29027909053374434,0.0
307,0,0.0,0.0,0.0
307,1,-1.2743487850158253,0.2516495810577866,0.0
307,2,-1.8963267632354839,0.886355057978825,0.0
308,0,0.0,0.0,0.0
308,1,-1.4284526571399019,2.6084440772000823,0.0
308,2,-1.3317056226066866,1.9720288836732638,0.0
309,0,0.0,0.0,0.0
309,1,-1.0109156004970856,-0.06909135227041363,0.0
309,2,-0.30810423921278984,-3.1013485485347076,0.0
310,0,0.0,0.0,0.0
310,1,1.3461591477005868,1.4465606209400879,0.0
310,2,1.7426241241343163,-0.5279209935773963,0.0
310,3,3.5238483781046104,-0.47670099379868125,0.0
311,0,0.0,0.0,0.0
311,1,-0.6880594199011009,1.4259035772380333,0.0
311,2,0.6214672123166294,1.6882807250537424,0.0
311,3,3.1609241436615796,1.2900815782580615,0.0
311,4,2.763368659966581,1.3106239886037654,0.0
311,5,3.24287579467259,3.087056218356311,0.0
311,6,2.3987997041286104,2.285449073813916,0.0
311,7,1.7002610974052794,4.856687392903946,0.0
312,0,0.0,0.0,0.0
312,1,-1.9216237954253585,1.884798885020858,0.0
312,2,-1.0240894971377366,3.8579504700639666,0.0
312,3,-2.95274997305304,3.5894512419216147,0.0
313,0,0.0,0.0,0.0
313,1,-1.4713161126350178,-0.1138513237544359,0.0
313,2,-3.304821117337731,0.18228364825193105,0.0
313,3,-3.1925353755270436,-0.5959113418767419,0.0
313,4,-2.4302993495541227,0.9070476599899449,0.0
313,5,-0.7221047169131984,-0.046418028829772695,0.0
313,6,-0.7547850782282315,0.74850060776202,0.0
314,0,0.0,0.0,0.0
314,1,0.15904136313663875,0.4029888090853333,0.0
314,2,1.22561092434817,-0.5524106472638055,0.0
315,0,0.0,0.0,0.0
315,1,-0.2921687195930006,1.0096334947368268,0.0
315,2,2.0177638613068067,-0.22222184765063702,0.0
315,3,2.7548221635456014,-2.0010476179118557,0.0
316,0,0.0,0.0,0.0
316,1,-1.607478538225469,-1.2436240873022972,0.0
316,2,-2.107458397272783,-1.6450100406917267,0.0
316,3,-0.9769090365736499,-1.5510789770982087,0.0
316,4,0.34877216221632534,-1.6115918973080465,0.0
316,5,-0.41654639410260685,-3.6823979394079105,0.0
316,6,-0.5499501326120804,-2.1243620229595557,0.0
317,0,0.0,0.0,0.0
317,1,-0.7801963444301312,-0.3192496693068074,0.0
317,2,0.5083652289402796,1.0142717910273482,0.0
318,0,0.0,0.0,0.0
318,1,-3.02979009567124,-0.3676010951523977,0.0
318,2,-0.5648225114822749,-1.4525856877769403,0.0
318,3,-0.06930238241409103,-0.1354941573155387,0.0
318,4,-1.9995369209045426,-2.908778072696637,0.0
318,5,-0.2157405484679975,-2.5847383413861724,0.0
318,6,-3.7948489814452318,-3.1530734235053695,0.0
318,7,-2.3638570183972076,-2.9315996594505176,0.0
318,8,-0.5655104278793657,-2.6595520500263965,0.0
318,9,2.652157578487455,-3.238440732948755,0.0
319,0,0.0,0.0,0.0
319,1,-0.622006978717478,-0.011911631024339009,0.0
319,2,-1.986417593555342,0.14004148748549694,0.0
319,3,-1.9140658272635798,2.159768052053754,0.0
319,4,-0.9861981494577439,-0.5081879284337094,0.0
319,5,0.1135645088866466,0.5701161413335676,0.0
319,6,2.57476526371169,-0.3432399246511584,0.0
319,7,0.7438109291280999,0.4282874050990073,0.0
319,8,1.95595440435761,0.6145096309348448,0.0
319,9,2.437862306318455,0.4858594968488519,0.0
319,10,4.547148955723687,-0.559255655246139,0.0
320,0,0.0,0.0,0.0
320,1,2.131092878012367,0.5970846320655525,0.0
320,2,4.5102754868507695,-0.3445320062399633,0.0
320,3,0.9125246042838746,0.3096142301042919,0.0
320,4,4.0986842993816115,0.30461817947420755,0.0
320,5,2.9468710946220416,3.515491952687156,0.0
321,0,0.0,0.0,0.0
321,1,-0.5968706411754723,0.3814813556846479,0.0
321,2,1.2036599244731114,0.6277780642612965,0.0
322,0,0.0,0.0,0.0
322,1,0.24847534783558567,1.478105738326557,0.0
322,2,-2.1106856049091647,1.0839756816814279,0.0
322,3,-2.9420356866077033,1.7088159568797785,0.0
322,4,-2.540250664586501,0.7053458045411153,0.0
322,5,-1.9542650002245676,0.11544371069870318,0.0
322,6,-3.621222112944729,1.704634769745816,0.0
322,7,-2.010811746148025,0.34562206379150073,0.0
322,8,-1.231434017933727,-1.4386131263725273,0.0
322,9,0.08308980001900101,3.016520176622279,0.0
322,10,-1.3058230305623129,2.193333706280072,0.0
322,11,-2.6226780430323355,2.878316374740922,0.0
322,12,-0.11665096770591266,2.518951530638928,0.0
323,0,0.0,0.0,0.0
323,1,-0.6457814728315635,-0.5976634150537343,0.0
323,2,0.4332762396476707,0.8446262280120889,0.0
324,0,0.0,0.0,0.0
324,1,0.06641626025773228,-0.06549194901299304,0.0
324,2,-0.13402405113445504,0.7970299644405714,0.0
325,0,0.0,0.0,0.0
325,1,-2.311741387697695,-1.0752317550432062,0.0
325,2,-0.6721659144593735,-2.8240486180876347,0.0
326,0,0.0,0.0,0.0
326,1,0.4328899043272597,-0.9260229934136137,0.0
326,2,0.5009619514960342,1.693111103717507,0.0
327,0,0.0,0.0,0.0
327,1,1.4444566546205966,0.494767113566271,0.0
327,2,3.524559982403368,1.6486337978108816,0.0
328,0,0.0,0.0,0.0
328,1,-1.0090853586163213,0.16531555841322218,0.0
328,2,-0.2372293349266652,-2.528609324164762,0.0
329,0,0.0,0.0,0.0
329,1,3.4935239928531354,0.34141478456071317,0.0
329,2,4.525714580749628,-0.9438188626073636,0.0
329,3,4.437483572642671,-1.102576922023722,0.0
329,4,2.655963783009004,-1.853177473127224,0.0
329,5,2.9244459112635948,0.4547904468248829,0.0
330,0,0.0,0.0,0.0
330,1,-0.9511915502156937,-0.5750034565581813,0.0
330,2,-0.4851380506189866,-0.08778388779626875,0.0
330,3,-0.9223207073768063,0.6904067725575045,0.0
330,4,0.22811196757133412,-0.059643976780523994,0.0
330,5,-1.0187932680984622,-0.58545869191122,0.0
330,6,-1.0609628012755652,-0.815266417198642,0.0
331,0,0.0,0.0,0.0
331,1,0.40902073768641367,-0.18671205227964022,0.0
331,2,2.561773056333072,-2.2324393517861676,0.0
331,3,3.2172765515842734,-1.2537218529494274,0.0
332,0,0.0,0.0,0.0
332,1,-0.20829476933169033,-0.19400452855146155,0.0
332,2,1.8152989143114264,-1.6064284154270898,0.0
333,0,0.0,0.0,0.0
333,1,-1.0625956416827669,0.5451676788264305,0.0
333,2,-1.0879496970349085,-0.9348721140306812,0.0
333,3,-2.733729581160198,-0.5289136505559298,0.0
333,4,0.8299248280474255,-0.7810037272838501,0.0
334,0,0.0,0.0,0.0
334,1,-1.2161674847137984,0.7699466606275787,0.0
334,2,-2.1273062088079175,-1.3774771055404764,0.0
334,3,-4.750881445208296,-2.131396373129741,0.0
334,4,-2.405219070879739,-0.19721447308480444,0.0
335,0,0.0,0.0,0.0
335,1,1.1410329258776784,-0.33225438668966206,0.0
335,2,0.1353010584006169,-0.9164570195237531,0.0
336,0,0.0,0.0,0.0
336,1,2.7809280901269897,-1.7099395935609887,0.0
336,2,0.18730227074630207,-1.0629298268490848,0.0
336,3,-1.335619862220988,-2.0281844533491844,0.0
337,0,0.0,0.0,0.0
337,1,0.7032065568021496,2.138722117710032,0.0
337,2,0.6304001229991254,2.3829760928005927,0.0
337,3,1.2689172600627574,0.5079193620818554,0.0
338,0,0.0,0.0,0.0
338,1,-0.14917865171885603,-1.043518026044355,0.0
338,2,-0.5013276024661375,-0.8327503153496547,0.0
339,0,0.0,0.0,0.0
339,1,-0.7745789582686413,1.369977849480105,0.0
339,2,-0.35723790249697407,-0.3117051017016439,0.0
339,3,-2.0549749355743363,-0.7068851150756923,0.0
339,4,0.8795633623369432,-1.043400021844413,0.0
339,5,-1.0835671550008688,-2.062249972270522,0.0
339,6,-0.25470165104918596,-1.2863265498703016,0.0
340,0,0.0,0.0,0.0
340,1,-0.15499311274014005,1.078283886676416,0.0
340,2,-0.3239110541788639,-0.4266869093703902,0.0
341,0,0.0,0.0,0.0
341,1,1.2639346408247945,-1.4091447996412683,0.0
341,2,-0.5147909613346474,-3.7364610342960334,0.0
342,0,0.0,0.0,0.0
342,1,0.9777843288217449,0.6023870908023761,0.0
342,2,-0.13433038592591864,-0.7631573731113461,0.0
342,3,1.5648954405874174,1.4077679120717022,0.0
342,4,1.7670722201449063,0.5268687995301661,0.0
342,5,1.8077411114222004,2.130885893153363,0.0
342,6,-0.14452917617821195,1.3508216939032098,0.0
342,7,1.3421166314040198,0.14896681759553543,0.0
343,0,0.0,0.0,0.0
343,1,-0.5892175310385053,1.2365807692476576,0.0
343,2,-0.6056128246814612,-1.0227907052842555,0.0
344,0,0.0,0.0,0.0
344,1,0.6643469483671814,0.0666305932351885,0.0
344,2,0.8271255685566488,0.4225447662274636,0.0
344,3,1.4464654884233559,0.9449745614844569,0.0
344,4,2.791725494597113,2.13455047111455,0.0
345,0,0.0,0.0,0.0
345,1,1.7473179288356404,-0.8390617916120056,0.0
345,2,1.7633394702363243,-0.29633729655801266,0.0
345,3,3.4985694015410362,3.0124557316858427,0.0
345,4,1.5419296465814907,1.6687468970781023,0.0
346,0,0.0,0.0,0.0
346,1,0.8123203411153989,0.6349796285088521,0.0
346,2,1.5520743434790774,0.18956004279753336,0.0
346,3,0.6820201633933786,2.5051439742746315,0.0
347,0,0.0,0.0,0.0
347,1,0.47914245160121105,0.556026254901268,0.0
347,2,-0.7304833915678053,3.2059367004018196,0.0
348,0,0.0,0.0,0.0
348,1,-0.30422330418442595,-2.315215956277794,0.0
348,2,-0.3544875791582401,-1.9443216365447453,0.0
348,3,-2.64259522049558,-2.936702074986555,0.0
348,4,-2.203773770252146,-1.6643455624719818,0.0
348,5,-1.283794274211214,-1.8510577345585286,0.0
348,6,-1.7858471939134692,-1.7594691137011114,0.0
349,0,0.0,0.0,0.0
349,1,0.3675563363571014,0.25065662732218513,0.0
349,2,1.079949660509552,1.0570391780324053,0.0
350,0,0.0,0.0,0.0
350,1,-1.6761780574765845,2.0337837970295842,0.0
350,2,-2.171645803783417,1.7478345080622464,0.0
350,3,-4.51844291193778,3.199587821289991,0.0
351,0,0.0,0.0,0.0
351,1,1.3533369679811273,1.8167379272273927,0.0
351,2,-0.24086531790090282,0.4042966495455383,0.0
352,0,0.0,0.0,0.0
352,1,-0.21303305679534557,2.0272975601093375,0.0
352,2,1.1659608200343088,1.908482258251937,0.0
353,0,0.0,0.0,0.0
353,1,0.13044905798088147,0.9429877642719426,0.0
353,2,0.273150631849881,0.06238695308805298,0.0
353,3,-1.341449935453888,0.7130430956945566,0.0
353,4,1.073161436959599,-0.585698652205626,0.0
353,5,-0.768888623801201,-2.7934605246233515,0.0
353,6,-0.6050632076550643,-0.7447609408614204,0.0
353,7,0.7570054651536896,-1.4362103099530308,0.0
353,8,-0.6191651237407202,-1.3011495411024792,0.0
354,0,0.0,0.0,0.0
354,1,0.0953702277810929,-0.4383940834591248,0.0
354,2,0.10316356318138022,-0.3343035583988412,0.0
355,0,0.0,0.0,0.0
355,1,2.1977613298084324,-0.5370804480671103,0.0
355,2,1.4219697005406933,2.0227569252084483,0.0
355,3,1.1928634295373548,1.0638396427009913,0.0
355,4,1.8802543918141028,2.1944712255388774,0.0
355,5,0.534387440720151,1.2106985918799755,0.0
355,6,2.536372139461484,2.2678769480379763,0.0
355,7,-0.4763604578816782,2.841671875362666,0.0
356,0,0.0,0.0,0.0
356,1,-1.4514388982251398,-0.8611038183274189,0.0
356,2,-1.1523669510439878,-2.1974122446559945,0.0
356,3,-1.9141041152064553,-1.636269143877656,0.0
356,4,-2.3468582412875403,-1.7731662389446128,0.0
356,5,-1.8500436230285933,-2.3038876343135115,0.0
356,6,-1.6184436427708693,-3.229092406280107,0.0
356,7,-0.43693092252168686,-3.331995347735935,0.0
357,0,0.0,0.0,0.0
357,1,-0.7405413247455858,1.0563889938406026,0.0
357,2,-1.1427190074049178,-0.0834617692778658,0.0
357,3,-1.9131652823936744,1.552280155643511,0.0
358,0,0.0,0.0,0.0
358,1,-0.022049963334616063,-3.7036173795462553,0.0
358,2,-0.09174572412717197,-3.2524665858301236,0.0
358,3,-0.5175494015222513,-0.5382546711645194,0.0
359,0,0.0,0.0,0.0
359,1,-0.09598666566346958,-0.8540502465607234,0.0
359,2,-2.7133758943980495,-0.11500017235682558,0.0
359,3,-0.9041010221109311,-0.04135539002914468,0.0
360,0,0.0,0.0,0.0
360,1,0.43165281222233864,0.0018442729610059633,0.0
360,2,1.397669105296462,1.5390322451922278,0.0
361,0,0.0,0.0,0.0
361,1,0.3745579541721986,2.8575754461933456,0.0
361,2,1.543801028681884,3.966397035771347,0.0
361,3,1.7593095609192775,3.423801069203884,0.0
362,0,0.0,0.0,0.0
362,1,1.0834700762869156,0.756088318541489,0.0
362,2,0.00232155699625336,3.1442711129159275,0.0
363,0,0.0,0.0,0.0
363,1,0.37164514527890796,1.019785992732561,0.0
363,2,3.542369881545176,1.249014880832873,0.0
363,3,2.5311172932369765,-0.44555121672696574,0.0
364,0,0.0,0.0,0.0
364,1,0.152555175680264,-2.2028807693094272,0.0
364,2,1.5773078623527055,-1.9441582001755235,0.0
364,3,-0.08709979909687082,1.2860195641868475,0.0
364,4,-0.8170901473982407,2.1980719669158697,0.0
364,5,-1.2217946875345,2.2725113661582528,0.0
364,6,-1.2939786225870247,1.2585719644085755,0.0
365,0,0.0,0.0,0.0
365,1,-0.6803866667281233,-0.7325870557065854,0.0
365,2,0.8301905612625637,-0.0757869055732685,0.0
365,3,1.9089906097280465,-1.005354664354903,0.0
366,0,0.0,0.0,0.0
366,1,-0.818385203533978,0.2083685597498806,0.0
366,2,-0.47752048703266725,-0.1571976638615858,0.0
366,3,0.5624550755886208,-0.4704186274035538,0.0
367,0,0.0,0.0,0.0
367,1,-1.8520752552227115,0.5388279059852048,0.0
367,2,-2.1606240394883987,-0.47568600605602307,0.0
367,3,-4.325002992381808,-0.3227535646514894,0.0
367,4,-3.521837387459337,-2.5949146461157033,0.0
368,0,0.0,0.0,0.0
368,1,-0.5032394748334106,0.11330165356499178,0.0
368,2,-1.4017075403652604,-1.4458302862776722,0.0
368,3,-2.1970461285109497,-1.125300618744768,0.0
368,4,-3.4980412833701546,-0.03013926430656011,0.0
368,5,-1.3102580943159559,0.06537056254290396,0.0
368,6,-1.2763392854019477,0.873169821073555,0.0
368,7,0.5176116721756834,1.668410800459071,0.0
368,8,-0.7217257842191982,2.1718620018021353,0.0
368,9,-0.7761773111826173,0.9957181452838897,0.0
368,10,-1.0878394441116772,-0.7403926156929799,0.0
368,11,-0.6379722672725858,0.7150146588211208,0.0
368,12,-1.6373138758943344,-0.3567828799321646,0.0
368,13,-2.2433323962567506,0.41030263169014547,0.0
369,0,0.0,0.0,0.0
369,1,0.4428779707567442,1.9399307275301114,0.0
369,2,-0.9043538954731961,4.349897436453008,0.0
370,0,0.0,0.0,0.0
370,1,2.251320988662304,1.241950203809278,0.0
370,2,1.8830008122917483,0.8352433196078854,0.0
371,0,0.0,0.0,0.0
371,1,-0.2872131448044084,0.48403411230712723,0.0
371,2,-0.017280770130770673,1.3742508273232976,0.0
372,0,0.0,0.0,0.0
372,1,-0.7045063137541331,-1.2836151233743547,0.0
372,2,1.9599455185721002,-3.1017148514123676,0.0
372,3,0.752869025339194,-0.4360198775163615,0.0
372,4,0.9283409023485011,-0.8305572390541565,0.0
372,5,3.3776053345775274,-1.4492257467531366,0.0
373,0,0.0,0.0,0.0
373,1,-0.6071930321532049,1.9448425919985255,0.0
373,2,0.8997788939130569,1.8878655914503764,0.0
373,3,0.6653673787180312,2.3664110192566548,0.0
373,4,1.7800419324582137,2.7474175803453216,0.0
374,0,0.0,0.0,0.0
374,1,0.9907932117825375,-1.0079221017277347,0.0
374,2,-0.29925652857804597,3.2900944562613255,0.0
374,3,-0.7725875327234423,-0.0890905282784924,0.0
375,0,0.0,0.0,0.0
375,1,-0.023532960113679335,2.1834663114417485,0.0
375,2,-1.0711439002759793,0.8964990945920253,0.0
376,0,0.0,0.0,0.0
376,1,-1.6308293613978255,1.12930635293601,0.0
376,2,-1.11723494150776,-1.1396114440266505,0.0
377,0,0.0,0.0,0.0
377,1,-1.599843575311582,-0.46810346058056174,0.0
377,2,-0.4809213464786539,-2.5954698485006253,0.0
377,3,-0.5317163955053115,-1.9051500139933233,0.0
377,4,-0.5212294878908388,-2.8642614190576445,0.0
377,5,0.27132324869397206,-2.858052271149014,0.0
377,6,-1.252528078509967,-3.437343448025341,0.0
377,7,1.954987415816287,-2.2409414575800914,0.0
377,8,1.0800769559581171,-3.3102934180900463,0.0
378,0,0.0,0.0,0.0
378,1,1.0476873509886486,-0.8108404101073982,0.0
378,2,2.2217286885619307,-1.064907979588367,0.0
378,3,2.799474851536994,-0.2120530311488671,0.0
378,4,2.42994510414837,1.3264908609001846,0.0
378,5,2.2830600538181827,0.43537781100114725,0.0
378,6,2.6386104946655813,-1.4865020605732386,0.0
378,7,2.2746325513607824,-2.5527923499981275,0.0
379,0,0.0,0.0,0.0
379,1,1.9256300811441962,-2.173556350484126,0.0
379,2,1.5149154202209765,-1.2254124143691776,0.0
380,0,0.0,0.0,0.0
380,1,-0.35839615655738627,-1.440664205532648,0.0
380,2,0.9834138274545126,-2.1145394957549137,0.0
380,3,1.1861479072027532,-1.558634228178391,0.0
380,4,0.7709389679929328,-2.6167632416926234,0.0
380,5,1.7950093331470396,-1.341147689509441,0.0
380,6,0.7851494445141247,-3.693222357472177,0.0
380,7,1.6714763828226151,-3.663649298679731,0.0
380,8,1.6193907617317294,-1.9217146151372277,0.0
380,9,1.2133877033042944,-2.874167916585545,0.0
380,10,0.8366837909474751,-3.537710322061009,0.0
381,0,0.0,0.0,0.0
381,1,-1.1723108762314223,-0.283278932985612,0.0
381,2,0.4105362006079589,-0.7402260169464605,0.0
381,3,-0.8228566750144519,-0.5113838445832286,0.0
381,4,1.2321750645880303,0.17435360689834134,0.0
382,0,0.0,0.0,0.0
382,1,2.0137728588337516,-0.7503845620070726,0.0
382,2,0.2930637941430049,-1.4595367805281092,0.0
382,3,-0.3593484137072517,-0.8183658870859978,0.0
383,0,0.0,0.0,0.0
383,1,-1.825117701016462,0.8712720329807465,0.0
383,2,-1.291348730385538,-0.7353895186410099,0.0
383,3,-1.8474811429275149,-0.3078413738151532,0.0
383,4,-3.978049694541859,0.592503718431172,0.0
384,0,0.0,0.0,0.0
384,1,1.9928470534237641,1.6769764164034047,0.0
384,2,4.020072235340888,3.534673258934251,0.0
384,3,3.950092046876071,2.4595889215744258,0.0
385,0,0.0,0.0,0.0
385,1,-0.7635746538685685,-0.16340933935140112,0.0
385,2,-1.742846273899957,0.6331383114932418,0.0
385,3,-2.4072782781786883,2.4003367186455105,0.0
385,4,-5.012644719629714,3.5246662312374997,0.0
385,5,-6.150798847321608,1.6412741620180324,0.0
386,0,0.0,0.0,0.0
386,1,1.4841038688311787,2.742041794053408,0.0
386,2,2.4394674197117845,2.093977997212041,0.0
386,3,1.9286258751613246,2.56660110404897,0.0
386,4,1.476687678265102,2.771610174590568,0.0
387,0,0.0,0.0,0.0
387,1,-2.3112353324627297,-1.2288181013161277,0.0
387,2,-3.7719110020598605,-0.6638590282030986,0.0
388,0,0.0,0.0,0.0
388,1,-0.4522146553301822,2.416859020923863,0.0
388,2,0.840832880066001,0.832296462632095,0.0
389,0,0.0,0.0,0.0
389,1,-1.8052748907494798,-0.21788654275133146,0.0
389,2,-1.1669174862815792,-0.184809610490279,0.0
390,0,0.0,0.0,0.0
390,1,-0.7605161898989728,1.2512299926780621,0.0
390,2,0.8652091088482866,0.023045840204785506,0.0
390,3,3.8218021735419803,-0.5498882114307737,0.0
390,4,3.3535417648889276,1.8328837666704352,0.0
390,5,4.771488098773876,1.446515395404646,0.0
390,6,2.694090368089958,0.24158766942819954,0.0
390,7,1.1344025077575783,-0.7539905042817467,0.0
390,8,-0.1699719957695195,-1.0283405834774706,0.0
390,9,0.10960602818178267,-1.0577203263977872,0.0
390,10,1.3795726071117178,-1.1214918223161092,0.0
390,11,4.114217455313973,-0.33244024189591515,0.0
391,0,0.0,0.0,0.0
391,1,-1.0053088801730692,2.1486512160103017,0.0
391,2,-2.2300653841499347,-0.274723920041009,0.0
392,0,0.0,0.0,0.0
392,1,0.9951313789821399,0.3611523622378754,0.0
392,2,1.1040564861283741,-1.1219815211662574,0.0
392,3,-1.1846129373233862,-1.199204681028776,0.0
392,4,-1.5108162672366616,-0.33829741891219633,0.0
392,5,-2.1454217866938707,-0.9006014704394343,0.0
393,0,0.0,0.0,0.0
393,1,4.9352448143222745,2.122153764729513,0.0
393,2,3.0856849389020464,1.5196878333513113,0.0
394,0,0.0,0.0,0.0
394,1,-0.8519917353789022,1.0577927697711758,0.0
394,2,-3.7748612972162077,0.33151470592629684,0.0
395,0,0.0,0.0,0.0
395,1,-1.3552754580693511,0.7976075001016023,0.0
395,2,0.4523688426008942,1.181628432995595,0.0
396,0,0.0,0.0,0.0
396,1,-0.44513780249233115,0.042462277316847485,0.0
396,2,0.9796561313074648,0.3179633094002451,0.0
396,3,0.8567188989169107,0.4730749395585173,0.0
397,0,0.0,0.0,0.0
397,1,-2.8879138050720274,2.8396944425616013,0.0
397,2,-0.9143966859657717,1.94012470000427,0.0
397,3,-1.7909758377739253,1.0311440297434558,0.0
397,4,-1.7789251952163923,0.01848334069835339,0.0
397,5,-1.9349133464860604,-3.0458103515652875,0.0
398,0,0.0,0.0,0.0
398,1,1.6183948598559945,0.3415520435163333,0.0
398,2,3.436559348065602,0.9734766327477316,0.0
399,0,0.0,0.0,0.0
399,1,-0.2040440181774233,1.953308184064568,0.0
399,2,-0.10558933262885667,1.145682281067143,0.0
399,3,2.469036731765972,0.6136001109732288,0.0
399,4,1.6464264955992278,3.380146909623057,0.0
400,0,0.0,0.0,0.0
400,1,-0.35882390164677025,-1.176009778110154,0.0
400,2,0.15643925066578168,-1.790189719183055,0.0
401,0,0.0,0.0,0.0
401,1,-0.19232120422101318,-1.5302775767862817,0.0
401,2,-0.42565593109093536,-1.6310137264476086,0.0
401,3,-0.9494174126132529,-3.3021941640043546,0.0
401,4,0.8679707305285496,-2.7730874885881045,0.0
402,0,0.0,0.0,0.0
402,1,-1.9028771761976015,-1.1445644543019646,0.0
402,2,-0.7882283892149,0.05226117130956526,0.0
403,0,0.0,0.0,0.0
403,1,-1.4884861246168883,-0.6012164117790889,0.0
403,2,1.0349069207404487,0.09063516469963806,0.0
403,3,2.4764459471624063,-0.14445932849489562,0.0
403,4,0.6988373208191665,0.13253672399543648,0.0
403,5,-1.5917920870284066,2.718746177513659,0.0
403,6,-0.15621328089787045,-0.13461857983255077,0.0
404,0,0.0,0.0,0.0
404,1,1.5638373565293964,3.263712668474641,0.0
404,2,1.6682956869298289,1.0472320443999634,0.0
405,0,0.0,0.0,0.0
405,1,-0.4274349620065488,2.4900679324013733,0.0
405,2,-1.3012164066083465,2.5744678393632734,0.0
406,0,0.0,0.0,0.0
406,1,-0.6744887518029266,-1.3488681199030168,0.0
406,2,1.714395723301386,0.9240766704198169,0.0
407,0,0.0,0.0,0.0
407,1,0.9810351389153853,0.17541078134016025,0.0
407,2,1.9843828887560533,0.6102794166385461,0.0
408,0,0.0,0.0,0.0
408,1,1.0934748145773843,-2.745022004706425,0.0
408,2,0.9939420041158722,-2.733184233349238,0.0
409,0,0.0,0.0,0.0
409,1,-1.470454580660026,-0.9596061597600856,0.0
409,2,-1.1582151691663454,-0.01216445860821408,0.0
409,3,-1.1724195931459522,2.4814024539919237,0.0
410,0,0.0,0.0,0.0
410,1,-2.42334359637828,-0.9728696131891026,0.0
410,2,-0.27146359363419675,-1.856180114073853,0.0
410,3,0.2912938121833228,-1.712946054794672,0.0
411,0,0.0,0.0,0.0
411,1,-0.628358346660693,-0.016084691076933444,0.0
411,2,-1.3752169838945796,-2.335537455926649,0.0
411,3,-0.7522780500019661,-3.218094695237627,0.0
411,4,-2.2107850996149825,-5.134826075207249,0.0
411,5,-1.4928962373507728,-4.252944194318386,0.0
412,0,0.0,0.0,0.0
412,1,1.457607570535205,1.4201075835325312,0.0
412,2,0.9127169243231841,0.5961347320402499,0.0
412,3,-0.33476580106594156,4.07235267284208,0.0
412,4,-0.5397356789977108,3.3141059310554786,0.0
413,0,0.0,0.0,0.0
413,1,2.258205715638251,3.846508557935204,0.0
413,2,1.0760388711400255,5.120527360169604,0.0
414,0,0.0,0.0,0.0
414,1,0.998571676226216,-2.29603983385645,0.0
414,2,0.7288682017379658,-2.0517826893617825,0.0
415,0,0.0,0.0,0.0
415,1,1.220477130827104,2.5709954038333414,0.0
415,2,3.067007554262525,0.4705103323572595,0.0
415,3,4.185388693859354,1.543516112947598,0.0
415,4,2.654958265441432,1.2731785105863418,0.0
416,0,0.0,0.0,0.0
416,1,1.5082282163062724,-0.4525852433551254,0.0
416,2,0.9154589813711068,0.41890932783868307,0.0
416,3,-0.5457097055179155,-0.6445021970030016,0.0
417,0,0.0,0.0,0.0
417,1,0.28053033136331873,-2.531571131914147,0.0
417,2,0.0910487117051424,-0.7418558156933277,0.0
417,3,0.5090705120954688,0.5718111462712341,0.0
417,4,-0.12726785914591843,-0.5371633006712786,0.0
417,5,-1.7029668247102046,-1.2669735304296563,0.0
418,0,0.0,0.0,0.0
418,1,-4.245293150815363,-2.8642743388078595,0.0
418,2,-3.6859870300659527,-4.209235099850279,0.0
418,3,-4.154974855951339,-1.3394454491459489,0.0
419,0,0.0,0.0,0.0
419,1,0.476561037455698,-1.4517420596664379,0.0
419,2,-0.39828283724356495,-0.6888566534132748,0.0
420,0,0.0,0.0,0.0
420,1,0.7619779997157669,-1.0361166590530968,0.0
420,2,-1.5940229072244123,-1.3656719353461722,0.0
421,0,0.0,0.0,0.0
421,1,-0.9044636444651024,0.05823552014893485,0.0
421,2,0.37438460243802196,-1.7403219039284563,0.0
422,0,0.0,0.0,0.0
422,1,-1.3953700657203985,-0.31161365341431857,0.0
422,2,-1.83690738423204,1.8739899453338715,0.0
423,0,0.0,0.0,0.0
423,1,-2.165484790128348,2.559725484360987,0.0
423,2,-1.5575279578806682,-0.49448827398507866,0.0
423,3,0.759864386569052,0.7755465132711499,0.0
424,0,0.0,0.0,0.0
424,1,0.7749640871145247,2.7030268004014575,0.0
424,2,1.0475425555788371,2.598859834427886,0.0
425,0,0.0,0.0,0.0
425,1,-0.5889049644259898,0.6856011950526942,0.0
425,2,0.25315641146738577,2.4226231073921705,0.0
425,3,-2.1061792430948265,2.336623417017495,0.0
426,0,0.0,0.0,0.0
426,1,-0.048707996876657056,0.2024715397830712,0.0
426,2,0.03472814609680608,0.687646006478582,0.0
426,3,-2.2673611579979527,1.348325682104814,0.0
426,4,-1.6350327301951717,1.4155554132019292,0.0
426,5,-1.509445786451424,1.7128363712325398,0.0
426,6,-4.250558821248896,1.1061297260970324,0.0
426,7,-1.0299362684890196,1.0584093825898435,0.0
427,0,0.0,0.0,0.0
427,1,-0.022981068832702345,0.9575840732861354,0.0
427,2,0.33935580499485596,-0.42093047727969246,0.0
427,3,-1.8233691159066172,0.9478794918859281,0.0
427,4,-1.6356433051196344,-1.467443991694787,0.0
428,0,0.0,0.0,0.0
428,1,1.0932653249650592,0.3583785497149785,0.0
428,2,2.1059160779474904,-0.8418171481214312,0.0
428,3,1.6325617004501152,-2.839653062755459,0.0
428,4,-0.6092354180282884,-0.025024431223044985,0.0
428,5,-1.413213402917953,-0.8495227343671348,0.0
429,0,0.0,0.0,0.0
429,1,-1.69075289718604,-0.940403596537026,0.0
429,2,-0.38489731132287996,0.07754867378620056,0.0
429,3,-1.4520554949090707,-0.0027437457990746594,0.0
430,0,0.0,0.0,0.0
430,1,0.3763286962976661,0.2062593767070302,0.0
430,2,-0.3054400997885123,0.7129500348284394,0.0
430,3,1.3724158585147181,1.2057262182364652,0.0
431,0,0.0,0.0,0.0
431,1,-0.5364551018698119,0.15622673344873572,0.0
431,2,-1.3860843595780568,-0.8984718699498861,0.0
432,0,0.0,0.0,0.0
432,1,0.1635098466280127,0.06997069368888198,0.0
432,2,2.0627122779286684,-0.5546332352175531,0.0
432,3,3.6014429983237566,1.7854128346089977,0.0
433,0,0.0,0.0,0.0
433,1,-0.5671245472348665,0.7881538039998865,0.0
433,2,-1.9348868887402189,-0.9521449429218114,0.0
434,0,0.0,0.0,0.0
434,1,2.1490279518178466,-0.5164706416320549,0.0
434,2,-0.042562573375663604,-1.19175681221971,0.0
434,3,-1.312983906893324,-0.12450327263724437,0.0
434,4,-1.9898746215000935,1.250341961406364,0.0
435,0,0.0,0.0,0.0
435,1,1.191140148499016,0.8124696404349968,0.0
435,2,1.626019600296118,0.6512740333252967,0.0
436,0,0.0,0.0,0.0
436,1,1.7655428127040065,0.13584411990268275,0.0
436,2,4.84742318816728,1.5405532595450528,0.0
437,0,0.0,0.0,0.0
437,1,-2.1333207261724003,1.8450019733000558,0.0
437,2,-1.864325315959927,2.5873570279535025,0.0
438,0,0.0,0.0,0.0
438,1,-0.7567304784133868,0.5173418885204714,0.0
438,2,-0.14450123501658746,0.6179456427672353,0.0
438,3,-1.1891626464100944,0.4763770004987178,0.0
439,0,0.0,0.0,0.0
439,1,-0.2395153371553693,0.5130159165149397,0.0
439,2,-0.4815926382516673,-0.3217538327396834,0.0
439,3,-2.372008347503706,1.7231537583580019,0.0
440,0,0.0,0.0,0.0
440,1,0.9541112129068218,0.5993353688114476,0.0
440,2,0.10593481595327867,1.2849332262296231,0.0
440,3,-0.696765085961182,1.810535053320217,0.0
440,4,-0.10557284641046996,1.8910463083980154,0.0
440,5,1.2905930329878756,3.2153185756608313,0.0
441,0,0.0,0.0,0.0
441,1,0.08071803383053866,0.040191229602172474,0.0
441,2,-0.5069077115236096,-1.1199514983835512,0.0
441,3,-1.8111689777874478,-0.30541104901656047,0.0
441,4,-0.6316932253441668,-0.8813647925614874,0.0
441,5,0.31911754160181016,-0.9014722333970866,0.0
441,6,0.938419096261165,-0.8817889598889526,0.0
442,0,0.0,0.0,0.0
442,1,0.08160589501015525,0.21301016578866316,0.0
442,2,2.005475161813981,-2.2835947005543416,0.0
442,3,1.2505765343564121,-4.361338090261944,0.0
443,0,0.0,0.0,0.0
443,1,-1.29449515732555,0.57580575446978,0.0
443,2,-3.3143314823033174,-0.07833847667386706,0.0
443,3,-0.4523705720262574,1.221517829780975,0.0
443,4,-2.568071728793952,3.115067879919424,0.0
443,5,-1.5721019206521851,3.4527256806371027,0.0
444,0,0.0,0.0,0.0
444,1,3.500583342904922,-0.49785873527148206,0.0
444,2,1.041547037695182,-0.5940569193052314,0.0
444,3,0.137936532579229,1.177020014371281,0.0
444,4,1.4333552848222264,0.24414467450930322,0.0
445,0,0.0,0.0,0.0
445,1,-0.8192480279792989,1.7907290857449125,0.0
445,2,0.5613912909412837,1.9950301898200522,0.0
446,0,0.0,0.0,0.0
446,1,-2.1895554224806495,0.3330403664860735,0.0
446,2,-2.3361574376269973,-0.15474411917070685,0.0
446,3,-2.0651872844902286,-0.7893682792909056,0.0
447,0,0.0,0.0,0.0
447,1,-1.408589675776568,-1.2643812689854894,0.0
447,2,-1.1362837807639716,1.668519007745034,0.0
448,0,0.0,0.0,0.0
448,1,1.2458323015000556,1.2603094325951405,0.0
448,2,0.7786190481820887,2.959971775060542,0.0
449,0,0.0,0.0,0.0
449,1,-0.8813517565003709,1.6182743845945722,0.0
449,2,-0.3373338477765965,3.539033038404984,0.0
450,0,0.0,0.0,0.0
450,1,-0.39873473523462644,-2.8453945635945024,0.0
450,2,-0.12940753908279068,-3.1670704871309105,0.0
451,0,0.0,0.0,0.0
451,1,-1.9757125891286043,-1.6240742230256406,0.0
451,2,0.5516600997424904,-0.6932811298238468,0.0
451,3,1.375295782813701,-0.5667417384927322,0.0
452,0,0.0,0.0,0.0
452,1,1.128755286702357,1.589603678533397,0.0
452,2,-1.3232534718750013,-0.8954820607461806,0.0
452,3,1.0894194242324626,-1.564529121259146,0.0
452,4,1.6684751903137136,-2.2214901834098777,0.0
452,5,2.596675883116693,-4.00978813285988,0.0
452,6,2.9290087305140764,-3.7177541078380196,0.0
453,0,0.0,0.0,0.0
453,1,-0.2948549107799433,-1.424539666104498,0.0
453,2,-0.9631977728865041,-0.9950622650199026,0.0
454,0,0.0,0.0,0.0
454,1,0.8373207682206113,2.317928584042708,0.0
454,2,2.215286316267809,1.3947616449119589,0.0
454,3,-0.8268118762954856,3.4715208042381955,0.0
455,0,0.0,0.0,0.0
455,1,-0.49830724176710983,-1.2060814085538887,0.0
455,2,-1.4876472432313785,-1.821284883279052,0.0
455,3,-1.4200413608206963,-2.733985473753854,0.0
455,4,-3.159288124312676,-2.739837660227299,0.0
455,5,-2.049751675949876,-1.005938669015987,0.0
456,0,0.0,0.0,0.0
456,1,-0.17175690137267374,-1.7335210130234981,0.0
456,2,1.482172574928609,-0.9701801472193197,0.0
457,0,0.0,0.0,0.0
457,1,-0.8127679491120108,-1.425461043544511,0.0
457,2,-0.8172659977650674,-2.3481291938319555,0.0
457,3,1.5509492376783263,-1.4970578444687628,0.0
457,4,-0.8110876439672648,-2.9244100921358545,0.0
457,5,-2.554297400799093,-2.8381366299918005,0.0
458,0,0.0,0.0,0.0
458,1,0.1270750604802507,1.1495848445864552,0.0
458,2,-1.9125847492225,0.5916836899885292,0.0
459,0,0.0,0.0,0.0
459,1,1.989142245901056,-0.9986438183218811,0.0
459,2,0.2786529532919751,1.2168828324933552,0.0
459,3,1.9038121392291034,0.6802269091272736,0.0
460,0,0.0,0.0,0.0
460,1,-0.24565595101534082,0.6875542285464253,0.0
460,2,2.3131752535641392,0.4927598873503656,0.0
460,3,3.2074867090810453,1.7886886925388796,0.0
461,0,0.0,0.0,0.0
461,1,0.5239491204321811,-0.6028574312529112,0.0
461,2,-1.848525844584843,-0.6207916839151659,0.0
462,0,0.0,0.0,0.0
462,1,0.5106529151031913,1.9563191347887994,0.0
462,2,1.4903955398805722,1.7185866717590503,0.0
463,0,0.0,0.0,0.0
463,1,0.397722072191224,0.19950603346200724,0.0
463,2,1.3406187119422577,1.1492474201560787,0.0
464,0,0.0,0.0,0.0
464,1,-0.8808766560191011,0.18426460082506257,0.0
464,2,-2.155554176319245,-0.9863886822217458,0.0
465,0,0.0,0.0,0.0
465,1,-0.9220484394455867,-1.903610368332718,0.0
465,2,-1.5252702918965735,0.13900737670912489,0.0
465,3,-0.48357554924441903,0.9821213234468296,0.0
466,0,0.0,0.0,0.0
466,1,-2.287160742267933,0.28314566378502437,0.0
466,2,-2.9640488680831796,2.3396879167078652,0.0
466,3,-2.0689244517222716,2.6502444687081814,0.0
467,0,0.0,0.0,0.0
467,1,-2.98167815391625,-2.8385511638842313,0.0
467,2,-1.7266767179043876,-1.7983423400401672,0.0
467,3,-0.15628990992999015,-1.7595662990858274,0.0
468,0,0.0,0.0,0.0
468,1,-1.0145345686122775,-1.4630051387206262,0.0
468,2,0.5984394392565493,-1.3975662438375787,0.0
468,3,1.7457337035559608,-3.442005144287567,0.0
468,4,0.5120679918107947,-3.4585749037113658,0.0
468,5,-1.1751323974656422,-4.349366412254641,0.0
469,0,0.0,0.0,0.0
469,1,0.7098412306642736,1.2663580643539443,0.0
469,2,1.2921740104966353,-0.5945484523712321,0.0
470,0,0.0,0.0,0.0
470,1,1.2951973661500409,-0.02383442709321848,0.0
470,2,1.4526038970463142,0.09498522250140828,0.0
470,3,1.8546401953639313,-1.3888010364735728,0.0
470,4,2.7126271488293687,-0.45961671787696967,0.0
471,0,0.0,0.0,0.0
471,1,-0.3898036750274608,-0.7347309058967373,0.0
471,2,-0.697675441525875,-1.558066822624925,0.0
472,0,0.0,0.0,0.0
472,1,-0.7676933993195422,1.168411390281017,0.0
472,2,-2.5128252441813808,2.608551066271983,0.0
472,3,-2.5490678253641583,-0.3288979572199866,0.0
472,4,-1.3976298479565052,-2.3152695493236433,0.0
472,5,-1.981258708409058,-1.3278278718537957,0.0
472,6,-2.6991321375047557,-2.0213199979657577,0.0
472,7,-3.247738129160463,-0.7218274107841289,0.0
472,8,-3.718441322696485,-0.48937994752945513,0.0
473,0,0.0,0.0,0.0
473,1,-1.6856065550240313,0.4565338190512995,0.0
473,2,-0.8509374015434958,-0.711506217537146,0.0
474,0,0.0,0.0,0.0
474,1,0.8004500047778527,-0.2867869097019584,0.0
474,2,1.5694818024294055,2.0339088531860297,0.0
474,3,0.9340131105197608,1.087729795111644,0.0
475,0,0.0,0.0,0.0
475,1,0.3378112556601977,-0.5193422408827801,0.0
475,2,1.161189157595659,1.2749154363801862,0.0
475,3,2.2678489589141693,3.2906693263036555,0.0
475,4,2.5629705794678115,2.4588489267540723,0.0
475,5,1.6386296846712838,4.407119960557331,0.0
475,6,1.0576937422630468,-0.059677868092304465,0.0
476,0,0.0,0.0,0.0
476,1,1.726424496948147,0.6089088046051027,0.0
476,2,1.466966353875369,-1.787260177062269,0.0
477,0,0.0,0.0,0.0
477,1,-0.8280718635085247,0.2740252638375812,0.0
477,2,0.48898248207600803,0.685496851336326,0.0
477,3,1.1024549652372615,-0.14083677606298617,0.0
477,4,1.2669168461219682,1.8438007670183212,0.0
477,5,1.913176420101106,2.2137738466129107,0.0
477,6,0.43289277816471383,1.118829415300413,0.0
477,7,1.0346321094379696,0.2914753080738275,0.0
478,0,0.0,0.0,0.0
478,1,-3.40741818990417,-0.8152769684130796,0.0
478,2,-0.6825211943997846,0.5970711872246133,0.0
479,0,0.0,0.0,0.0
479,1,0.44813515780272617,1.2886268892168793,0.0
479,2,0.14552170231867256,0.2815057708988682,0.0
479,3,-0.36446648667831916,1.9512327492654786,0.0
479,4,-1.5519500118755438,1.3204628149561435,0.0
479,5,1.6599985894940277,1.8355123080920235,0.0
479,6,3.2889355684554444,2.098573170396206,0.0
479,7,0.4002786159445977,-0.6982488154437928,0.0
480,0,0.0,0.0,0.0
480,1,-2.8240039827145345,2.6792858903428107,0.0
480,2,-1.407387311619494,2.3831546245752087,0.0
480,3,-0.7907924710482821,2.6950148704319674,0.0
480,4,-2.880426405722174,-0.016198934617106087,0.0
480,5,-1.9553118155506617,1.981499083429563,0.0
480,6,-1.42793121501742,0.20837926721448063,0.0
480,7,-2.1846266994119645,0.540931929713621,0.0
481,0,0.0,0.0,0.0
481,1,0.40108885581212045,-0.11552062395727752,0.0
481,2,-0.23396834591011512,-0.6919340547161487,0.0
482,0,0.0,0.0,0.0
482,1,-0.7514982146897274,0.3845517362604338,0.0
482,2,1.84548157350877,-0.39262470241155745,0.0
482,3,0.2693694168184126,0.3661259523948628,0.0
482,4,0.9110279083755848,0.1698801577841551,0.0
482,5,0.22700868414688297,-1.1040313020987274,0.0
483,0,0.0,0.0,0.0
483,1,1.202196795993121,-0.3869179066755777,0.0
483,2,-0.3865584076607429,1.3884197606476119,0.0
483,3,0.6214961426154164,2.5841171910234153,0.0
483,4,-3.799396334000812,3.7021328942133427,0.0
483,5,-3.1583930889941065,5.289820396708093,0.0
484,0,0.0,0.0,0.0
484,1,-2.6899518632748953,1.359713094755087,0.0
484,2,-4.228891927936521,1.4566180273325835,0.0
484,3,-3.8549353905397767,0.617016028450251,0.0
485,0,0.0,0.0,0.0
485,1,0.46154991011859653,-0.8561485700318094,0.0
485,2,-0.26729543567559594,-0.48319222634517933,0.0
486,0,0.0,0.0,0.0
486,1,-2.223247469597338,-0.71344812584886,0.0
486,2,-1.4265002154502144,0.33724585776355254,0.0
486,3,-0.6712249654166993,-1.389523231640224,0.0
486,4,-1.243970301159486,-1.1398712663069412,0.0
487,0,0.0,0.0,0.0
487,1,3.001415395439165,0.768684978026529,0.0
487,2,-0.9636105957901109,-1.3252083045200296,0.0
488,0,0.0,0.0,0.0
488,1,-0.3061351406177608,-2.2177108619427868,0.0
488,2,-0.3284550177883685,-2.3509912890244733,0.0
488,3,-0.7462516696792121,-2.305179581717601,0.0
488,4,-3.5759281256487654,-3.3101460138990273,0.0
488,5,-1.68063598111244,-3.2632845762662024,0.0
488,6,-0.4308691781546581,-4.317074795577851,0.0
488,7,-4.101968223845514,-5.291079119292855,0.0
488,8,-2.225834560035797,-4.43686297204306,0.0
488,9,-0.9135783440897141,-4.799765251098623,0.0
488,10,-3.2907651251224728,-2.926988875373037,0.0
488,11,-0.8185216576458523,-3.742352285094733,0.0
489,0,0.0,0.0,0.0
489,1,0.5179200008844194,0.8735128976704365,0.0
489,2,1.0211785989457143,-0.17910003872100955,0.0
489,3,1.5396094103165603,-0.10786342566125473,0.0
489,4,0.11929907205333845,1.3289723134790419,0.0
490,0,0.0,0.0,0.0
490,1,-0.5407186728342774,0.5977801484128376,0.0
490,2,-1.598427505969106,-1.3450337152012481,0.0
491,0,0.0,0.0,0.0
491,1,0.21817910829202658,0.2905874051218109,0.0
491,2,0.34979697169006485,2.590740482104284,0.0
491,3,-0.4979472599078463,2.1402751712131085,0.0
491,4,-2.0194866745815974,1.422011719432615,0.0
491,5,-2.380381557852229,-0.6660690355181329,0.0
492,0,0.0,0.0,0.0
492,1,-0.009019550495448891,-0.39460473570550225,0.0
492,2,-0.2782252978556836,-1.5360461646011252,0.0
492,3,-0.042533606637215504,-0.5105905909767952,0.0
493,0,0.0,0.0,0.0
493,1,0.6280946902224791,-0.28450464178874046,0.0
493,2,0.5088977593073343,-0.12337998742545397,0.0
493,3,2.036960541155604,-0.9129796588319112,0.0
494,0,0.0,0.0,0.0
494,1,-1.0255364954155508,-1.6097785847253778,0.0
494,2,-0.8203788384883629,-0.5282004589689535,0.0
494,3,-0.0677636886035915,-0.23435359953215285,0.0
495,0,0.0,0.0,0.0
495,1,-0.9761443259918703,-0.8981122066153184,0.0
495,2,-1.3717194876053143,-2.7100162844676605,0.0
496,0,0.0,0.0,0.0
496,1,-2.636244509058657,0.22707524509121413,0.0
496,2,-4.817294247696734,3.0837899026696856,0.0
496,3,-2.164898186956213,1.8044100798601677,0.0
496,4,-2.6676150398663863,2.0837536149566906,0.0
497,0,0.0,0.0,0.0
497,1,-0.3253764946545049,-1.2485743419515012,0.0
497,2,-0.5479074708623454,-0.6821318286529248,0.0
497,3,-1.5882803780403552,0.01504650154872006,0.0
497,4,-3.996172597418283,-0.16052145499124573,0.0
498,0,0.0,0.0,0.0
498,1,-2.7041292150846075,-0.27009640600746265,0.0
498,2,-0.3082026768732087,0.3134992158317391,0.0
499,0,0.0,0.0,0.0
499,1,-0.11333125665103194,-2.545105716840862,0.0
499,2,-0.001738213116961207,-1.0499962360030408,0.0
500,0,0.0,0.0,0.0
500,1,-0.2047567406001798,1.6707961261195627,0.0
500,2,-1.7931482883850633,1.2425966505419748,0.0
500,3,0.6875978488419143,-1.2084443936476355,0.0
500,4,-0.6322924579300144,-0.04612778370199644,0.0
501,0,0.0,0.0,0.0
501,1,-1.5353021449307231,0.4822173621264281,0.0
501,2,-1.3425133288465987,0.7258909280479258,0.0
501,3,-0.7650713883651115,0.31857603007616153,0.0
501,4,1.0120888498335692,1.8282822377470052,0.0
502,0,0.0,0.0,0.0
502,1,-2.2053153927689584,0.8508989240073611,0.0
502,2,-3.1394878250902742,-1.215689604443532,0.0
502,3,-4.8795755424640905,-2.5951482032884745,0.0
503,0,0.0,0.0,0.0
503,1,-0.13032256282586518,-3.6108579890990717,0.0
503,2,0.782789874974122,-2.4458002552958087,0.0
503,3,1.6573593446892998,-3.682992740695177,0.0
503,4,0.8385655600827484,-3.779995739903224,0.0
503,5,-0.1257816963124006,-1.8262131572647957,0.0
504,0,0.0,0.0,0.0
504,1,-0.3756310797538731,0.8007375333785691,0.0
504,2,1.264798002899304,-0.26881968546405344,0.0
504,3,0.4289432189194947,-0.7987997909224319,0.0
504,4,1.1365001077946832,-0.11063029178954153,0.0
505,0,0.0,0.0,0.0
505,1,0.12844772443095653,-1.1835980195396256,0.0
505,2,0.03343301301919044,-2.179273797122665,0.0
506,0,0.0,0.0,0.0
506,1,-1.8152591628823849,-0.8092879567836535,0.0
506,2,-2.6096655775410333,-0.07259491163953102,0.0
506,3,-3.235276694775732,1.2876133004372532,0.0
506,4,-2.8225856996596344,0.47246577612001595,0.0
506,5,-2.3604782527202097,2.3030330530204894,0.0
506,6,-2.779820833951125,2.2472108851666333,0.0
506,7,-1.8588673020697137,2.315711623501037,0.0
506,8,-3.0610895009374524,2.9453605862872756,0.0
506,9,-3.704702704182538,-0.13473539111269162,0.0
507,0,0.0,0.0,0.0
507,1,0.345925525731276,1.9277380081488773,0.0
507,2,0.4907851209750552,-0.08903552127666814,0.0
508,0,0.0,0.0,0.0
508,1,1.0371941167988261,-0.36310114756717593,0.0
508,2,-1.5233352336665484,0.5568434873809668,0.0
508,3,0.5505176260224018,1.2971243466446638,0.0
508,4,0.8588095501248321,-0.8423843832166551,0.0
508,5,1.025515922110129,2.1384797620500793,0.0
509,0,0.0,0.0,0.0
509,1,1.519373816036089,1.122891393684079,0.0
509,2,1.5135846079256872,-0.6511581400105493,0.0
509,3,1.5206422399977078,0.7326933529216182,0.0
509,4,2.5068764793973832,1.869218488346449,0.0
510,0,0.0,0.0,0.0
510,1,0.34204697933353345,-0.2185189943476401,0.0
510,2,0.3617195218794888,-2.329308377167504,0.0
510,3,1.6810867578981128,-1.475458817402354,0.0
510,4,0.27276789702649173,-2.6986486031360837,0.0
511,0,0.0,0.0,0.0
511,1,-1.9387642396317142,0.5100077937709799,0.0
511,2,-0.3053925782194249,2.714798485589236,0.0
511,3,-0.2251517147046731,1.3901622964936773,0.0
511,4,-1.2043464450398973,1.1288017787714146,0.0
512,0,0.0,0.0,0.0
512,1,0.03511781939607572,0.8297913494194634,0.0
512,2,-2.3605592030022198,2.48823021940967,0.0
512,3,-1.0012028159143007,1.9094885499758014,0.0
512,4,-3.7413935052574923,1.6157282828266952,0.0
512,5,-0.9620486741027352,1.521142697965975,0.0
512,6,-0.9863331219954468,-1.854993244481283,0.0
512,7,-2.552858506657554,-0.1327965482429463,0.0
513,0,0.0,0.0,0.0
513,1,2.9353528829839597,0.8426956374861967,0.0
513,2,1.6749432875030643,-0.24814781423464338,0.0
514,0,0.0,0.0,0.0
514,1,-0.35603326436982985,0.3221905778328502,0.0
514,2,0.7186193412906456,-0.6117908998491701,0.0
515,0,0.0,0.0,0.0
515,1,-0.5893127417515027,2.77732223585787,0.0
515,2,0.22842751560707097,2.513374767592051,0.0
516,0,0.0,0.0,0.0
516,1,-1.717071299187143,0.4768779465023949,0.0
516,2,-2.0747466336576146,0.17577942071506858,0.0
517,0,0.0,0.0,0.0
517,1,1.2097100927085798,1.653201045566506,0.0
517,2,-3.3050375592840293,1.6580411189912836,0.0
517,3,-3.2749148765203606,3.6292477954339706,0.0
518,0,0.0,0.0,0.0
518,1,0.36297005869505067,-3.2612900533316473,0.0
518,2,-0.22128258442847987,-2.0670736756025065,0.0
518,3,0.1357613833318166,-2.6776810601766448,0.0
518,4,0.8736842447740114,-2.8666180666424586,0.0
519,0,0.0,0.0,0.0
519,1,1.5845391222463618,-0.8805413069721743,0.0
519,2,1.48453190391891,-2.3055195814746323,0.0
519,3,1.2670996443035882,-3.357939553306969,0.0
519,4,0.21874760646972535,-3.8128612741180423,0.0
519,5,-0.8939049478390093,-2.677091003971862,0.0
519,6,-0.15388598992122815,-4.259808796096132,0.0
520,0,0.0,0.0,0.0
520,1,-0.8927454837384826,1.4783070925549433,0.0
520,2,1.3317822843538054,0.31521333167368626,0.0
520,3,-0.6024367151465149,-0.09642408763070831,0.0
520,4,-1.2899739538186266,-0.6637142688050821,0.0
520,5,-1.379200641649401,-0.7712188669385074,0.0
521,0,0.0,0.0,0.0
521,1,2.7299492369266365,-0.9376680687578398,0.0
521,2,-0.005220338115803802,-1.1670457243833035,0.0
521,3,0.5729385511670215,-2.2376097823173766,0.0
522,0,0.0,0.0,0.0
522,1,-0.9674947618489546,1.2463326319402732,0.0
522,2,-3.3930250196707203,0.36894806213015163,0.0
523,0,0.0,0.0,0.0
523,1,-0.33646807761651665,-0.6120556937091726,0.0
523,2,-0.0037363986510843272,-0.9158653848259448,0.0
523,3,-0.7635527164163822,-0.2991306472034595,0.0
524,0,0.0,0.0,0.0
524,1,1.764718905136658,1.0154240015154956,0.0
524,2,2.5617867871605524,-0.4682582290569006,0.0
524,3,3.518083155120041,0.9043660439013297,0.0
524,4,2.12881364407625,0.08651390227316602,0.0
525,0,0.0,0.0,0.0
525,1,-0.09705525060190867,0.8589716110995822,0.0
525,2,1.5072047657283805,0.5862342601267949,0.0
525,3,1.3902493267894804,0.8467237328593653,0.0
526,0,0.0,0.0,0.0
526,1,1.7641469156857674,-0.48336893660426555,0.0
526,2,-1.1307999813435763,-0.14720929325209442,0.0
527,0,0.0,0.0,0.0
527,1,1.1241489653412977,-0.6094898652639872,0.0
527,2,0.28926325693280197,-1.1404519107425073,0.0
528,0,0.0,0.0,0.0
528,1,0.3079341037933306,-0.15944283003947068,0.0
528,2,-0.5194483497300773,0.7444196045939854,0.0
529,0,0.0,0.0,0.0
529,1,-1.278618490034326,2.123406121167151,0.0
529,2,-2.497641843627128,0.04714146147745235,0.0
530,0,0.0,0.0,0.0
530,1,-2.496363254211088,-0.6974795175418343,0.0
530,2,-1.9879855525292074,1.9550463835013923,0.0
530,3,-1.7621225999839911,-1.5710019925255088,0.0
531,0,0.0,0.0,0.0
531,1,1.3905374752554136,1.6594865455982488,0.0
531,2,1.409728175465461,1.2562111869485726,0.0
531,3,-0.1379994226443797,1.2557273596180005,0.0
531,4,-1.742292161363965,1.9680663439740917,0.0
532,0,0.0,0.0,0.0
532,1,-0.5427060597283422,-0.31317307227590174,0.0
532,2,-0.6705717942343054,-0.7696471752008952,0.0
532,3,0.9595699322500861,0.48534766682303354,0.0
532,4,0.7865342475450996,-0.5169022623178096,0.0
533,0,0.0,0.0,0.0
533,1,-0.37943450070395146,-1.5568418888207107,0.0
533,2,0.4781915386601794,-1.1654896742852314,0.0
533,3,-0.0005691222706385446,1.001917168016531,0.0
534,0,0.0,0.0,0.0
534,1,0.8162420110959814,-0.4985281712979035,0.0
534,2,0.14083085709505005,0.5235870233790509,0.0
534,3,-1.2730192840242407,3.4395533894693244,0.0
535,0,0.0,0.0,0.0
535,1,0.04327942610055291,0.2021665763869357,0.0
535,2,2.546273110785633,0.008567556598186976,0.0
536,0,0.0,0.0,0.0
536,1,-0.7054555904009285,0.460621040165058,0.0
536,2,-0.8127467557588846,0.5438226634739626,0.0
537,0,0.0,0.0,0.0
537,1,0.7541507619955463,-0.01180971495332217,0.0
537,2,1.7828491428844262,-1.015869273348987,0.0
537,3,1.6055467791276385,1.3558251681770614,0.0
537,4,0.1403314655255843,4.181891200586436,0.0
537,5,-0.32205920315148995,1.221445580816983,0.0
538,0,0.0,0.0,0.0
538,1,0.829917033498791,-0.016872148627206096,0.0
538,2,-0.2853845812145991,0.6593219096909665,0.0
538,3,-0.9649872463741547,0.8812755661138916,0.0
538,4,-2.705302975251679,1.450236601686825,0.0
538,5,-2.4851991357155896,2.0051628250819817,0.0
539,0,0.0,0.0,0.0
539,1,0.7586351963288984,1.3744741117219574,0.0
539,2,1.7199946601783829,0.33695848760659586,0.0
539,3,0.04816365000520184,0.21584558487191507,0.0
539,4,0.48502706086937764,-1.6635004586181568,0.0
539,5,1.974055558262854,-2.3241783209354536,0.0
539,6,1.2469134717903128,-1.9736831126076613,0.0
539,7,0.015078485728783786,-2.483020368787609,0.0
539,8,-1.678347504370001,-1.479266692795537,0.0
539,9,-1.7481277459240347,-3.922993147758535,0.0
539,10,-2.7844465250464787,-4.333595343318839,0.0
540,0,0.0,0.0,0.0
540,1,0.21368437411732666,0.39856879939673917,0.0
540,2,0.3308858528795281,-1.454849872824156,0.0
541,0,0.0,0.0,0.0
541,1,-0.31016992377395936,0.9182696307944354,0.0
541,2,-0.18869391716668305,2.444834909729655,0.0
542,0,0.0,0.0,0.0
542,1,-0.269692637126526,-0.1465916128145797,0.0
542,2,1.3195464065227325,1.3466770019971506,0.0
542,3,2.184525028194986,0.4337983152740004,0.0
543,0,0.0,0.0,0.0
543,1,1.9403196652678967,2.123111074626364,0.0
543,2,2.1758453938152895,-0.5955481741505302,0.0
544,0,0.0,0.0,0.0
544,1,2.211608596284526,0.5685126594056158,0.0
544,2,0.7729683618059299,1.9082339289521668,0.0
544,3,2.7953952785645444,2.2968198483743625,0.0
544,4,4.835876189068038,1.1796054583428428,0.0
545,0,0.0,0.0,0.0
545,1,1.540115908526897,-0.43374321263432325,0.0
545,2,-0.51303947272701,-1.9230937200244984,0.0
545,3,0.8091211345499356,-2.161231453817032,0.0
545,4,2.170470292733831,-1.6161681618557973,0.0
545,5,2.967734485665715,-1.914895593290805,0.0
545,6,2.9159949152789704,-3.142565082410355,0.0
546,0,0.0,0.0,0.0
546,1,0.2952670959592689,0.9060713745190683,0.0
546,2,2.2454731948017077,1.0754070469181471,0.0
546,3,3.435882805135618,-0.024408869797574673,0.0
546,4,0.7294941336465952,0.7093221894495607,0.0
547,0,0.0,0.0,0.0
547,1,-0.5604577611177017,0.11288417571279385,0.0
547,2,1.0105607890357382,1.2420535043422585,0.0
548,0,0.0,0.0,0.0
548,1,-3.069573744044413,0.028884259412824465,0.0
548,2,-3.9745415767968857,-1.9908060124207585,0.0
548,3,-3.3314775625281055,-3.721300834590423,0.0
548,4,-4.305375865357037,-2.41393619479114,0.0
548,5,-3.076118288360636,-2.06484598941054,0.0
548,6,-1.0485697476877425,-4.425099704589872,0.0
549,0,0.0,0.0,0.0
549,1,-1.790613262095389,1.7200775180789605,0.0
549,2,-1.4121488001771505,-0.6036523003700082,0.0
549,3,-0.8844195708376287,-0.9308240603656069,0.0
550,0,0.0,0.0,0.0
550,1,-0.8922731035500537,-1.055554379480164,0.0
550,2,1.237252102721384,-3.475917527294165,0.0
550,3,-0.09208299918331475,-3.443138923118188,0.0
550,4,1.9242885975683737,-2.2690615761637085,0.0
550,5,1.2521919613270858,-3.0434942022815483,0.0
550,6,2.318695767173243,-1.4642736881074288,0.0
551,0,0.0,0.0,0.0
551,1,1.0819804016187518,-0.787901992073373,0.0
551,2,1.2042865252519794,0.14186924247477561,0.0
552,0,0.0,0.0,0.0
552,1,0.6525758934785268,0.44523697041147847,0.0
552,2,-1.0894192811130885,-1.4497438673974332,0.0
552,3,1.740443745873177,1.0700890683793705,0.0
552,4,2.1816340368777367,-0.6667033812791037,0.0
552,5,0.8463551104172766,0.21470560181921883,0.0
553,0,0.0,0.0,0.0
553,1,3.2031835088625153,1.203745298376242,0.0
553,2,4.627127374396417,-0.3423501880060318,0.0
553,3,1.9449195465854832,0.3504306571919682,0.0
554,0,0.0,0.0,0.0
554,1,1.0679423456747763,3.2336725468987857,0.0
554,2,-1.147599716247854,0.8973468514920993,0.0
554,3,0.03284379563352702,0.8177996138428265,0.0
554,4,-0.3554409616514713,-0.1290264838734252,0.0
555,0,0.0,0.0,0.0
555,1,-1.2342754660953674,0.4223908845045239,0.0
555,2,-0.9606039952812382,-0.2839551927180276,0.0
556,0,0.0,0.0,0.0
556,1,-0.1657752008787,1.1321747627286727,0.0
556,2,-0.7681113103305057,1.74529169192156,0.0
556,3,-1.39146413771955,0.8143101081186124,0.0
557,0,0.0,0.0,0.0
557,1,-0.2905471698960578,2.0188241123740984,0.0
557,2,-1.125944405699486,0.3410365236850019,0.0
557,3,1.2498042592714271,1.687518716389561,0.0
557,4,-0.6208298080425403,0.32892482202984374,0.0
557,5,-1.2740672527550831,1.461201063550839,0.0
558,0,0.0,0.0,0.0
558,1,0.3456592532399726,0.9486345185453591,0.0
558,2,0.24646277283410156,-0.31441014574215287,0.0
558,3,0.8705647370552673,1.919344932149319,0.0
559,0,0.0,0.0,0.0
559,1,-0.89407450739223,2.624506683610192,0.0
559,2,1.7427937372230746,-0.03752451479388186,0.0
559,3,1.0435612629225122,-1.7952334368882625,0.0
559,4,1.4257958006907163,0.6482373328551434,0.0
559,5,0.9673141447296346,1.0137719832082914,0.0
560,0,0.0,0.0,0.0
560,1,-0.6814950928357804,0.4269984174174115,0.0
560,2,-3.6440508789450288,3.0129884745107938,0.0
560,3,-2.9287577103871185,2.645818615331922,0.0
560,4,-5.590927885382818,1.6429281738975188,0.0
561,0,0.0,0.0,0.0
561,1,1.0122276155573142,0.7062406605222691,0.0
561,2,0.8399478019298201,0.290284047327478,0.0
561,3,3.0911348711115005,1.4095285145296506,0.0
561,4,2.3793447354103425,1.041095025509846,0.0
561,5,4.624412617735291,2.330766005160979,0.0
561,6,4.381771947392143,2.5702887553052096,0.0
561,7,5.412300366487233,2.9343661726959613,0.0
561,8,5.7831104305697565,2.1977197520272074,0.0
562,0,0.0,0.0,0.0
562,1,-0.9952250861788924,0.7437846423873256,0.0
562,2,-0.8024037843272165,-0.41284308815242765,0.0
563,0,0.0,0.0,0.0
563,1,2.1708155232429545,-3.009145708263919,0.0
563,2,2.445316785968637,-0.0521100176619429,0.0
563,3,2.399948527617005,-0.26285184566146746,0.0
564,0,0.0,0.0,0.0
564,1,1.2899823997940807,0.6205172351594221,0.0
564,2,-0.2174141025970675,0.12253123279695366,0.0
564,3,-0.2702396587185456,3.9721877577916667,0.0
564,4,-1.4281995954118485,2.0181358136744945,0.0
565,0,0.0,0.0,0.0
565,1,1.2625324273064336,0.5367502748967691,0.0
565,2,4.332208704172576,0.047831547314499456,0.0
566,0,0.0,0.0,0.0
566,1,0.18475525100819656,-0.06659724415666934,0.0
566,2,0.7314970224541021,-1.3490895565354575,0.0
566,3,-0.5050683006354818,-1.712397076232532,0.0
567,0,0.0,0.0,0.0
567,1,-2.18748827999941,0.2664531801180259,0.0
567,2,1.0900460645803776,1.3712889680157292,0.0
567,3,0.16958556636493372,1.0181211325923722,0.0
567,4,2.0207591705792254,2.5616301380366107,0.0
568,0,0.0,0.0,0.0
568,1,-2.0465608813978804,0.8460846967119312,0.0
568,2,-1.6831094040225092,-1.3639884859185627,0.0
569,0,0.0,0.0,0.0
569,1,1.4921093625169792,2.116333049450673,0.0
569,2,0.6110323383168641,2.490512380670345,0.0
569,3,-1.3684071938991358,1.9295012463374857,0.0
570,0,0.0,0.0,0.0
570,1,-2.425072996066512,0.494138930292912,0.0
570,2,0.9819340497408882,-0.9707761659022471,0.0
570,3,0.9284763418755908,0.010523776445791722,0.0
571,0,0.0,0.0,0.0
571,1,-0.2730058801764079,0.2546452371413854,0.0
571,2,1.0401069012339597,-0.13031737139728916,0.0
571,3,-2.5077331252039734,-0.30664791386095436,0.0
571,4,-3.5250030839314546,0.027245061851941532,0.0
571,5,-3.5223577460241797,1.3109863291142911,0.0
571,6,-3.7778639728059966,-0.1171756374533115,0.0
571,7,-3.307840959074581,0.036346616327396664,0.0
571,8,-3.0472035497419583,1.5051127556462067,0.0
572,0,0.0,0.0,0.0
572,1,2.844360632941402,0.04615607629439755,0.0
572,2,1.4576632054487704,-0.43416859827502097,0.0
572,3,2.4734462850706116,-0.07946397683285489,0.0
572,4,0.724745840837254,1.1438595966148235,0.0
573,0,0.0,0.0,0.0
573,1,0.13929183603340833,-0.23460128365043117,0.0
573,2,-1.9302485057545002,-0.9198769851477144,0.0
574,0,0.0,0.0,0.0
574,1,1.0189709000423814,0.6478577984933276,0.0
574,2,0.32556037441016594,0.5743676783241078,0.0
575,0,0.0,0.0,0.0
575,1,-0.6484762657901559,-1.0769764688887045,0.0
575,2,1.4877402944512885,-2.128269887079783,0.0
576,0,0.0,0.0,0.0
576,1,-0.615510158486908,-1.1514365798476693,0.0
576,2,0.5048398228791178,1.1123485698323488,0.0
577,0,0.0,0.0,0.0
577,1,0.020397499292748034,2.0002399025486586,0.0
577,2,0.3760790404930341,1.5563497050977375,0.0
578,0,0.0,0.0,0.0
578,1,-1.7515200586554576,2.2820121754373144,0.0
578,2,-0.45362859635038955,0.21540123051835014,0.0
578,3,-0.3636305216018131,-0.29847123865420433,0.0
578,4,-0.1291299042245797,1.141666189882584,0.0
578,5,0.04410062792245073,0.9108205564959762,0.0
578,6,0.9933389071973955,1.400801384423217,0.0
579,0,0.0,0.0,0.0
579,1,-2.4642925050327373,-3.3102864948977824,0.0
579,2,0.8042365279371864,0.4739506843244894,0.0
579,3,1.254556691824997,2.3861102275172836,0.0
579,4,1.019608120918555,1.4274766040114661,0.0
579,5,-0.5626751888939707,5.096240015304356,0.0
579,6,0.5885437866070773,1.4056756744344079,0.0
579,7,0.5489027809170892,1.3256795239629033,0.0
579,8,-0.1699132478901597,2.5492175443116305,0.0
580,0,0.0,0.0,0.0
580,1,0.5479369038901291,-0.9161255617601038,0.0
580,2,-0.5824295548336783,0.43960110504246486,0.0
580,3,2.89238107890628,-1.027867148645723,0.0
580,4,1.5150847906661027,-0.4311826619509507,0.0
580,5,1.8488595703649833,1.3593573262131382,0.0
581,0,0.0,0.0,0.0
581,1,0.15789467306267158,0.19092448317390953,0.0
581,2,0.8783403056637512,-0.5710460985803086,0.0
582,0,0.0,0.0,0.0
582,1,-4.073361797087936,-0.5223989039002528,0.0
582,2,-3.552983126785439,0.13455687074893508,0.0
582,3,-3.683090684754162,0.3241996166145633,0.0
582,4,-2.5326999224918723,1.9363579250327825,0.0
582,5,-2.2260389206907982,0.9773857677504105,0.0
583,0,0.0,0.0,0.0
583,1,-1.765037530187054,0.49069245314162524,0.0
583,2,-1.458703329622381,0.9972416893266767,0.0
584,0,0.0,0.0,0.0
584,1,4.357424232987975,1.3931332207507026,0.0
584,2,0.5517931765919748,-1.0738770340046395,0.0
584,3,-0.2633858390353243,1.0502764800889692,0.0
585,0,0.0,0.0,0.0
585,1,1.0438178213807352,1.3341229502582457,0.0
585,2,-0.9701616588503255,-0.6874704182117446,0.0
585,3,-2.624010118987732,-1.1267951509541592,0.0
585,4,-4.325277811559316,-0.2378805584039999,0.0
586,0,0.0,0.0,0.0
586,1,1.6504427011918128,-0.4826106270652244,0.0
586,2,1.684042157258913,-1.5961454711324334,0.0
586,3,2.66857364605027,0.5158810095304527,0.0
586,4,1.8168415945568952,-0.5958824411842585,0.0
586,5,1.5062716788936537,0.8447168199395632,0.0
586,6,1.4290749887776555,-0.3866325624230016,0.0
586,7,0.9154552752234419,0.06087376845570125,0.0
586,8,0.38402883080359973,0.47619311551877397,0.0
586,9,2.197814848563503,0.6649195975610231,0.0
586,10,-0.3199525361749431,1.3070535793896096,0.0
586,11,0.17605873276052142,0.5360256459440991,0.0
586,12,1.078708167551261,1.8386661076769777,0.0
587,0,0.0,0.0,0.0
587,1,0.3632460276374207,-0.12709190164704665,0.0
587,2,0.4228141611828364,-2.331147118388677,0.0
587,3,0.6988867726639745,-1.507541613324717,0.0
587,4,-0.3289550492067678,1.2045509940197499,0.0
588,0,0.0,0.0,0.0
588,1,-0.5406855131992281,-1.1655211051659862,0.0
588,2,-0.4843322154659704,-2.1744436736129473,0.0
589,0,0.0,0.0,0.0
589,1,-1.2370029694437552,-0.4140625687719619,0.0
589,2,-1.58539335987285,2.0885414355435508,0.0
590,0,0.0,0.0,0.0
590,1,0.3056515801938039,0.8524292738711832,0.0
590,2,1.9958433821965076,0.7504095467841496,0.0
590,3,-1.2744641026112902,0.15763674756232393,0.0
591,0,0.0,0.0,0.0
591,1,0.8115993612381023,2.3683130360640328,0.0
591,2,-0.6424343134343502,1.5267554877753238,0.0
592,0,0.0,0.0,0.0
592,1,1.4851544753229053,-1.2979540706578294,0.0
592,2,0.41414051726327394,-2.387407150946018,0.0
592,3,-1.4847791336095477,-1.0019903584206387,0.0
593,0,0.0,0.0,0.0
593,1,-2.317831580771208,-0.17453267628336802,0.0
593,2,-4.10821739108477,-1.717082786150072,0.0
593,3,-1.9077418845246534,0.11643129501723082,0.0
593,4,-3.5379865600701432,-0.4689150720963783,0.0
593,5,-1.0007015052764323,0.5714192537840831,0.0
593,6,-1.1273996548641487,1.6598240867445344,0.0
594,0,0.0,0.0,0.0
594,1,0.9186053147504851,1.429360076269713,0.0
594,2,0.03468884598292643,0.9845091742678291,0.0
594,3,-0.9644342573696458,0.6180721623584045,0.0
594,4,-1.9803321362483364,0.9676895650248176,0.0
594,5,-0.9849996305822883,2.1860284368013705,0.0
594,6,-0.8304153924793589,3.9852688982867708,0.0
594,7,0.09438931768672143,3.0865705588967005,0.0
595,0,0.0,0.0,0.0
595,1,-1.7555489533615731,-1.609350947591777,0.0
595,2,-1.17518183572966,-0.43592541012685937,0.0
596,0,0.0,0.0,0.0
596,1,0.07572446375967701,-0.17039851085119095,0.0
596,2,0.11021753204590601,3.01786442089345,0.0
597,0,0.0,0.0,0.0
597,1,0.8410625991752586,1.1123047528939032,0.0
597,2,2.3596479584786163,0.622159389308786,0.0
597,3,0.28400589534543763,1.8704075972179341,0.0
597,4,1.9674218078182684,1.4462954009016455,0.0
598,0,0.0,0.0,0.0
598,1,1.0772851234720175,0.6948089223415699,0.0
598,2,1.6986878815277862,1.9103811965596065,0.0
598,3,-0.6114373018647961,1.3092337177966087,0.0
598,4,2.351759876363686,0.45230695207667837,0.0
598,5,3.2467428768916147,1.8591169968530394,0.0
598,6,3.788270314095173,3.29198622413076,0.0
598,7,3.0025417134056673,1.575472099172171,0.0
598,8,3.1121864314787366,-0.5030231183731964,0.0
599,0,0.0,0.0,0.0
599,1,-0.8438405219031782,0.18271384835455695,0.0
599,2,-3.02540566918453,0.08619432241337255,0.0
599,3,-2.183417170537599,1.2190208506700462,0.0
600,0,0.0,0.0,0.0
600,1,2.265442107105008,1.2979422054248337,0.0
600,2,0.6672395193286246,0.8030779138863675,0.0
601,0,0.0,0.0,0.0
601,1,1.2525083203903606,-0.7618446178410321,0.0
601,2,-0.5710690611414591,-1.1062504760920162,0.0
602,0,0.0,0.0,0.0
602,1,0.6891937616326289,-0.4721500302610204,0.0
602,2,1.621123265328483,-0.2349337102980944,0.0
603,0,0.0,0.0,0.0
603,1,-0.0266700486262772,-0.6388253064842292,0.0
603,2,0.15620465331970945,-1.57067245200957,0.0
603,3,0.6158890772998133,0.822554539647318,0.0
603,4,0.9049229900684291,0.15148360470403577,0.0
603,5,-0.1892326112106515,-1.9450215676943865,0.0
603,6,0.8175031913235993,-3.7853499730931137,0.0
604,0,0.0,0.0,0.0
604,1,-2.5799109891617236,-0.3927502048396385,0.0
604,2,-1.0870379352890587,-1.3560346704974657,0.0
605,0,0.0,0.0,0.0
605,1,-2.572209156252034,-2.6299634235833462,0.0
605,2,-1.3884214294567818,-1.5631424466984156,0.0
605,3,-1.6815306135527808,-1.0766117630418712,0.0
606,0,0.0,0.0,0.0
606,1,1.0704189292538693,-1.1846314360499959,0.0
606,2,0.9116267267284699,-2.3063639821171193,0.0
606,3,-0.7638363090093931,-1.6962955857689908,0.0
606,4,-0.860161179778705,-0.4737838891278141,0.0
606,5,-0.9744985617659356,-3.6279749373540526,0.0
606,6,0.7920779647604395,-3.1037230853739013,0.0
606,7,-0.12992273977615865,-3.562010310544321,0.0
607,0,0.0,0.0,0.0
607,1,-0.003731640529403224,2.092228771200477,0.0
607,2,1.7428641693047633,0.6897287438358871,0.0
608,0,0.0,0.0,0.0
608,1,-1.4397222454617256,-0.7807765520455794,0.0
608,2,-1.6587533824899348,-0.15195934413420664,0.0
609,0,0.0,0.0,0.0
609,1,1.574934261980155,0.8979821622621655,0.0
609,2,2.7633717423060626,0.4543591867067042,0.0
609,3,0.582496997077496,-1.4392255040968065,0.0
610,0,0.0,0.0,0.0
610,1,0.7698933853914047,2.0124426175415806,0.0
610,2,0.18774677278508617,0.0724050066930495,0.0
610,3,1.0051925024117145,1.6805742210628996,0.0
611,0,0.0,0.0,0.0
611,1,0.22094432763207858,-1.9900061757154455,0.0
611,2,-1.4007487400942837,-1.2563216741650147,0.0
611,3,-1.1183734583820082,-1.2212285158994036,0.0
611,4,-2.7637465209631418,-0.9629209489506985,0.0
612,0,0.0,0.0,0.0
612,1,0.8255684455428882,-0.19225869223094494,0.0
612,2,-1.6021181033371763,0.5148550797942099,0.0
612,3,2.2400740522124805,0.04147278954985745,0.0
612,4,-1.6707537136963968,1.0353509031311692,0.0
613,0,0.0,0.0,0.0
613,1,-0.12252718158628173,-0.5750581669639084,0.0
613,2,-1.5146529445027377,-2.1871111697560472,0.0
614,0,0.0,0.0,0.0
614,1,-2.058492276632353,0.32314207022641844,0.0
614,2,-1.1729788545118618,-0.2465701746072932,0.0
614,3,0.9678318964027,0.39608031484067435,0.0
614,4,0.358983076498415,-1.5909582676588012,0.0
614,5,1.2708316668713877,-2.201417831982181,0.0
614,6,1.3543351593880502,-0.8767765430961209,0.0
615,0,0.0,0.0,0.0
615,1,2.149725111605761,-3.7810465511999545,0.0
615,2,2.940673676340664,-7.055316792693347,0.0
615,3,1.9831844202333457,-4.984362417372537,0.0
615,4,3.2351570885987195,-7.151614533923459,0.0
616,0,0.0,0.0,0.0
616,1,0.2568941239711574,0.4052595864645334,0.0
616,2,2.1495325834587233,2.256762493479523,0.0
616,3,3.5221846544304185,1.036368258248924,0.0
616,4,3.3748597473458264,0.39187780761445823,0.0
617,0,0.0,0.0,0.0
617,1,-0.1355475352813107,1.048259146347107,0.0
617,2,-0.42360408625763335,1.80336234010543,0.0
618,0,0.0,0.0,0.0
618,1,0.20492879367011207,0.5085049470838575,0.0
618,2,-1.3701590813215492,2.7240338727605655,0.0
618,3,-1.6899892430889087,0.9852278720814054,0.0
618,4,-0.49538101460881123,2.1250836329893557,0.0
619,0,0.0,0.0,0.0
619,1,2.145560121533131,-1.5054905350613006,0.0
619,2,0.9773362461479242,-2.923908946555161,0.0
619,3,1.40906429879699,-2.3001147636259653,0.0
619,4,-0.4077563517748106,-3.436319131159331,0.0
620,0,0.0,0.0,0.0
620,1,1.7815228446973004,1.5002262806821016,0.0
620,2,1.8226931447332873,1.3153641818013195,0.0
620,3,-1.2884724722699934,-1.040142063490873,0.0
620,4,0.3667758752575574,-0.3861755303671204,0.0
620,5,1.1856323548039043,1.2784878912247408,0.0
620,6,1.7912760145314999,0.535227761201194,0.0
620,7,0.7174540825842641,0.01586469985602723,0.0
621,0,0.0,0.0,0.0
621,1,-0.8063979081527477,-3.2003854054720073,0.0
621,2,-2.3133155567135137,-3.728536743245467,0.0
621,3,-1.6669079523564285,-2.0995039647110514,0.0
621,4,-0.6900478650848911,-0.8019206434688537,0.0
621,5,-1.0875807949094813,-2.091511465022342,0.0
622,0,0.0,0.0,0.0
622,1,0.07552641308905322,-0.9112855872447103,0.0
622,2,-0.344743097320097,0.21242311001670622,0.0
623,0,0.0,0.0,0.0
623,1,-0.35288042621457905,-1.3757670587511885,0.0
623,2,-2.034284774311563,-0.9178741234934469,0.0
624,0,0.0,0.0,0.0
624,1,0.22251875982705105,-2.916410481037288,0.0
624,2,0.29781823565625665,-3.5064614987002747,0.0
625,0,0.0,0.0,0.0
625,1,-2.2684146049990006,-0.301760934696368,0.0
625,2,-1.6348817883299236,-0.4952221178891771,0.0
626,0,0.0,0.0,0.0
626,1,-1.3940493205153741,-0.30360877782024764,0.0
626,2,-2.5050611287305817,-0.3070481264785536,0.0
626,3,-2.845426241938138,-0.7020326721737848,0.0
626,4,-4.480187536445907,-0.8519661801832905,0.0
626,5,-4.293927020500043,-0.45312572807636076,0.0
626,6,-3.778097935539084,1.719862852661975,0.0
626,7,-2.5498904195372556,2.1639323929559593,0.0
626,8,-1.0151005265271023,2.665118695011027,0.0
626,9,-3.351352639660473,1.6589983503490326,0.0
626,10,-3.764621614804271,2.5886939280691896,0.0
626,11,-1.3762314234043345,4.542067270174901,0.0
627,0,0.0,0.0,0.0
627,1,-0.5552683743918969,-0.11461213628310185,0.0
627,2,-3.0562442778616945,-2.0062965154898933,0.0
627,3,-3.285652272495028,-2.4486380340716902,0.0
627,4,-5.0377399066033295,-4.688698116065784,0.0
628,0,0.0,0.0,0.0
628,1,-1.2671448033356827,-3.968594961776485,0.0
628,2,-0.1139230538595572,-3.1089754988873155,0.0
628,3,-0.3254802192698241,0.37049285570012025,0.0
628,4,-0.7162841591121953,-2.452147204345219,0.0
628,5,-3.063707119082784,-3.052198057519028,0.0
628,6,0.560192797116561,-0.7538419030794489,0.0
628,7,-0.04315987618463529,-1.6846324251005442,0.0
628,8,-1.9753806755265093,-4.403413081837571,0.0
628,9,-0.5756308449647236,-3.9511041165391765,0.0
628,10,-0.043438187231960745,-3.710510714718037,0.0
629,0,0.0,0.0,0.0
629,1,3.8134702886295986,1.3170810794217123,0.0
629,2,1.8014288300298311,1.4467311298048036,0.0
629,3,5.732740751169594,-0.7239802861051161,0.0
629,4,4.286705176391518,-1.3519740669472045,0.0
630,0,0.0,0.0,0.0
630,1,0.6833172441824196,0.4654370810452439,0.0
630,2,-1.1762406221069608,1.5774901602867015,0.0
630,3,-0.6888765653839879,0.7129963059164046,0.0
630,4,-0.5000075682310055,1.0027667768688764,0.0
630,5,-1.1684195030701647,0.5654496483452796,0.0
630,6,-1.6714752056203508,1.2852390590475562,0.0
631,0,0.0,0.0,0.0
631,1,0.4302034580078372,-0.06457746752887195,0.0
631,2,0.05795846959623263,-1.4671848365982547,0.0
631,3,-2.0688420085334087,-1.9582648091253614,0.0
631,4,0.3737297317710322,-0.35883594679444597,0.0
631,5,-0.1464386439393599,0.006345310822757799,0.0
632,0,0.0,0.0,0.0
632,1,0.38788105348780644,-0.6064301128523923,0.0
632,2,1.9802167921683318,0.476683245978905,0.0
632,3,2.2566283133712783,0.01754438345001652,0.0
632,4,1.8674374469790336,-0.4376564796434146,0.0
632,5,3.2063496238326277,-0.13110480778260902,0.0
633,0,0.0,0.0,0.0
633,1,-0.5755111168259055,-2.7606437219948514,0.0
633,2,-2.111306023109398,-0.627485462555305,0.0
633,3,-3.46595630048603,-0.8252601184798112,0.0
633,4,-2.261713050380946,1.2351429557585847,0.0
633,5,-1.83074358795039,0.42069054642325937,0.0
634,0,0.0,0.0,0.0
634,1,-0.5010157123907526,0.49958056317379873,0.0
634,2,1.1249374141313953,1.5408620448372452,0.0
634,3,0.48397257540408145,-1.1522204752018488,0.0
635,0,0.0,0.0,0.0
635,1,-0.08616415548850576,-2.3245518744604605,0.0
635,2,-2.3180503651499844,-2.8368865572397963,0.0
635,3,-2.8169224796251293,-1.6568776381423131,0.0
635,4,-4.701518857451278,-0.9849556512696236,0.0
635,5,-4.995091211653568,-3.6490453000477174,0.0
635,6,-5.622783406594193,-5.708918677414212,0.0
635,7,-4.798084578954356,-4.067430664828858,0.0
636,0,0.0,0.0,0.0
636,1,1.9741515629943587,-0.720344229121376,0.0
636,2,3.2731038342246865,-3.0004216249510525,0.0
636,3,1.6407677085980445,-0.13718476158298626,0.0
637,0,0.0,0.0,0.0
637,1,1.3894851584580603,1.3438360580834001,0.0
637,2,0.1420326951498072,0.14410903414280413,0.0
637,3,-0.7426840129488697,0.4324603053485893,0.0
637,4,-1.0288847328541146,-1.3081865443484504,0.0
637,5,-1.5895963589780322,-1.0938224784875605,0.0
638,0,0.0,0.0,0.0
638,1,-0.9080746348599593,0.7371633725531147,0.0
638,2,0.9880636051977645,1.3387602809848125,0.0
638,3,2.623889705100959,1.5869469091495298,0.0
638,4,-0.5234104545590721,1.6963514955055428,0.0
638,5,-1.3111047082806992,2.0813512734730955,0.0
639,0,0.0,0.0,0.0
639,1,-0.8376067695805138,2.4000222020714466,0.0
639,2,-0.5982757243514524,1.6371650084334028,0.0
639,3,1.9083183918811208,1.0809723446838408,0.0
639,4,0.8754403755442751,-0.3869119140965105,0.0
640,0,0.0,0.0,0.0
640,1,0.7670866888782543,0.23663508647503148,0.0
640,2,0.00391172826626629,0.32747027465043366,0.0
640,3,0.7203686245308732,1.4986454777751932,0.0
641,0,0.0,0.0,0.0
641,1,-1.7715734452416447,2.0926686220566135,0.0
641,2,-0.751161931273292,0.3097138577755092,0.0
641,3,0.4062780826155499,1.2905265798439887,0.0
641,4,-0.05011498380547952,1.6550860989609149,0.0
641,5,1.7023656345799538,-0.5417560462276265,0.0
642,0,0.0,0.0,0.0
642,1,-0.5344340033811185,0.30375026738744637,0.0
642,2,-0.9145544688342714,1.2003415274605187,0.0
643,0,0.0,0.0,0.0
643,1,0.983804421407717,-2.265185912872255,0.0
643,2,0.7041908197504765,-2.488762629271328,0.0
643,3,-1.2597939924630561,-0.9526092179510716,0.0
643,4,-1.0489692749100314,-1.8957934873561153,0.0
644,0,0.0,0.0,0.0
644,1,1.2406146654013996,1.3200679860544056,0.0
644,2,0.8159207957458419,0.17668460908568528,0.0
644,3,-1.276853543284111,-3.0816587403390736,0.0
644,4,-0.16661687229570665,0.5478071028156624,0.0
645,0,0.0,0.0,0.0
645,1,0.5267242185479742,-0.43285290548843247,0.0
645,2,1.2715019781179553,-0.07596130258276723,0.0
645,3,1.3844215079093973,-0.9736133630660853,0.0
646,0,0.0,0.0,0.0
646,1,-0.6123814317816852,1.0756853095055223,0.0
646,2,-1.836389903303656,0.11496852008730718,0.0
646,3,-2.905602106912166,-0.41712934768967236,0.0
647,0,0.0,0.0,0.0
647,1,-0.861121122825519,3.144707132954511,0.0
647,2,-0.861467402491246,1.6582832593089356,0.0
647,3,-3.0610639295797593,-0.39578455128568857,0.0
647,4,-1.160896500247336,1.2230051971105407,0.0
647,5,-2.2892774887993617,2.366219558704123,0.0
648,0,0.0,0.0,0.0
648,1,-2.2589641668683775,-0.6668209730283288,0.0
648,2,-1.6953650729233385,0.029393241740603093,0.0
649,0,0.0,0.0,0.0
649,1,-3.8132887131263287,-0.8140285968398304,0.0
649,2,-1.5194662253666067,-1.9903171411021312,0.0
649,3,-1.44108202431386,-1.998357598351687,0.0
649,4,-0.6111123788083375,-3.1004276061537586,0.0
649,5,0.016522644793884655,-4.0601422063392905,0.0
650,0,0.0,0.0,0.0
650,1,-0.23523041021703317,3.877358413190355,0.0
650,2,-1.02265818082259,4.505827937060326,0.0
650,3,-0.9853381923244929,2.0178132032976945,0.0
650,4,0.7382450469977008,2.3263018503927664,0.0
650,5,1.0577580537925662,2.6041529461523405,0.0
650,6,3.1232318809090183,4.373642984714691,0.0
650,7,3.253374562035537,4.129085440175293,0.0
650,8,4.100867753636616,5.209782952407863,0.0
651,0,0.0,0.0,0.0
651,1,-0.6894949838216344,-0.6877982063764287,0.0
651,2,2.999680975440191,-0.2268416567671111,0.0
652,0,0.0,0.0,0.0
652,1,-2.2022333331354336,0.21294321104176495,0.0
652,2,-1.1435500958699683,-1.388398576938189,0.0
652,3,-1.3256075523502524,-1.6206183605315265,0.0
652,4,-0.16206960135728624,-1.153822460314596,0.0
652,5,-1.5364164505139453,-2.772065032951338,0.0
652,6,-1.4317258247602482,-2.9742087347577284,0.0
652,7,-1.0283927123354886,-2.8774737283961507,0.0
653,0,0.0,0.0,0.0
653,1,-0.3520933578544403,-0.20531127523024711,0.0
653,2,-0.35308989353711007,0.37671257238452566,0.0
653,3,-1.6965112092495178,2.3452577893551276,0.0
654,0,0.0,0.0,0.0
654,1,-1.540484620780187,0.8218929681614773,0.0
654,2,-1.4945115032707048,-0.8004058956036346,0.0
654,3,0.035135875371350545,1.0888310196300843,0.0
654,4,-1.1001810203262972,-0.36624879852186853,0.0
654,5,-2.975736474645179,0.16177117561636944,0.0
654,6,-0.8657643380269405,-0.23647383964778124,0.0
655,0,0.0,0.0,0.0
655,1,0.4786904694901365,-0.7437809252681332,0.0
655,2,2.8079518885186014,1.53485962681887,0.0
655,3,1.5453281310587224,1.4919778651071474,0.0
656,0,0.0,0.0,0.0
656,1,-0.3359899044804785,1.89057916418108,0.0
656,2,0.5760099749163431,-0.39348331602893993,0.0
656,3,-0.1767808182031344,2.799283288506566,0.0
657,0,0.0,0.0,0.0
657,1,3.243951446884421,-1.577585540198767,0.0
657,2,3.3796509534681674,-1.1171516485496609,0.0
658,0,0.0,0.0,0.0
658,1,4.13820872663181,0.057401849290229734,0.0
658,2,2.3063485287162817,-2.865199787290075,0.0
659,0,0.0,0.0,0.0
659,1,0.3080795478683025,-1.0155401076241162,0.0
659,2,-2.0690979163489813,-0.6296611442897937,0.0
660,0,0.0,0.0,0.0
660,1,1.3991611378099647,-1.0483626442288427,0.0
660,2,0.46363368794725834,-0.14290632229529532,0.0
661,0,0.0,0.0,0.0
661,1,0.30481846535315504,1.5679743505379415,0.0
661,2,0.49739745420964865,0.0366817052454369,0.0
662,0,0.0,0.0,0.0
662,1,1.1513888025778527,1.9279687023702592,0.0
662,2,1.6306281430338858,1.667362600194399,0.0
663,0,0.0,0.0,0.0
663,1,1.3120405096989134,1.5193555164683066,0.0
663,2,2.5109609469581256,0.5059590049170604,0.0
663,3,1.9564762460945824,1.9664234798933762,0.0
664,0,0.0,0.0,0.0
664,1,-0.6276686970076584,-0.43214368389446556,0.0
664,2,1.717878202774849,-0.4068005919382054,0.0
665,0,0.0,0.0,0.0
665,1,-1.5414764328194417,1.8577709262895628,0.0
665,2,-2.246432986187151,0.2895955452056387,0.0
666,0,0.0,0.0,0.0
666,1,3.687849305960688,1.2082270233423682,0.0
666,2,2.1933299517958824,1.066663111827305,0.0
667,0,0.0,0.0,0.0
667,1,1.165298675570884,-1.7425062636080204,0.0
667,2,-0.8124120680990827,-1.288729627621858,0.0
667,3,-0.5604316637954857,-0.650139042515145,0.0
668,0,0.0,0.0,0.0
668,1,1.1551008261665334,-1.8532151502181908,0.0
668,2,1.134500192467836,0.7985450071490936,0.0
668,3,1.2902800183282084,0.47141041833676683,0.0
668,4,0.3639949266911421,-1.2003550459621484,0.0
669,0,0.0,0.0,0.0
669,1,1.848592544253332,-0.9250751044370031,0.0
669,2,2.1096334559584324,-1.6000915201790553,0.0
669,3,4.336875539865243,0.4929808271546365,0.0
670,0,0.0,0.0,0.0
670,1,1.2378641203534604,-0.06493882309334387,0.0
670,2,1.5857123062508502,0.7404193087111863,0.0
670,3,3.8462648000240716,-0.19519257656674904,0.0
671,0,0.0,0.0,0.0
671,1,0.5223578978151534,-1.8177481204463983,0.0
671,2,0.5645419846918787,-1.3480372426799174,0.0
671,3,2.4674097971709594,-3.011021256304362,0.0
671,4,1.2581207581660954,-0.40475309620244837,0.0
671,5,0.842936563473812,-2.9084462399045634,0.0
671,6,0.09018324656621513,-1.2779051301818496,0.0
671,7,1.0859703361946362,-1.5529443281547828,0.0
672,0,0.0,0.0,0.0
672,1,0.5601846705179288,-2.3041277944702667,0.0
672,2,-1.036080322802129,-2.281770669063216,0.0
673,0,0.0,0.0,0.0
673,1,1.4027989614212373,-2.88775963963221,0.0
673,2,0.24631500922235494,-4.011541412756083,0.0
674,0,0.0,0.0,0.0
674,1,1.1127358481220324,-0.36688618789737265,0.0
674,2,-0.6985839610436253,0.8942348825423647,0.0
675,0,0.0,0.0,0.0
675,1,1.752735284461131,1.1534354076852624,0.0
675,2,1.5236841428759942,0.4019897765943543,0.0
675,3,1.7562386315926481,0.3994803333054846,0.0
676,0,0.0,0.0,0.0
676,1,1.2285928309676544,1.61021851642862,0.0
676,2,3.4004495153346546,1.92361270507964,0.0
676,3,1.2811829869545464,0.5126383666105974,0.0
676,4,1.7026522413585856,1.9877448300652845,0.0
676,5,-2.8190769828879216,2.3183321518395266,0.0
677,0,0.0,0.0,0.0
677,1,-0.439059646520808,-1.2293433326855663,0.0
677,2,-1.1137986602114007,-1.575646788135749,0.0
678,0,0.0,0.0,0.0
678,1,-0.4037591471830227,-0.7195441433497698,0.0
678,2,-0.7741451002039856,-1.4830936943500856,0.0
679,0,0.0,0.0,0.0
679,1,0.552826728929614,0.9262286253474818,0.0
679,2,0.44228610731939666,1.4420221755026699,0.0
679,3,-0.15860040410238552,3.5004879167853304,0.0
680,0,0.0,0.0,0.0
680,1,0.7568035329774249,0.04095293317483417,0.0
680,2,-1.16519282223413,1.3196040309197765,0.0
680,3,-0.4703490837849851,0.5322722527945862,0.0
681,0,0.0,0.0,0.0
681,1,1.519367673637003,0.565157064171487,0.0
681,2,2.495788277580966,-1.0052252656653478,0.0
682,0,0.0,0.0,0.0
682,1,-1.8478006966131795,-0.4706626211461531,0.0
682,2,0.997706777338673,0.02242961263860388,0.0
682,3,-1.249162000800022,-0.25372839285273696,0.0
682,4,3.1464402585004736,-1.0348158122034736,0.0
683,0,0.0,0.0,0.0
683,1,-0.755476108392575,-0.8994385921914958,0.0
683,2,-0.7021598025997959,-1.8093144662058407,0.0
683,3,-0.6919065376205416,-1.4173244612837503,0.0
683,4,-1.4925917138092626,-0.4444380290027198,0.0
684,0,0.0,0.0,0.0
684,1,2.1639716539217484,2.6586120194743694,0.0
684,2,2.815229644491643,0.7426630251525597,0.0
685,0,0.0,0.0,0.0
685,1,-0.6765505234439217,-0.2802205358919634,0.0
685,2,-2.639299957144332,-1.0939978916398796,0.0
685,3,-3.5465967029535284,-2.98157712379985,0.0
685,4,-3.3966851699274168,-1.6513114768454102,0.0
685,5,-1.7470086539157748,-0.7001611463639676,0.0
686,0,0.0,0.0,0.0
686,1,1.0109345874164866,-0.2970425355416184,0.0
686,2,-0.6253137349130495,2.2479903655815576,0.0
686,3,0.13948813243580177,3.664869903095399,0.0
686,4,-0.03873966825322289,3.863625719941936,0.0
686,5,0.06968248505746583,3.8405574612473066,0.0
686,6,1.2025590105674537,4.975043147914056,0.0
687,0,0.0,0.0,0.0
687,1,1.2626328699646274,1.9202451231607174,0.0
687,2,1.8447518388373796,2.3549809228603427,0.0
688,0,0.0,0.0,0.0
688,1,1.3366718220193234,2.166537169117041,0.0
688,2,0.5806498225211023,-0.06705230162478432,0.0
688,3,1.739758888628282,0.8170464432952589,0.0
688,4,0.9606467101466769,2.7966878931009225,0.0
688,5,2.4551719694686387,5.680199211333885,0.0
689,0,0.0,0.0,0.0
689,1,0.4728620354494387,0.17008944657765837,0.0
689,2,-0.516677021567283,0.8088270078657784,0.0
689,3,-0.5109479513835379,-0.31249773298656985,0.0
689,4,-0.4234756958625598,-1.4799471238510573,0.0
689,5,1.7864153947240458,-0.24030699903439973,0.0
690,0,0.0,0.0,0.0
690,1,0.09532113545605925,-2.087902793391881,0.0
690,2,-1.0796464067465137,-2.8367485521382845,0.0
690,3,-0.19373201075725222,-3.5098078052597597,0.0
690,4,-2.099364209487365,-2.2671115998731284,0.0
690,5,0.41328651728447285,-0.7931111441231111,0.0
690,6,0.10123971095283624,-0.1929026075011826,0.0
691,0,0.0,0.0,0.0
691,1,0.49354483238410896,1.660237547790919,0.0
691,2,2.4624839579526205,0.3591148505097661,0.0
691,3,0.05663461848159601,1.9390867930367135,0.0
691,4,0.04862372457411657,-0.021899555571905704,0.0
691,5,2.4759676251369678,-0.726389145486904,0.0
691,6,1.7635606308344953,1.2713057075124847,0.0
691,7,1.1384325692464894,2.4576507101256078,0.0
691,8,-0.9885252811881313,2.611944568315789,0.0
691,9,-0.5013462554307855,1.893972408626278,0.0
692,0,0.0,0.0,0.0
692,1,0.45606804292783854,-1.1820603583518872,0.0
692,2,2.9353032451280887,0.3662696474940112,0.0
692,3,5.546559713576001,0.10070755011634226,0.0
692,4,1.9488641155273252,1.6980680231968373,0.0
692,5,3.5317462341102903,-0.809759200021088,0.0
692,6,4.439687241800911,0.08775398072906755,0.0
693,0,0.0,0.0,0.0
693,1,-0.5750674152565849,-0.984725301936243,0.0
693,2,0.21092083323749233,-4.292917832513744,0.0
694,0,0.0,0.0,0.0
694,1,-0.865711937909991,-1.555889183400124,0.0
694,2,-1.5032209908819778,0.2287851954686913,0.0
695,0,0.0,0.0,0.0
695,1,-0.4954491848558514,-1.1296145148337355,0.0
695,2,-0.024964853349295213,-2.431841310746698,0.0
696,0,0.0,0.0,0.0
696,1,-0.3534497199131754,0.9174177836836168,0.0
696,2,-0.07601052823464424,0.8737917830654465,0.0
697,0,0.0,0.0,0.0
697,1,0.16874479909688983,-3.1545374631320446,0.0
697,2,0.9588247305887965,-2.662514951246576,0.0
697,3,2.3746859359389716,-4.552435434529122,0.0
697,4,3.570362043954751,-4.66017647370446,0.0
697,5,4.6313065655990995,-6.527746762611179,0.0
698,0,0.0,0.0,0.0
698,1,-0.32027211440216713,-1.1213506803093694,0.0
698,2,0.8771298655516286,0.22186882155787746,0.0
699,0,0.0,0.0,0.0
699,1,-0.43373475062595634,-3.158136168278488,0.0
699,2,-0.6998830942565423,-3.2362135078152354,0.0
700,0,0.0,0.0,0.0
700,1,-0.5216827723925781,0.7168077593850632,0.0
700,2,-2.0100501573387572,-1.4533454672299637,0.0
700,3,1.1601574196366968,-2.5679966761617727,0.0
700,4,-0.24238136486089334,0.384501803992487,0.0
701,0,0.0,0.0,0.0
701,1,1.0875275373287128,-0.1368036147666447,0.0
701,2,1.489550292825145,-1.6272640732640415,0.0
701,3,3.3531062407207566,-0.9098355665182001,0.0
701,4,2.514126276685422,-0.606383659066827,0.0
702,0,0.0,0.0,0.0
702,1,2.4347603748842435,-3.117894561104946,0.0
702,2,1.4898273503119361,-0.680228862722652,0.0
702,3,2.0725745848314387,1.0384141366419168,0.0
703,0,0.0,0.0,0.0
703,1,1.4573416873273026,0.020482193089420342,0.0
703,2,-1.3396094986183233,-0.4151346417404995,0.0
703,3,1.8432404870862533,1.276967562676579,0.0
703,4,1.9794890488207746,1.2505890949055978,0.0
703,5,1.8646417898287098,1.5360829425287181,0.0
704,0,0.0,0.0,0.0
704,1,0.39129041860796226,0.8338054331077633,0.0
704,2,1.1503778337914936,0.35435355802702917,0.0
705,0,0.0,0.0,0.0
705,1,-1.5824717944597457,-0.19293972570684226,0.0
705,2,0.11221747214895572,1.4769087117862452,0.0
705,3,-0.7617259218749002,-0.3833491762976218,0.0
705,4,-2.3100341810309564,0.5009715493664137,0.0
705,5,-1.429653618364124,0.3966993194622688,0.0
705,6,-0.11693644930828584,1.1088686479238745,0.0
705,7,-2.4860896160286474,0.47406562301059574,0.0
705,8,-1.8281130349658998,-0.1640009561859831,0.0
705,9,-0.8666772016435209,1.4483641273230587,0.0
706,0,0.0,0.0,0.0
706,1,-1.373082618225328,0.6060643954939227,0.0
706,2,-3.4848062733629757,-0.3266018107322972,0.0
706,3,-1.8262947724920258,0.5317481566319937,0.0
707,0,0.0,0.0,0.0
707,1,-0.5066528450953344,0.35015104920117346,0.0
707,2,-1.836503103459642,-2.242185476103342,0.0
707,3,-4.3977530030378045,-0.6315154379120527,0.0
708,0,0.0,0.0,0.0
708,1,-1.0618067886815952,-0.4109161574885485,0.0
708,2,-0.4276669324027606,-1.982713031157085,0.0
709,0,0.0,0.0,0.0
709,1,-4.031648823583225,2.4321397478983737,0.0
709,2,-2.971216194941504,1.7493826957121326,0.0
710,0,0.0,0.0,0.0
710,1,-0.047029197464099504,1.3429307401148538,0.0
710,2,-1.5931685224830388,0.7028490325957365,0.0
711,0,0.0,0.0,0.0
711,1,-1.5273159672726473,1.3003563940497689,0.0
711,2,0.34314662283133723,1.182622786170322,0.0
711,3,0.8200438995047504,1.5514992119021238,0.0
711,4,1.7332143009045633,2.076086658064666,0.0
711,5,1.1909733540219567,0.6015172204556574,0.0
711,6,2.2026420591225935,-1.1916878849058161,0.0
711,7,2.1610401806737736,0.29407401400769095,0.0
711,8,2.9869236957711145,0.0715247187609036,0.0
712,0,0.0,0.0,0.0
712,1,-0.7946947888145428,-0.29272423144419646,0.0
712,2,0.028589478737778062,1.031115260032811,0.0
712,3,0.8455570012781877,-1.181449710784574,0.0
712,4,2.514537730845263,-0.4733021304316818,0.0
712,5,0.12514031944592663,-3.779446145949541,0.0
712,6,0.16796979537254142,-4.714709408644184,0.0
712,7,0.5336558858613074,-3.567085670963822,0.0
713,0,0.0,0.0,0.0
713,1,1.5717623529095057,-1.1910996977077977,0.0
713,2,1.3771263137985839,0.3295927080905445,0.0
713,3,1.7786703290131227,-0.2073210244171026,0.0
713,4,-1.2445127933813716,-0.6932093162554505,0.0
713,5,-0.907927478389126,-2.6687838733142883,0.0
713,6,-0.6614672048654255,0.4899192289614864,0.0
713,7,1.9630362003680326,0.1538334484555372,0.0
713,8,1.5510899100721063,-1.155404776254488,0.0
714,0,0.0,0.0,0.0
714,1,-1.7256189766294918,-0.3180289980553792,0.0
714,2,-1.1074502492035299,-0.32540910647800514,0.0
714,3,-2.4141701709957255,-0.08047285455407804,0.0
714,4,-2.8306141020296725,0.9653089697298436,0.0
715,0,0.0,0.0,0.0
715,1,0.6282914281471106,-0.8187467225740886,0.0
715,2,1.1511068406536524,0.4508662898078931,0.0
715,3,-0.9865986729542219,0.22785353254246377,0.0
715,4,0.001462273320663142,0.06598745912256165,0.0
715,5,0.8008191214175668,0.011108214919030746,0.0
716,0,0.0,0.0,0.0
716,1,1.6171311238185373,-1.6319702741079862,0.0
716,2,-0.12924537844164696,-0.1737908640067014,0.0
716,3,0.6794755992269308,0.3618266815611839,0.0
716,4,-0.49297857356054364,-1.4066009230741807,0.0
717,0,0.0,0.0,0.0
717,1,-0.6367647636296201,0.42309556593436515,0.0
717,2,-1.8944102319814404,0.2152594517534845,0.0
718,0,0.0,0.0,0.0
718,1,1.395569606591894,-0.414428747688271,0.0
718,2,1.2445285633891463,-1.9547608189269374,0.0
718,3,0.47136820267198,-1.1470567540286516,0.0
718,4,0.40810794409139317,-1.8768095086651695,0.0
718,5,-1.4408748519498937,-1.4276406373971644,0.0
719,0,0.0,0.0,0.0
719,1,-0.12277485685386813,0.17885550343769974,0.0
719,2,0.24250623080257172,-0.02073614957279224,0.0
720,0,0.0,0.0,0.0
720,1,-0.5935189072974707,1.7025423832770932,0.0
720,2,-0.18322486291531392,2.2840953827329455,0.0
720,3,1.1413359309846147,-1.1361302309851455,0.0
720,4,0.7511977710127933,-3.2852482670552843,0.0
720,5,0.01817774308033293,-2.213197031456704,0.0
720,6,1.225956055177847,-2.5390731677109106,0.0
721,0,0.0,0.0,0.0
721,1,1.2539837842674368,-0.8240102360584812,0.0
721,2,1.980055360719217,-0.8537411121695746,0.0
722,0,0.0,0.0,0.0
722,1,1.3636522355488323,0.3807395020667567,0.0
722,2,-1.4882406179587193,0.11110486239875007,0.0
723,0,0.0,0.0,0.0
723,1,1.3026102733924905,0.8366289373734919,0.0
723,2,0.469030751192613,2.1468422059473515,0.0
723,3,1.4342454549303927,0.2605224555269663,0.0
724,0,0.0,0.0,0.0
724,1,0.38720796316745876,2.7571815732760783,0.0
724,2,1.3739723794879788,4.747937850703336,0.0
724,3,2.8551385892162395,2.8261621230121365,0.0
724,4,2.336275450365622,1.4701036652487094,0.0
725,0,0.0,0.0,0.0
725,1,0.09414776815317571,1.0466830278530967,0.0
725,2,3.251384048163251,2.243398222752547,0.0
725,3,2.5520583592617854,2.457412954244769,0.0
725,4,0.9937911919212725,2.7808374090310863,0.0
725,5,0.08705773831669505,3.6456910042845,0.0
726,0,0.0,0.0,0.0
726,1,1.3427079414138565,1.4867654038018856,0.0
726,2,2.0645018930996146,2.1296117754197343,0.0
727,0,0.0,0.0,0.0
727,1,1.9551269848513029,-2.0933319360601663,0.0
727,2,2.3810878942712748,-0.520420155420208,0.0
727,3,3.2695147144984,-1.6721567333257723,0.0
727,4,1.5627285348259459,-0.5361822786368916,0.0
728,0,0.0,0.0,0.0
728,1,-0.49316631800183586,-0.9619680926355276,0.0
728,2,-1.2658754377168546,-0.13905165193682922,0.0
728,3,-2.9713554742121437,0.3424104557702101,0.0
728,4,-1.1752695837181242,-0.6464074543699125,0.0
729,0,0.0,0.0,0.0
729,1,1.5012980963957454,0.048040568249321236,0.0
729,2,2.4484520641452168,-0.634974676167257,0.0
729,3,2.6786908545989756,-3.3980818516542746,0.0
729,4,2.71316085381208,-2.956019699819664,0.0
730,0,0.0,0.0,0.0
730,1,0.05782408314197007,0.8803096510270693,0.0
730,2,-0.11649002435403433,1.1871683990081783,0.0
731,0,0.0,0.0,0.0
731,1,1.075676883207064,0.530740473209018,0.0
731,2,-0.5423517923967295,-3.0683029217867195,0.0
731,3,-0.8949117936079034,-1.315330982987787,0.0
731,4,-2.6783346713949894,-1.840972533283753,0.0
731,5,-1.9182494240772536,-1.3685938821516794,0.0
732,0,0.0,0.0,0.0
732,1,-1.412163130753376,-0.6801800552988642,0.0
732,2,0.2624560209010227,0.8899800674471625,0.0
733,0,0.0,0.0,0.0
733,1,-1.2176896408610682,0.059510723881988525,0.0
733,2,0.4360161468371775,1.1903309579578556,0.0
733,3,0.7445392516287819,2.043625435263053,0.0
733,4,0.08265382236131735,-1.3609792649376247,0.0
734,0,0.0,0.0,0.0
734,1,1.0710781838103047,-1.3608439239405337,0.0
734,2,2.682956075401701,-1.8139162565791238,0.0
734,3,2.6049400565362264,1.7200894678686511,0.0
734,4,1.2762604589032933,1.1893827295510109,0.0
734,5,0.23940589152626135,1.1853130218509518,0.0
735,0,0.0,0.0,0.0
735,1,-0.507143528549812,2.0334615378673155,0.0
735,2,-1.176849553238985,2.557718190845391,0.0
735,3,-2.8609010771686263,2.522221012806435,0.0
736,0,0.0,0.0,0.0
736,1,-0.11921417062410478,-0.546894343433048,0.0
736,2,0.6994360398965093,-1.1640952562470555,0.0
736,3,0.6714901860050432,-2.207706749943432,0.0
737,0,0.0,0.0,0.0
737,1,0.764765407488823,-0.019687575679162572,0.0
737,2,-0.22107737209991085,0.6016887273858688,0.0
737,3,1.1467416974428388,2.855349410739373,0.0
738,0,0.0,0.0,0.0
738,1,0.3945593048409983,-0.08636892227029003,0.0
738,2,-0.6892628490457644,-0.6867079254248168,0.0
738,3,2.222757965237487,-1.734488188789007,0.0
739,0,0.0,0.0,0.0
739,1,-0.7070981852224447,0.27201873487212924,0.0
739,2,-0.4361170912421444,1.3449888174774134,0.0
739,3,-1.4673984034987897,1.8067007718374966,0.0
740,0,0.0,0.0,0.0
740,1,-0.7434607025902915,-1.4196554186094872,0.0
740,2,-0.8772476070904494,-0.8980089540041236,0.0
741,0,0.0,0.0,0.0
741,1,-0.9050121672351267,-0.049090390997647115,0.0
741,2,-1.4676340658283875,0.1952126499011363,0.0
742,0,0.0,0.0,0.0
742,1,-0.24411085485281775,-0.1492018471128852,0.0
742,2,0.3925585953022453,-0.2626951143064422,0.0
743,0,0.0,0.0,0.0
743,1,-1.6631173293152623,-0.9272438890672459,0.0
743,2,0.09498011672713114,0.21614942374243973,0.0
744,0,0.0,0.0,0.0
744,1,0.37239182930695214,1.388641534679118,0.0
744,2,0.8987248664240741,0.17342455891880781,0.0
744,3,-2.0210700875500693,-0.28137697111168947,0.0
744,4,-1.1842736686203315,0.9380816867853666,0.0
744,5,0.37741763761736613,0.6219679610410639,0.0
744,6,0.8781004855438275,1.9053273318305135,0.0
745,0,0.0,0.0,0.0
745,1,0.22374758178985887,0.23864297201469098,0.0
745,2,-0.9116518073594457,1.250178950283614,0.0
745,3,0.17233834933444125,1.1614295290103618,0.0
746,0,0.0,0.0,0.0
746,1,0.2026257661832198,-1.7805314593405799,0.0
746,2,-0.5110368098102915,-2.365199814006367,0.0
747,0,0.0,0.0,0.0
747,1,-0.466696653475144,-0.13362720734399414,0.0
747,2,-0.642031762890714,1.4227833515834507,0.0
747,3,-1.5879310480631808,0.7121118666334217,0.0
747,4,-1.3781664317902105,-0.7365540446138519,0.0
747,5,-3.365238547601319,1.7669964649095464,0.0
747,6,-2.967914506418317,3.7573492645973614,0.0
748,0,0.0,0.0,0.0
748,1,-1.7003282358733498,-1.7282969177678211,0.0
748,2,-4.186826926744058,0.3525176757965709,0.0
748,3,-2.9901053208944233,-0.6470716655306621,0.0
748,4,-1.868779676787411,-0.33106404293853986,0.0
748,5,-2.93208649431158,-0.19866429030302535,0.0
748,6,-3.9898907036474824,0.12803503420770657,0.0
748,7,-2.601853703185257,0.24946868836672342,0.0
749,0,0.0,0.0,0.0
749,1,1.7041643007907037,-0.4086088577379472,0.0
749,2,-0.3096811064354268,-0.8947122361823159,0.0
750,0,0.0,0.0,0.0
750,1,0.8254142644275431,-0.9147817382011454,0.0
750,2,1.896508133233009,0.7646167935375676,0.0
750,3,-1.6054268655298443,-0.6366567872735345,0.0
750,4,-2.370065317362483,1.0226530663570816,0.0
751,0,0.0,0.0,0.0
751,1,0.4881951677581542,-1.3246781236696397,0.0
751,2,-1.2658200224398168,-3.354396625137487,0.0
751,3,-0.09201007631078983,-4.018936473344267,0.0
752,0,0.0,0.0,0.0
752,1,-1.8480343610855516,0.8562693087359445,0.0
752,2,-2.1883239783012525,-0.5290572349301188,0.0
752,3,-0.8513038521743302,0.35997994894423974,0.0
752,4,-1.14860031508891,2.3695992639235803,0.0
752,5,-2.923587956027158,2.1371012020936155,0.0
753,0,0.0,0.0,0.0
753,1,1.6403303011633121,1.0612650454007715,0.0
753,2,2.6222793214895876,1.864860099708917,0.0
753,3,3.4500603421077907,4.036864757408222,0.0
753,4,2.7863736722849133,3.924321324889018,0.0
753,5,-0.2605410509839253,-0.4242592148439772,0.0
754,0,0.0,0.0,0.0
754,1,-3.0323697531794127,1.4767973835062826,0.0
754,2,-1.389575177643526,1.43265285752307,0.0
754,3,-1.6216926803029246,0.7699611629633802,0.0
754,4,-1.016493351039284,2.124261143260255,0.0
755,0,0.0,0.0,0.0
755,1,-1.019521116271609,0.14294387347424098,0.0
755,2,0.4174318692029395,1.1647219571591718,0.0
756,0,0.0,0.0,0.0
756,1,-1.5126346134873896,-1.2167376691258711,0.0
756,2,-0.9305007660700423,-1.860391079925685,0.0
756,3,-2.6131989173198242,-0.3284839164131879,0.0
756,4,-0.18035268517215186,-0.8498293544784092,0.0
756,5,-0.4611975687528424,-0.24258514250448387,0.0
757,0,0.0,0.0,0.0
757,1,0.5232495828611483,-2.027341101075495,0.0
757,2,-0.6270440704777012,-1.2552697553514118,0.0
758,0,0.0,0.0,0.0
758,1,1.5009921152021763,2.195301544077628,0.0
758,2,2.0224888436226895,2.4579986763751354,0.0
759,0,0.0,0.0,0.0
759,1,1.8413556776734699,1.3922847451427134,0.0
759,2,1.031530987595159,-0.9585876896399907,0.0
760,0,0.0,0.0,0.0
760,1,1.8343038480360983,-0.5566361577764556,0.0
760,2,2.0158745595136045,-1.8074802255079743,0.0
760,3,0.8944655446661833,-1.4093680330795324,0.0
760,4,1.4378181373807453,-2.189118438676256,0.0
761,0,0.0,0.0,0.0
761,1,1.334997368288565,-2.1836098499951815,0.0
761,2,0.6164734627281123,-1.3528530187653403,0.0
761,3,1.963114331004838,-4.041879791310124,0.0
761,4,2.182325910737319,-1.6427516426929458,0.0
762,0,0.0,0.0,0.0
762,1,1.0051770310616095,0.5953674329652426,0.0
762,2,2.609662504124663,-0.8437274432241008,0.0
762,3,-1.1489733583949886,-0.39765389527537365,0.0
762,4,1.6142683187881182,1.023605378305324,0.0
762,5,0.14664777996799205,-0.03053890505009102,0.0
762,6,0.4145960428733332,0.9917894357813881,0.0
762,7,1.4733836742522377,-0.5001645796182839,0.0
762,8,0.6760599488449514,-0.8491200729229893,0.0
763,0,0.0,0.0,0.0
763,1,-1.746381905003575,-0.1504352544771067,0.0
763,2,-1.5494933833008717,0.6791195340539727,0.0
764,0,0.0,0.0,0.0
764,1,0.7808967128642887,-0.21474101147888858,0.0
764,2,1.6520995328113077,0.023016963994165085,0.0
764,3,-1.8885330075862425,0.693866329177022,0.0
764,4,-3.386888254777004,-1.0163645055665809,0.0
764,5,-4.6929561112772875,-0.4491358958229821,0.0
764,6,-2.1058227986315416,0.6302019268444736,0.0
764,7,-2.4286484866090725,0.32241917384166685,0.0
765,0,0.0,0.0,0.0
765,1,-1.153808964200345,-0.9979095185904975,0.0
765,2,-1.6551762984409673,-1.5556062196388307,0.0
765,3,-0.3708409634169861,-1.447055751170571,0.0
765,4,1.3881751321557865,-2.319168419910804,0.0
766,0,0.0,0.0,0.0
766,1,-0.5697740621261421,-0.8528959504248582,0.0
766,2,0.5425388574205153,-1.5322623674777107,0.0
767,0,0.0,0.0,0.0
767,1,1.740170373385164,-0.02094261707361522,0.0
767,2,0.770132317412368,-0.3396290869161244,0.0
768,0,0.0,0.0,0.0
768,1,0.5111447889846601,0.4896029940036617,0.0
768,2,0.07579067500523479,1.4512024717138372,0.0
768,3,0.549315321265426,1.235941307186979,0.0
769,0,0.0,0.0,0.0
769,1,-0.08415265342913103,-0.9969099619007383,0.0
769,2,0.1676438945748273,-2.5571090056558,0.0
769,3,-0.10084282197496353,-1.7217315259664305,0.0
769,4,-0.5690140194359976,1.0470086261594442,0.0
769,5,-1.5086583829425195,-1.6844635320010988,0.0
769,6,-4.570927481438233,-1.422102653148852,0.0
769,7,-3.2227941211056725,-2.1150422010493677,0.0
770,0,0.0,0.0,0.0
770,1,0.7369207458366522,0.9167808692132282,0.0
770,2,-0.9672334486550433,3.0075743487711772,0.0
771,0,0.0,0.0,0.0
771,1,-0.5557079334539112,-0.6284511493357985,0.0
771,2,-2.4019191982783035,-0.8022179500021905,0.0
772,0,0.0,0.0,0.0
772,1,0.8808008127184969,-0.43531018280728634,0.0
772,2,0.4689432666868305,-1.561887829579694,0.0
773,0,0.0,0.0,0.0
773,1,1.0697321128572694,0.597038455605486,0.0
773,2,0.34503898013155293,2.1366189626726593,0.0
773,3,-1.7329074568981602,0.8344500733505786,0.0
774,0,0.0,0.0,0.0
774,1,-0.5618853327922275,0.9458892264728196,0.0
774,2,-0.2555972010137274,-1.9972469116136196,0.0
774,3,-1.8383592450649093,2.535215807785467,0.0
774,4,-2.678446180232894,-0.1991685490828996,0.0
774,5,-3.445665395392093,-0.5666938149686687,0.0
774,6,-3.9467950849905007,-0.35278424247174245,0.0
774,7,-3.7401017379434927,2.2508862494162205,0.0
774,8,-2.9493821309779085,1.5749879970335365,0.0
775,0,0.0,0.0,0.0
775,1,0.4236887766402718,-0.27099153795750286,0.0
775,2,0.9434260783274327,0.07460904293028237,0.0
775,3,0.04594424460878943,0.427986820906163,0.0
775,4,2.0600297566138455,-2.2902226949061704,0.0
775,5,-1.3112711418156762,-1.6983512349045604,0.0
775,6,-2.4807547932352505,-2.219702890802135,0.0
776,0,0.0,0.0,0.0
776,1,1.4430195597032487,0.18532294806068816,0.0
776,2,1.177071471486682,0.1848366264255854,0.0
776,3,0.3643147767847297,-0.4283488827001527,0.0
777,0,0.0,0.0,0.0
777,1,-2.919626892817038,1.3895947777374453,0.0
777,2,-3.1892791419520092,0.13112799188238805,0.0
778,0,0.0,0.0,0.0
778,1,-1.054814287160882,-0.6565879748913883,0.0
778,2,-1.6793642663072634,1.5007825924874234,0.0
779,0,0.0,0.0,0.0
779,1,-3.6678368856183288,0.741134281283076,0.0
779,2,-2.7887375298135364,1.5530303818009363,0.0
780,0,0.0,0.0,0.0
780,1,2.848266016423168,2.028488600933603,0.0
780,2,0.7479102623257767,1.0646407706257865,0.0
781,0,0.0,0.0,0.0
781,1,-0.3480413597398597,-1.1027722491921148,0.0
781,2,-0.7863237244549574,-0.6171910561055658,0.0
782,0,0.0,0.0,0.0
782,1,-1.788437660003479,1.879519079870943,0.0
782,2,-0.47821529909461835,3.5735423867357317,0.0
782,3,-0.7977003190283748,5.0245440421418985,0.0
783,0,0.0,0.0,0.0
783,1,1.7455942386146257,2.11571973367103,0.0
783,2,-0.6467567327600416,1.3423412463244595,0.0
784,0,0.0,0.0,0.0
784,1,-0.7332194890509571,1.2640567493062296,0.0
784,2,-1.4937457640469636,2.5273419973184774,0.0
784,3,-1.3448472088463608,2.6429335370566913,0.0
784,4,-2.1915167695982727,3.6418081829362983,0.0
784,5,-0.00664859088806935,2.357004857688161,0.0
784,6,-1.157306654158689,0.5490911670651423,0.0
785,0,0.0,0.0,0.0
785,1,1.375883087824319,2.5740278969993926,0.0
785,2,0.4198302957625271,0.596752197482372,0.0
786,0,0.0,0.0,0.0
786,1,0.28459058386606295,0.8420469221523714,0.0
786,2,2.1766868986126786,1.5824569198818947,0.0
786,3,2.683061865879173,4.131124665608152,0.0
786,4,2.7273753996238317,4.081492075190211,0.0
786,5,-0.47422328762516974,2.1523173790400856,0.0
786,6,1.8318795426856749,2.3908838259204295,0.0
786,7,1.9242091536687425,1.0699927981123651,0.0
787,0,0.0,0.0,0.0
787,1,0.20970366421377237,-0.3087472095600342,0.0
787,2,1.9719085845426603,-0.09176771110457671,0.0
787,3,3.4647991891320697,0.01689724168998208,0.0
787,4,1.4236748326542308,1.0872195797540876,0.0
788,0,0.0,0.0,0.0
788,1,1.1465446055324984,3.5729643689252666,0.0
788,2,-1.5891535502268734,-0.6758105040983423,0.0
789,0,0.0,0.0,0.0
789,1,1.2173412516664102,2.036409583476117,0.0
789,2,-0.7247403807336196,0.7218324461705359,0.0
790,0,0.0,0.0,0.0
790,1,0.797215050701493,-0.5162836597549482,0.0
790,2,-0.18083984275958498,1.3092856096487766,0.0
790,3,0.9309277816790054,-1.3628587860511485,0.0
790,4,2.135063028184678,-2.277085104939962,0.0
791,0,0.0,0.0,0.0
791,1,3.0922861720316432,0.13036044681866765,0.0
791,2,2.269131523642985,2.002892136306442,0.0
792,0,0.0,0.0,0.0
792,1,-0.1818927952950627,2.909340423675479,0.0
792,2,-2.547932377702727,-0.4942118724657554,0.0
793,0,0.0,0.0,0.0
793,1,0.5626164244131338,0.09047421146457846,0.0
793,2,3.0024891984393274,-0.4878952820819129,0.0
793,3,1.4008245119549212,-0.22174037124985468,0.0
793,4,1.5704514458720116,1.8813146987570415,0.0
794,0,0.0,0.0,0.0
794,1,-0.32219831921316083,-1.9708392821041727,0.0
794,2,1.623418089232501,-0.5790104752030825,0.0
795,0,0.0,0.0,0.0
795,1,0.4218178971162718,0.0040955408713836405,0.0
795,2,-0.03745577613745654,-0.1355065406661542,0.0
796,0,0.0,0.0,0.0
796,1,-0.38050037818547244,1.382485994108491,0.0
796,2,-0.6424538628404726,-0.778062773876472,0.0
796,3,-0.6528784280727506,2.0283764208305106,0.0
797,0,0.0,0.0,0.0
797,1,0.4612899149554541,2.4672535781032403,0.0
797,2,4.301741184485737,0.980640664569207,0.0
797,3,3.637524205581167,1.7926372425953363,0.0
797,4,2.0694571504770725,1.5969656766864293,0.0
798,0,0.0,0.0,0.0
798,1,-2.6641162146880593,-1.813742463823938,0.0
798,2,-3.5762608120629547,1.6130262237021884,0.0
799,0,0.0,0.0,0.0
799,1,0.4719811871175901,1.7454894109925652,0.0
799,2,-0.7605192448354299,0.37434031807398127,0.0
799,3,0.9659901307501164,0.1362662532662613,0.0
800,0,0.0,0.0,0.0
800,1,0.1610049157023934,-0.8486826747151542,0.0
800,2,-0.6622108872940944,0.17329623305441022,0.0
801,0,0.0,0.0,0.0
801,1,-0.05524022706778822,2.137190837199525,0.0
801,2,0.9287558524152469,1.0739245354582545,0.0
802,0,0.0,0.0,0.0
802,1,-0.559555859888375,1.4914173830559276,0.0
802,2,1.0611514357869087,-2.750165811984023,0.0
803,0,0.0,0.0,0.0
803,1,0.656353120008818,1.9065465603632692,0.0
803,2,0.17912428043481843,1.4048067444070185,0.0
804,0,0.0,0.0,0.0
804,1,-1.9334072630959063,-0.4480220584052368,0.0
804,2,-3.2233077920373354,0.1464245445716017,0.0
804,3,-1.2161124163815638,0.05493165397318345,0.0
805,0,0.0,0.0,0.0
805,1,1.8697283606901092,1.4195415138861947,0.0
805,2,1.6740559550397005,1.3806296233951627,0.0
805,3,2.7378107944204713,-0.5028101628632791,0.0
805,4,3.687087056293127,-0.38351014165682673,0.0
805,5,1.3340030793435749,-0.06851820514264717,0.0
806,0,0.0,0.0,0.0
806,1,-1.6693789729863038,0.9577932193969803,0.0
806,2,-1.6606554137710712,1.503155697234127,0.0
806,3,0.42479295718471954,-0.582023537047506,0.0
806,4,1.1308762237176015,1.665639992292245,0.0
806,5,1.2331147754464062,2.0885491787666792,0.0
806,6,-1.2789391456092751,1.7000184859293355,0.0
806,7,0.03357196710550436,5.142513347506993,0.0
806,8,0.3199048507214681,3.773845248702899,0.0
806,9,0.30844281162877296,0.26226274554931717,0.0
807,0,0.0,0.0,0.0
807,1,0.9597776782467691,0.6436235658469555,0.0
807,2,-1.2351098275749532,1.0588167331949707,0.0
807,3,1.5202401420187421,1.2887496784582813,0.0
808,0,0.0,0.0,0.0
808,1,1.461861863101122,-1.5141279783350823,0.0
808,2,-0.7487021310350519,-0.6147657548421461,0.0
808,3,-0.4128103295741125,0.47350999468167787,0.0
808,4,0.6266086528207533,-1.340062120657214,0.0
808,5,1.8660408780918778,-1.5030856198243048,0.0
808,6,3.399758108607012,-1.3920536614730004,0.0
808,7,2.2079474027133856,-1.0649734749627353,0.0
808,8,1.8230137339539083,-0.9332500754061392,0.0
808,9,2.929984836012934,-2.188562666671277,0.0
808,10,2.232217336069501,-2.453293078457003,0.0
808,11,1.853328933169483,-2.1010095942455402,0.0
809,0,0.0,0.0,0.0
809,1,-1.2230238102972049,0.19211178530686707,0.0
809,2,0.5178240731050471,0.29842954776287395,0.0
809,3,0.7446645770167287,1.639221713082388,0.0
809,4,1.5564766329904312,-0.525006464544221,0.0
810,0,0.0,0.0,0.0
810,1,-1.0102620885180313,3.335315480816511,0.0
810,2,0.9374001515162944,1.727935736699295,0.0
811,0,0.0,0.0,0.0
811,1,-1.6900045147815907,0.386091328226718,0.0
811,2,0.062475014284167685,-0.6241490198744213,0.0
812,0,0.0,0.0,0.0
812,1,1.6187541099005816,-1.181755040245041,0.0
812,2,3.115356090655374,-2.3385462406704534,0.0
812,3,1.4848896273388992,-1.4400788602763144,0.0
812,4,0.7177354824697619,0.17774720643669673,0.0
812,5,-0.8183931944660421,-1.4504951756851916,0.0
812,6,-3.749090325394322,-0.15615426507340113,0.0
813,0,0.0,0.0,0.0
813,1,-1.146768915277983,1.698575839149995,0.0
813,2,-0.8667572767988784,0.7270609834124873,0.0
813,3,-1.324912828358734,1.114721797432512,0.0
813,4,-2.3354682065215178,0.9083438527319518,0.0
814,0,0.0,0.0,0.0
814,1,-0.038111887649469045,-1.1211446193909258,0.0
814,2,1.2478853218362456,-1.0258270216974563,0.0
814,3,-0.26714572310410367,1.076841369749348,0.0
814,4,1.1907108787465455,-0.6129067116604822,0.0
814,5,-0.4158493714577943,-1.0707046869671921,0.0
815,0,0.0,0.0,0.0
815,1,0.3529302284753898,-0.5484901370385935,0.0
815,2,1.4178065224111034,-0.7057785104808745,0.0
816,0,0.0,0.0,0.0
816,1,1.0668668113118058,-1.303563525000713,0.0
816,2,2.0713926285799062,-0.830678941842189,0.0
816,3,2.8148465984715854,-0.08758347142552414,0.0
816,4,2.929634663380426,0.429367033836486,0.0
816,5,2.4974789544037863,-1.6786126211022816,0.0
816,6,3.6737702481457246,-2.219217221996069,0.0
817,0,0.0,0.0,0.0
817,1,-2.6434160171499363,1.218482867497664,0.0
817,2,-1.5462113256742973,2.186061922201818,0.0
817,3,-2.355250972281754,1.9362694951710087,0.0
817,4,-0.6372973467688499,2.2544998380281727,0.0
817,5,0.16720322162429513,3.6217357849298297,0.0
818,0,0.0,0.0,0.0
818,1,1.551771506820969,-0.5385498859393216,0.0
818,2,0.6705862415497761,-1.511855836708985,0.0
818,3,-0.8046468588405555,-3.2402161955959077,0.0
818,4,2.0417790206311963,-2.7649100928026265,0.0
819,0,0.0,0.0,0.0
819,1,-1.4851734670726908,-0.03004378289139298,0.0
819,2,2.308431422250571,1.3242140886046005,0.0
819,3,1.0073062349223016,-0.9993798888730657,0.0
820,0,0.0,0.0,0.0
820,1,-1.4715709892961206,-0.15284672223053652,0.0
820,2,-1.7843633112731614,-1.1576415716837183,0.0
820,3,-2.8407503348017524,-0.8035743011963434,0.0
820,4,-0.6437625716151087,-1.2312975387335148,0.0
821,0,0.0,0.0,0.0
821,1,-1.019484587852969,-1.1146944968265229,0.0
821,2,-1.9596984272704665,-0.5609118604917187,0.0
821,3,-2.6582443838232814,0.464182863702149,0.0
822,0,0.0,0.0,0.0
822,1,1.837381022851716,-0.952337543405346,0.0
822,2,1.5933857969707153,-0.9317333105861542,0.0
823,0,0.0,0.0,0.0
823,1,0.14339608283519734,1.7891357994942796,0.0
823,2,0.6670915547367215,0.4302364582647279,0.0
823,3,1.8919749196336855,0.48558704355955273,0.0
824,0,0.0,0.0,0.0
824,1,0.21016163190277248,-2.673911879675354,0.0
824,2,-1.1734216546889604,-2.2652880860815077,0.0
824,3,-0.6247694973489176,-2.6570369603734707,0.0
825,0,0.0,0.0,0.0
825,1,-2.728744375898534,-0.39121584128074893,0.0
825,2,-3.1227476087208967,0.13449352909856382,0.0
826,0,0.0,0.0,0.0
826,1,1.7635190902026057,-0.15294467241274773,0.0
826,2,0.9450140693905151,-1.521634411071185,0.0
826,3,1.2284332389665025,-2.082755985208515,0.0
826,4,0.37476080979875004,-2.384649811163461,0.0
827,0,0.0,0.0,0.0
827,1,-1.6319829462098816,0.7394494641926275,0.0
827,2,-2.3339849368608245,2.010302655383117,0.0
828,0,0.0,0.0,0.0
828,1,1.3382081372185213,-0.4615240191106067,0.0
828,2,0.6389711831475435,1.8584574478045939,0.0
829,0,0.0,0.0,0.0
829,1,-3.6856976175954648,-0.8442338746097451,0.0
829,2,-1.0069727073289223,-0.16842840839229556,0.0
830,0,0.0,0.0,0.0
830,1,-0.23710286409399384,-1.2254637683823308,0.0
830,2,1.1889970841948685,1.1436637141579984,0.0
830,3,1.644400704337266,0.16253689111583292,0.0
830,4,2.3660106946857944,2.8856097871003747,0.0
830,5,0.6925529810846331,1.6706504964967792,0.0
830,6,1.7320151229337046,1.3713662743410304,0.0
830,7,1.6591018555912456,-0.19694538813701679,0.0
831,0,0.0,0.0,0.0
831,1,0.34717021834079426,1.278549611029496,0.0
831,2,0.36816803057816627,-2.37515050788531,0.0
832,0,0.0,0.0,0.0
832,1,-0.5352893373966735,1.0443987533817307,0.0
832,2,-2.344593943368557,0.5495715511465531,0.0
833,0,0.0,0.0,0.0
833,1,-0.8076506440589911,-0.8406173943005673,0.0
833,2,-0.8686174570026254,-1.4203499234920693,0.0
834,0,0.0,0.0,0.0
834,1,-2.1811171297488205,0.9328615146759983,0.0
834,2,0.048847144594695746,0.4044314498741759,0.0
835,0,0.0,0.0,0.0
835,1,-0.5541758766685814,1.740481519584888,0.0
835,2,-0.4755418557175797,-0.4944726925680447,0.0
835,3,0.23024827652665103,-0.5911905093370344,0.0
836,0,0.0,0.0,0.0
836,1,0.21614114381896576,-0.13412335777789064,0.0
836,2,-0.6305266092350029,-2.340802790273838,0.0
836,3,0.1458006697516947,-4.365395280028201,0.0
836,4,0.8448394826281699,-2.572682747426701,0.0
836,5,-0.14167177551846755,-3.438497550409864,0.0
837,0,0.0,0.0,0.0
837,1,-2.13812794719525,-2.996347425687179,0.0
837,2,-1.4738597578215658,-1.710434503872446,0.0
837,3,-0.7175741085229976,-3.1300841552599676,0.0
837,4,-2.3796794067839184,-3.375571541516085,0.0
837,5,-1.6404147539376812,-4.247764781896403,0.0
838,0,0.0,0.0,0.0
838,1,-0.8018189869202228,0.6637385047054828,0.0
838,2,0.09843792073347513,0.45346008327790877,0.0
838,3,0.5337785214977921,-0.41968588374011206,0.0
838,4,3.229999497599473,0.78131487930403,0.0
838,5,1.8489518762091994,1.5339469205864973,0.0
838,6,0.6171561922676665,3.086492351621173,0.0
838,7,-0.5644296358764371,3.7852647610391807,0.0
839,0,0.0,0.0,0.0
839,1,0.8188526941768642,-1.5536192251237597,0.0
839,2,0.6586601177505103,-2.0372016892367997,0.0
840,0,0.0,0.0,0.0
840,1,4.320692112546173,-1.4637566217381492,0.0
840,2,0.7820797904928796,-0.7455697895125644,0.0
841,0,0.0,0.0,0.0
841,1,-0.3184987488265947,-0.5475051039668215,0.0
841,2,1.6101985008923296,-2.3618063648063723,0.0
842,0,0.0,0.0,0.0
842,1,0.7076339253060098,1.8231983630675888,0.0
842,2,1.2358563934928812,0.7445110199690699,0.0
842,3,3.5296263074410676,-1.5390856234492454,0.0
842,4,3.32739891303425,-3.1043404949412743,0.0
843,0,0.0,0.0,0.0
843,1,-0.0774313579517395,-0.5553060204299266,0.0
843,2,-0.4373036833592927,-2.590041103052595,0.0
843,3,-0.14450838347593675,-3.1450838145563047,0.0
844,0,0.0,0.0,0.0
844,1,0.7552878294226798,-1.1939857465961137,0.0
844,2,1.9826262666518393,-0.17650556926130356,0.0
844,3,3.544170728522332,1.2671658293014203,0.0
844,4,2.9622752531501515,0.01667427407785249,0.0
845,0,0.0,0.0,0.0
845,1,1.6511247146666435,-0.5381136825408295,0.0
845,2,2.3380312253587956,-0.1522406150423208,0.0
845,3,1.7243078382198957,-0.5390764799369466,0.0
845,4,1.699674810412834,0.2430053117361108,0.0
845,5,2.8204512421481978,-0.6308056960350523,0.0
846,0,0.0,0.0,0.0
846,1,-1.8937913549356589,0.5285356160092688,0.0
846,2,-1.745121975319102,0.704472837030942,0.0
846,3,-2.0430738376655286,-0.5256501520960085,0.0
846,4,-1.1765342738589877,-1.554695016731487,0.0
847,0,0.0,0.0,0.0
847,1,1.4069946278446857,-1.3442952642453618,0.0
847,2,2.44870504634051,-1.355690644072584,0.0
848,0,0.0,0.0,0.0
848,1,-1.817621574082303,-1.98482104038901,0.0
848,2,-1.149098375634618,0.3206829817131608,0.0
848,3,-0.8725637125520895,0.8759461233599257,0.0
849,0,0.0,0.0,0.0
849,1,-1.3008213072055477,-0.0983544754687451,0.0
849,2,-0.6911152530512679,-0.5857199694419952,0.0
849,3,0.8530664756225934,-0.31239390037613773,0.0
849,4,4.060451197206062,1.609536546535708,0.0
850,0,0.0,0.0,0.0
850,1,-0.3922825166928256,0.05830500398745553,0.0
850,2,1.569879582190058,-2.1022188998829425,0.0
850,3,-0.6256552690863664,-2.3854213541710987,0.0
851,0,0.0,0.0,0.0
851,1,-3.091946288093632,0.36511966663723716,0.0
851,2,-0.8795049623118145,-0.46271090808099435,0.0
852,0,0.0,0.0,0.0
852,1,1.2053127962381573,0.7340135488944601,0.0
852,2,0.3586787330348765,-1.704952298078906,0.0
852,3,-0.09610933643536157,0.6314140584907602,0.0
852,4,-0.5428713007192432,0.9620578290911928,0.0
852,5,1.9916888552868426,1.6516950226252916,0.0
853,0,0.0,0.0,0.0
853,1,-1.0841036952862413,-0.25972331213231437,0.0
853,2,-0.10667982747269189,1.3065355959007168,0.0
853,3,1.3184695313617198,-1.0844440017880077,0.0
853,4,3.801562892435961,-2.9478492983366813,0.0
854,0,0.0,0.0,0.0
854,1,-2.6128210930175104,1.1081963359810771,0.0
854,2,-2.5850667526459636,1.825907094441592,0.0
854,3,-3.4528510726595676,2.988185231785585,0.0
854,4,-1.8662392476260923,3.468917821051244,0.0
855,0,0.0,0.0,0.0
855,1,0.23610883498100654,-2.120359256617557,0.0
855,2,1.112349222285813,-2.550370624239327,0.0
855,3,0.9570947861900332,-3.226945897985286,0.0
855,4,0.9804755076627325,-3.5867120183399614,0.0
856,0,0.0,0.0,0.0
856,1,0.08406086624690223,3.1769127636294816,0.0
856,2,1.4180852975650384,2.280578826095334,0.0
856,3,2.52376068600819,1.0008351504341162,0.0
856,4,0.9485039949035596,-0.9430685392109298,0.0
856,5,2.088878453201012,-0.39421236553440975,0.0
856,6,0.6371308642191933,1.240616927538742,0.0
856,7,1.144791935686154,-0.22896772422533684,0.0
856,8,0.08963750506239476,-0.14583390630899717,0.0
856,9,0.15695996735618567,-0.40349901477762107,0.0
856,10,1.4550711095285593,0.7581459004691667,0.0
856,11,-1.0580701428800654,-0.05051731793488823,0.0
857,0,0.0,0.0,0.0
857,1,0.9351982000401354,-0.7644365730610225,0.0
857,2,2.1771736815352476,1.6210189767514287,0.0
857,3,1.2378577575207468,1.706315239753754,0.0
857,4,-0.7059803094446728,0.746140384084955,0.0
857,5,1.7522891387811836,3.558412765762003,0.0
858,0,0.0,0.0,0.0
858,1,-1.9874077796379426,-0.8999507712207715,0.0
858,2,-1.7590646575932998,0.756139616906409,0.0
858,3,-2.2097805757991265,0.970667599494328,0.0
858,4,-3.122033527562422,1.413162562948491,0.0
859,0,0.0,0.0,0.0
859,1,-0.9234729502705481,-4.03768218362478,0.0
859,2,2.6299226896130277,-4.289376570943133,0.0
860,0,0.0,0.0,0.0
860,1,0.4732178195158909,1.5435726542117336,0.0
860,2,-0.5797062665216359,3.180121909778737,0.0
860,3,-1.6273043853975633,3.012233410094044,0.0
860,4,-0.9820952545054853,3.0992431306084285,0.0
860,5,-3.3990885154075317,2.3655530696767455,0.0
860,6,-1.528861015777407,0.2617189582984422,0.0
860,7,-1.4907847944022516,-0.797032190365297,0.0
860,8,-1.7421787399700426,0.1950979375508331,0.0
861,0,0.0,0.0,0.0
861,1,2.3239365678667667,-0.6346780149014399,0.0
861,2,2.3993627803109097,-1.941681080053161,0.0
861,3,1.600924787481286,-1.7351780040761438,0.0
861,4,1.8858492734273464,-0.47607242451931153,0.0
861,5,4.29010147127085,2.55583336936303,0.0
862,0,0.0,0.0,0.0
862,1,0.2869452255870206,-0.5151526088837932,0.0
862,2,-1.694467885799049,0.9850356393154829,0.0
862,3,-1.6835923294856416,0.14401189294270994,0.0
862,4,-1.5484538169812505,-0.9081692599897071,0.0
862,5,-2.5393717269563285,-1.7689426677583224,0.0
862,6,-1.6988651981058833,-0.06267574713342788,0.0
862,7,-1.640049023505626,1.2213795813187862,0.0
862,8,0.7218677055393117,0.4863636052394666,0.0
862,9,-0.7903083025480311,1.840914638121045,0.0
862,10,0.22771498779013877,-0.21050935066977466,0.0
863,0,0.0,0.0,0.0
863,1,-2.510979331964488,0.5887559394601714,0.0
863,2,-1.9610041097276825,-0.5683038742531961,0.0
864,0,0.0,0.0,0.0
864,1,2.3389895224146726,-0.07061270798543046,0.0
864,2,2.568839679700791,-1.5310409118254147,0.0
864,3,2.7325871543281632,-2.8487667262497705,0.0
865,0,0.0,0.0,0.0
865,1,-2.479571071330522,1.0865298751406915,0.0
865,2,-2.336756706774844,0.7594564807428775,0.0
865,3,1.2759555214260563,0.4083982406552219,0.0
866,0,0.0,0.0,0.0
866,1,-1.1572890819855877,-1.2189831962194806,0.0
866,2,-0.7651725037996688,-0.026316919769230784,0.0
867,0,0.0,0.0,0.0
867,1,2.550782204971927,-3.2940538497030114,0.0
867,2,0.5140250444678617,-2.3175745225490925,0.0
867,3,-0.5846313265502184,-1.500183798444139,0.0
867,4,-0.4357956724251486,0.037116143033572246,0.0
867,5,-1.1305908822257242,-0.20859803017531098,0.0
867,6,0.20207726296890038,0.5384965000601301,0.0
867,7,-0.39435241936114096,-1.0550211922167212,0.0
868,0,0.0,0.0,0.0
868,1,0.09222102549915823,-1.7888845517000243,0.0
868,2,0.38859575565739535,-1.0855833024246913,0.0
869,0,0.0,0.0,0.0
869,1,-0.9991302123810473,-1.7546211886953476,0.0
869,2,-2.959104851279042,-0.6501276592944651,0.0
870,0,0.0,0.0,0.0
870,1,0.7724652179413051,-0.8467929801737886,0.0
870,2,0.8373886090289214,-0.9283989591739727,0.0
870,3,0.6162452784631806,-0.8313406488938588,0.0
870,4,-0.6210704339677967,1.8127482590615542,0.0
871,0,0.0,0.0,0.0
871,1,1.9469507437006586,1.4421877078043175,0.0
871,2,0.8482585430299922,1.1214406908307333,0.0
871,3,-0.17631924905120255,1.841817296014501,0.0
871,4,0.06518263600901308,0.004944394604378566,0.0
871,5,-2.743175488249449,1.9808256091094316,0.0
871,6,-1.0516221699942592,0.4206078606763055,0.0
871,7,-1.0642424672069661,0.3734380257303529,0.0
871,8,-0.46145594824969527,0.11794600146076539,0.0
871,9,-2.280193954826754,0.5731071975143509,0.0
871,10,-2.9704728379135568,1.6993547269494165,0.0
871,11,-3.177196065651325,2.191396630629978,0.0
872,0,0.0,0.0,0.0
872,1,0.5954536385635019,1.5242286314450522,0.0
872,2,1.0489173967487582,0.9555991560006468,0.0
872,3,-0.10088921889178064,3.5337127376276696,0.0
872,4,2.1879286256490764,3.1582733933397025,0.0
872,5,1.8956224160992388,0.5639456362168673,0.0
873,0,0.0,0.0,0.0
873,1,-0.26114105550592925,2.3210976371248044,0.0
873,2,-0.19875410091018053,2.618088936441703,0.0
874,0,0.0,0.0,0.0
874,1,0.03658094894219277,1.4852805404557332,0.0
874,2,1.4227312730203514,-0.9774259712406366,0.0
874,3,1.4751345728637948,0.06539489508081031,0.0
875,0,0.0,0.0,0.0
875,1,1.237634167862891,1.4267876418908907,0.0
875,2,0.6027376905253965,1.4448141229108153,0.0
876,0,0.0,0.0,0.0
876,1,0.411016510723605,2.0887167337283836,0.0
876,2,-0.9661484977262071,3.898883562589944,0.0
877,0,0.0,0.0,0.0
877,1,-0.1623721263761997,-1.7460479826906588,0.0
877,2,-3.8870259841808807,-1.8022838050696266,0.0
877,3,-2.2662594382100574,0.21495890523955685,0.0
877,4,-0.7829173690023821,-0.21338252726810514,0.0
877,5,-1.6978330229420338,-1.7427052897695299,0.0
878,0,0.0,0.0,0.0
878,1,1.3162322608278072,0.625967390475431,0.0
878,2,-0.49544164161518633,-1.3339812695417348,0.0
878,3,-0.7656272006426139,-0.7917664408893277,0.0
879,0,0.0,0.0,0.0
879,1,-0.6173272507050205,-1.9486978621302145,0.0
879,2,-2.9254836583844304,1.0987592685761216,0.0
879,3,-0.13647971277029147,0.45128829117893443,0.0
879,4,-0.6233276617056902,0.43358168350685167,0.0
880,0,0.0,0.0,0.0
880,1,1.5647654977845964,-0.5692114140559391,0.0
880,2,1.8982283218150648,1.0703561926946206,0.0
880,3,3.6510834626180264,-1.8622160705599806,0.0
880,4,3.730021363458845,0.7611467185533023,0.0
880,5,1.2278509512520712,1.100263441109946,0.0
880,6,2.917570915264194,-2.301363788230572,0.0
880,7,-0.049235194826623196,0.2122714332353639,0.0
880,8,-0.5118393700814428,1.5824299947679483,0.0
880,9,-1.5283722859282178,1.821839271149595,0.0
880,10,-0.6456168244789733,0.9323412989851612,0.0
880,11,0.0165563160364417,-1.5214715925870284,0.0
880,12,0.4502991843583557,-0.5888196401657676,0.0
880,13,-0.02264352792281743,-1.1096830588225985,0.0
881,0,0.0,0.0,0.0
881,1,1.2196105241325241,2.54498626123464,0.0
881,2,0.015438180332389972,1.40863139356345,0.0
881,3,-1.0007825027657375,2.36885143252327,0.0
881,4,-1.42126987145086,2.460948939673428,0.0
882,0,0.0,0.0,0.0
882,1,0.6194327236049979,2.6201049917526102,0.0
882,2,0.20280137758303685,2.365012264581676,0.0
882,3,1.7843858286551906,0.13120046079296116,0.0
883,0,0.0,0.0,0.0
883,1,0.01927036057814724,-0.27310163769759654,0.0
883,2,0.9419671823099753,1.216221091575976,0.0
883,3,-0.7324661383010931,1.889221167722164,0.0
883,4,-0.010275925261133079,1.4485366509142574,0.0
884,0,0.0,0.0,0.0
884,1,0.29559851156067235,-0.9123996215255836,0.0
884,2,2.565957597501851,-0.5808365880882569,0.0
885,0,0.0,0.0,0.0
885,1,2.1933627667422337,1.3435275943427891,0.0
885,2,1.7777884817452656,2.155599873055678,0.0
885,3,0.07973615847113147,1.8991647768130449,0.0
886,0,0.0,0.0,0.0
886,1,-1.5331619032853352,2.686232943380155,0.0
886,2,-1.5837915690900515,0.851856740096013,0.0
886,3,-1.606324613812182,1.3425802248407925,0.0
887,0,0.0,0.0,0.0
887,1,0.6011936810477418,1.2838001792477678,0.0
887,2,0.3339438486374504,0.29764049835676876,0.0
888,0,0.0,0.0,0.0
888,1,0.825640180270495,-0.5371192085172958,0.0
888,2,0.8054344758332499,-1.3478568659793053,0.0
888,3,0.701094552825422,-0.08999228849708119,0.0
888,4,1.4536316152716573,-1.9245865244184392,0.0
889,0,0.0,0.0,0.0
889,1,-0.6279336790043407,2.026754520650529,0.0
889,2,-0.8373758568487383,3.6076001895041143,0.0
890,0,0.0,0.0,0.0
890,1,-1.5995855241924715,0.08176944255829194,0.0
890,2,-0.6745420490211039,0.09618470040667854,0.0
891,0,0.0,0.0,0.0
891,1,-2.2328705862928784,1.629891772125677,0.0
891,2,1.1344883119061864,2.099535238996466,0.0
891,3,0.1834441433024977,1.4008077145139683,0.0
891,4,-0.3187900333276956,0.8553140926684368,0.0
891,5,-2.4273100915297534,2.30833317576022,0.0
892,0,0.0,0.0,0.0
892,1,2.580774114932353,-0.519875574168991,0.0
892,2,2.9408301901385743,-0.17311637975155414,0.0
892,3,2.6302434123179763,-0.41812378774174364,0.0
893,0,0.0,0.0,0.0
893,1,-1.8216893018118658,-4.616293511447989,0.0
893,2,-0.12782477382188812,-0.8185502901564985,0.0
894,0,0.0,0.0,0.0
894,1,0.07780400922653419,-0.46874012303336426,0.0
894,2,1.8574484942520377,-0.6329705282186985,0.0
894,3,-1.8665841941392447,-0.007852389085124978,0.0
894,4,-2.5571595014027917,-0.7009622081971267,0.0
894,5,-3.016141326787154,-1.8433673764379765,0.0
894,6,-2.7773800817001852,-1.6488981163104866,0.0
895,0,0.0,0.0,0.0
895,1,1.1589486862042335,1.110982559527046,0.0
895,2,1.3283325310964056,-1.1191241677747414,0.0
896,0,0.0,0.0,0.0
896,1,-0.937785850640042,1.4623185100955864,0.0
896,2,0.5039659438426081,0.3615178136445629,0.0
897,0,0.0,0.0,0.0
897,1,2.04858715522501,-0.8330842781482095,0.0
897,2,2.0036576621300575,-1.109255903352906,0.0
898,0,0.0,0.0,0.0
898,1,1.4443936979669516,1.854733574283157,0.0
898,2,-0.12279841341640751,1.0588823534226786,0.0
898,3,0.006834858925076737,1.6883300794560516,0.0
899,0,0.0,0.0,0.0
899,1,-2.4794943997930887,-1.4796400021599563,0.0
899,2,-1.4944508809776207,-2.404118007775862,0.0
900,0,0.0,0.0,0.0
900,1,-2.141266374218032,-1.1853197242755198,0.0
900,2,-1.9631534583252872,-1.9853597138115606,0.0
900,3,-1.0016356867790543,-1.2039231595163986,0.0
900,4,-0.744972984118201,-1.6918063160138324,0.0
900,5,-2.185382878906028,-0.42819483780045475,0.0
901,0,0.0,0.0,0.0
901,1,-0.35348609319487767,-0.0002744983736548967,0.0
901,2,-0.7135175986772315,-0.31324156583058715,0.0
901,3,-1.2093414788463053,-0.1136842551751398,0.0
901,4,-2.0468981337841416,-0.5881809397444178,0.0
902,0,0.0,0.0,0.0
902,1,-2.803152050618095,0.7001386526922135,0.0
902,2,-0.08866181364554765,0.4353849704040984,0.0
903,0,0.0,0.0,0.0
903,1,0.3053808972152459,-1.5788124791663016,0.0
903,2,1.3486282278894473,-3.5324427314160247,0.0
903,3,2.1902001763410146,-3.7328809073351006,0.0
904,0,0.0,0.0,0.0
904,1,0.6851254032067728,0.7734984970410196,0.0
904,2,0.29050073291842926,0.6914207194124746,0.0
905,0,0.0,0.0,0.0
905,1,-0.60376750363144,-0.16891829204708142,0.0
905,2,1.200185997983298,-2.0055744730665808,0.0
906,0,0.0,0.0,0.0
906,1,0.042041133418580734,1.495606916350287,0.0
906,2,-0.9115553585691638,-1.5645373509764646,0.0
906,3,1.3542274590330539,1.943636253047215,0.0
906,4,-0.8075411148906346,0.7685527991774641,0.0
906,5,0.4264052003980825,0.8004697210788143,0.0
906,6,-0.5057938496886787,1.2892707132698373,0.0
907,0,0.0,0.0,0.0
907,1,-0.27104999980206523,1.8833522225868635,0.0
907,2,0.37126382777588063,0.14605258959279588,0.0
907,3,0.4360223941170851,-0.8495864448991263,0.0
908,0,0.0,0.0,0.0
908,1,-0.3801367052142246,-0.8908506294034726,0.0
908,2,-0.20703046052421348,-2.2224586224085345,0.0
908,3,-0.8121348310360736,-1.798611380975416,0.0
909,0,0.0,0.0,0.0
909,1,0.23230493245905492,-0.3116381916644345,0.0
909,2,0.5428712409183702,-0.4060885498043717,0.0
909,3,1.8997797246402948,0.4228910037762412,0.0
910,0,0.0,0.0,0.0
910,1,-0.9410989822459053,0.04458924551308718,0.0
910,2,-0.05475816818871815,1.9195808704485402,0.0
910,3,0.17078067945167652,2.2179710019392496,0.0
911,0,0.0,0.0,0.0
911,1,-0.9828308472618479,-0.9268365386111775,0.0
911,2,-2.8348225994592324,-2.162064388480224,0.0
912,0,0.0,0.0,0.0
912,1,1.1262368640512868,1.2896373390749198,0.0
912,2,2.479235469403961,-1.1282718998803343,0.0
913,0,0.0,0.0,0.0
913,1,1.5790093058906474,0.39228326325323515,0.0
913,2,1.2675291292469726,-1.6722940844110146,0.0
913,3,0.5109639172064382,0.7508957293452387,0.0
913,4,-0.23009577615123433,0.6498347833042133,0.0
914,0,0.0,0.0,0.0
914,1,1.2219441431584983,1.7414526594727993,0.0
914,2,0.9378209063655715,0.46438584518215476,0.0
914,3,-1.3796167742452332,-0.2205635038434003,0.0
914,4,-1.0076852927087496,0.2349466213030188,0.0
915,0,0.0,0.0,0.0
915,1,-0.7355650946565762,0.2977055126365983,0.0
915,2,-0.2485512277044848,-0.4525460615433808,0.0
915,3,-0.03171389153717241,-1.336401241448937,0.0
916,0,0.0,0.0,0.0
916,1,-1.210816717636439,-1.3189323150431196,0.0
916,2,-3.3749624284234634,-4.001805849066045,0.0
917,0,0.0,0.0,0.0
917,1,1.753101611959185,-0.08438359354832758,0.0
917,2,1.737030908110014,1.0369877709978184,0.0
918,0,0.0,0.0,0.0
918,1,-0.1203919349624416,0.27454972798835575,0.0
918,2,0.3525255043559359,1.129074268836811,0.0
919,0,0.0,0.0,0.0
919,1,1.0713406912322407,-0.08455715320953883,0.0
919,2,-0.21994487652233707,0.2786052871083655,0.0
919,3,1.8971387732378295,1.448935444547929,0.0
920,0,0.0,0.0,0.0
920,1,-2.4524186597340125,0.6867044205867255,0.0
920,2,-2.5526343632476642,-1.7829218136675227,0.0
920,3,-2.107984412295193,-0.02581751915228947,0.0
921,0,0.0,0.0,0.0
921,1,-0.3392797200043831,-0.011259984374949017,0.0
921,2,-0.48020066275440554,-1.1802820465204713,0.0
922,0,0.0,0.0,0.0
922,1,-0.8100230486207618,-0.3064568589500018,0.0
922,2,0.49567857073483745,1.3506820483415223,0.0
922,3,1.6363296501853197,1.7661690176079028,0.0
922,4,1.9967417805718495,2.1063105301064615,0.0
923,0,0.0,0.0,0.0
923,1,0.6782954124312295,2.0171844572740403,0.0
923,2,-0.04934947535936951,1.8004276154947996,0.0
923,3,-1.1737659371776146,2.549601885483402,0.0
923,4,-0.6157898114489373,4.389085825357281,0.0
924,0,0.0,0.0,0.0
924,1,-0.21315333247913915,2.231024930279242,0.0
924,2,-0.6977794291253141,0.8115553754263294,0.0
925,0,0.0,0.0,0.0
925,1,-1.5995401750239404,-0.4518801284536895,0.0
925,2,-1.3657988997799557,-2.4350640711592577,0.0
925,3,0.36789071252973937,-0.9865184841541335,0.0
925,4,-1.3221253472779702,-2.5867894495886374,0.0
925,5,1.0484923165914823,-1.9521751020191629,0.0
925,6,2.1057194537402917,-3.820441367252099,0.0
925,7,0.6702242038518665,-2.837375549818925,0.0
926,0,0.0,0.0,0.0
926,1,0.9911770338281585,-2.5778281340426754,0.0
926,2,1.1357580176938997,-2.763304975986366,0.0
927,0,0.0,0.0,0.0
927,1,-0.4071289629533952,0.038739823049783295,0.0
927,2,0.06559640392491972,-0.5287886655889343,0.0
927,3,1.1181711985455374,-1.647863997688213,0.0
927,4,0.9108475562638243,-3.0451938208528713,0.0
927,5,0.6662600209077334,-2.386941917422,0.0
927,6,-3.3691778722149746,-2.1689301504985123,0.0
927,7,-1.3786026652979293,-1.7087709834538112,0.0
927,8,0.7379543401373596,-1.2268221814703968,0.0
927,9,0.6626023082656314,-1.589026377441197,0.0
928,0,0.0,0.0,0.0
928,1,0.04597653344224106,-1.1649633503758232,0.0
928,2,2.5085649152820895,-0.6441419933324632,0.0
928,3,0.8561797798894675,-0.8394453565814377,0.0
929,0,0.0,0.0,0.0
929,1,0.5994018269147026,2.189296632977397,0.0
929,2,1.425289329403796,2.2016871244861633,0.0
930,0,0.0,0.0,0.0
930,1,0.4156383037614537,-1.2307444413599653,0.0
930,2,-0.9156767394369332,0.5070200332241608,0.0
930,3,-1.2030936397162135,-0.23479828678385584,0.0
930,4,-0.28612218402601,-1.1922241437805532,0.0
931,0,0.0,0.0,0.0
931,1,-1.0829093653861,2.29183399541004,0.0
931,2,-0.2889886690418696,-0.26982693507458655,0.0
932,0,0.0,0.0,0.0
932,1,-0.09521721679551015,0.33732273393110734,0.0
932,2,-0.8525849057515855,1.2632225225590883,0.0
932,3,-0.20289918626327083,1.4985267684653976,0.0
932,4,1.318349657917563,3.0366879319376654,0.0
933,0,0.0,0.0,0.0
933,1,-2.6131689893277925,0.46297951744758903,0.0
933,2,-1.526165331686102,-0.02487211899946251,0.0
933,3,-1.9894756352821896,-3.029094718543836,0.0
934,0,0.0,0.0,0.0
934,1,0.3086787460029692,1.2309359687837746,0.0
934,2,1.8725213768365667,2.5199766024353774,0.0
934,3,1.1361616440600835,1.3184223717841796,0.0
935,0,0.0,0.0,0.0
935,1,-1.2252927084449217,0.6426848636606568,0.0
935,2,0.7375461935757589,0.31625556109749997,0.0
935,3,0.45397823548692406,2.6088204234193775,0.0
935,4,0.4017944199221767,0.6211370161186158,0.0
936,0,0.0,0.0,0.0
936,1,0.29576596423703494,2.392976455600127,0.0
936,2,0.7246909301495772,2.0828828265587536,0.0
936,3,-0.12674394013572798,3.1163651663092606,0.0
937,0,0.0,0.0,0.0
937,1,2.6906059098142623,2.018495899295566,0.0
937,2,2.600944564033719,1.9517398638397663,0.0
937,3,2.637263915982234,1.6147767856478148,0.0
937,4,2.87813249144498,1.655891133068042,0.0
937,5,3.733145665104814,0.7724812992785912,0.0
937,6,3.496673881104794,2.1213363782969616,0.0
937,7,2.7216852773857805,1.806702545544208,0.0
937,8,4.28354880987041,1.002069349410636,0.0
937,9,2.8762905112925647,1.0200518452661265,0.0
937,10,1.7869755273320378,-0.28232546671834013,0.0
938,0,0.0,0.0,0.0
938,1,-0.9806016371259476,0.02738823037315452,0.0
938,2,-0.725379759011868,-0.6689767053134815,0.0
938,3,-2.4951387774324623,0.6357494595941509,0.0
939,0,0.0,0.0,0.0
939,1,-0.5331654053978312,0.9366250424654514,0.0
939,2,-1.1414721672027102,1.3505884731122968,0.0
939,3,-1.7547456444127807,0.2000678586352284,0.0
940,0,0.0,0.0,0.0
940,1,0.1577904411039337,1.0561580297125968,0.0
940,2,-3.342087867605939,0.46325621808539275,0.0
940,3,-4.1420354866771145,-0.3375812465512875,0.0
940,4,-4.921574614204332,0.29704385883163065,0.0
940,5,-3.0101162460276036,1.2466273715213134,0.0
940,6,-1.3757785531140987,2.345742702105449,0.0
940,7,-1.7228877692925704,1.4911787276564439,0.0
941,0,0.0,0.0,0.0
941,1,-1.4975048748833997,-1.6852779896713665,0.0
941,2,-0.9048329729425871,-1.5962071808575025,0.0
941,3,-0.7209004360967596,-1.4907191311683636,0.0
942,0,0.0,0.0,0.0
942,1,2.0485589023843884,0.12006319999860215,0.0
942,2,1.1856997753048777,-0.6862052095096749,0.0
943,0,0.0,0.0,0.0
943,1,-0.5319567767377139,0.6464061172061046,0.0
943,2,-1.8658274875353107,-0.5720943436046979,0.0
944,0,0.0,0.0,0.0
944,1,0.6286854718249776,-1.550114907521221,0.0
944,2,2.890469955331817,-1.4309041233287831,0.0
945,0,0.0,0.0,0.0
945,1,-2.1066745936373135,-0.7200434996637206,0.0
945,2,-1.292410942771558,-0.6399542769771855,0.0
946,0,0.0,0.0,0.0
946,1,0.7073890333071291,-0.2870382409067327,0.0
946,2,0.3295935773351223,0.5499651874021123,0.0
947,0,0.0,0.0,0.0
947,1,0.20111452612586622,1.043293877130066,0.0
947,2,2.443009631500648,-1.2299372188685218,0.0
948,0,0.0,0.0,0.0
948,1,-0.4806423355772879,-2.5125559438461846,0.0
948,2,-1.702395233000674,-0.49890692262067854,0.0
948,3,-3.6133061309101153,-0.03286613338630667,0.0
948,4,-4.374321192428561,-1.7219530239464669,0.0
948,5,-3.5384117337308694,-1.3477797918203085,0.0
948,6,-4.298659562029594,0.5092434017277545,0.0
948,7,-4.809449467586696,-2.03821664895365,0.0
948,8,-4.201139157266185,-1.8054946855598293,0.0
949,0,0.0,0.0,0.0
949,1,-0.5972404245680077,-0.7785557076523046,0.0
949,2,0.8274488433079555,-0.6216675052381435,0.0
950,0,0.0,0.0,0.0
950,1,-1.4390165896951652,0.748953813794501,0.0
950,2,-2.0558849861217645,0.004026549817929048,0.0
950,3,-1.9774433284008448,1.745374996452907,0.0
950,4,-1.7877313220051154,1.3201590960961311,0.0
951,0,0.0,0.0,0.0
951,1,-0.42613675407362367,0.7665418913329498,0.0
951,2,-1.3944846474915644,1.027692234926128,0.0
951,3,0.13304568386139642,2.838664017867143,0.0
951,4,0.018465360669210895,3.5521281478599134,0.0
951,5,-0.008050161156211877,5.739607362774541,0.0
951,6,0.5948625081106946,3.343945265639671,0.0
952,0,0.0,0.0,0.0
952,1,-1.7934029413564403,-0.7319784379837658,0.0
952,2,2.0141985757242717,-1.4595476473573736,0.0
953,0,0.0,0.0,0.0
953,1,-1.1072222177173061,-0.9267314303234389,0.0
953,2,1.4525794627472068,0.34356273010175764,0.0
953,3,-2.5439809828334816,1.0717010997052794,0.0
953,4,-2.193954403714383,0.25085305272354486,0.0
954,0,0.0,0.0,0.0
954,1,0.20933069948870697,0.7050758640419557,0.0
954,2,1.3371396402790252,0.44497310466777984,0.0
954,3,3.071893799230068,-0.07237113548183016,0.0
955,0,0.0,0.0,0.0
955,1,0.7792577967955726,-1.8014865917968483,0.0
955,2,0.67077650924622,0.9362591340976791,0.0
955,3,0.31378392037316394,0.4003282619963793,0.0
956,0,0.0,0.0,0.0
956,1,0.5749742463801641,-0.33726918111774307,0.0
956,2,0.08701026834622838,-0.8389236550741765,0.0
956,3,-0.5409902500831182,0.17208154400368803,0.0
957,0,0.0,0.0,0.0
957,1,-0.7662573190946467,-2.5366676318040087,0.0
957,2,0.47227748322315954,-4.243387474012558,0.0
957,3,1.8880483880192418,-1.7009698511072924,0.0
958,0,0.0,0.0,0.0
958,1,-0.09106174762003816,-2.9323917315038717,0.0
958,2,-1.2960124067273742,0.0964512583478519,0.0
958,3,-1.1292592511710122,-0.49676825452534995,0.0
958,4,-0.2919310142372691,-2.312119021222575,0.0
958,5,0.6929011398252465,-1.6297772056992301,0.0
959,0,0.0,0.0,0.0
959,1,-0.9443299275471396,-0.12583909955029954,0.0
959,2,-2.497306137804422,-1.349045748758414,0.0
959,3,0.6983551971005247,-1.6147508120357759,0.0
960,0,0.0,0.0,0.0
960,1,1.2140640015876558,-0.792188969706617,0.0
960,2,1.787048386815227,-0.7721161928631742,0.0
960,3,0.6978300648966637,1.4220242012382873,0.0
960,4,1.7313214034905906,0.09996223034247242,0.0
961,0,0.0,0.0,0.0
961,1,1.762052159363772,-2.159269386933429,0.0
961,2,0.709837106921964,-0.6210538648236883,0.0
962,0,0.0,0.0,0.0
962,1,-3.6144193654785095,2.295847847751688,0.0
962,2,-3.066749817612571,1.677227238568125,0.0
962,3,-0.25159147558782546,3.010169585539577,0.0
962,4,-0.10355127017597043,0.7279613119960424,0.0
963,0,0.0,0.0,0.0
963,1,1.8367062377156798,0.3954180882222601,0.0
963,2,2.4603298880032973,1.3553560858340987,0.0
963,3,1.1663534268890157,-1.2064846744391347,0.0
964,0,0.0,0.0,0.0
964,1,-1.4370600499590314,0.414420460720386,0.0
964,2,-2.5270509746389207,-0.9330731134174826,0.0
964,3,-1.729216005079992,-1.3912146831706365,0.0
964,4,-2.9767506148433265,-4.196906219776433,0.0
964,5,-3.774369007133167,-5.7134694842872245,0.0
965,0,0.0,0.0,0.0
965,1,3.0569094938281904,1.6220359398666089,0.0
965,2,2.815428638777895,0.7034406563403137,0.0
966,0,0.0,0.0,0.0
966,1,-1.0128145952994603,0.8002354443544433,0.0
966,2,-1.9661392809987124,0.31707162743497985,0.0
966,3,-2.4161633512652356,1.960993549342642,0.0
966,4,-0.9963108386320345,0.8458583373418194,0.0
966,5,-1.196354124974727,-0.5016885045232442,0.0
967,0,0.0,0.0,0.0
967,1,1.7385004311418428,-2.1569848460578673,0.0
967,2,2.5502073069327675,-3.56798625988838,0.0
968,0,0.0,0.0,0.0
968,1,0.5691215828613321,1.895960604277129,0.0
968,2,1.8669033721881254,1.205252523012904,0.0
968,3,2.813658973965391,0.6454889698311305,0.0
969,0,0.0,0.0,0.0
969,1,1.1692300073603374,1.2059442232147883,0.0
969,2,0.8528922601560635,0.4841084372116029,0.0
970,0,0.0,0.0,0.0
970,1,0.9165174787351806,1.3055456866187287,0.0
970,2,3.7118741619297615,-0.3400191826862823,0.0
970,3,4.2920068605299635,-0.8406875382629798,0.0
970,4,6.468766395605854,-2.4964371912104895,0.0
970,5,4.26855996940569,-3.165897363467157,0.0
970,6,6.1731980235981005,-1.0838565517934142,0.0
970,7,4.247107293926527,-0.4413280408227963,0.0
970,8,2.740954243222178,-1.5076051116658167,0.0
971,0,0.0,0.0,0.0
971,1,0.9751629829067483,-0.4070560962748384,0.0
971,2,-0.126361762220486,-1.5552823750791527,0.0
971,3,-1.0366411712793613,0.45546977339647876,0.0
971,4,0.8118658891143331,0.6010750935427676,0.0
971,5,1.488412503662802,0.24430296875775537,0.0
972,0,0.0,0.0,0.0
972,1,0.6242406839888439,-0.1957376013342884,0.0
972,2,0.18759224727338686,-0.22873185965128373,0.0
972,3,0.07930835844917726,-0.4326022786315402,0.0
972,4,-0.2833118685714606,-0.5367917764389929,0.0
972,5,-0.734181395383025,-1.9981838155107219,0.0
972,6,1.8962574670879748,-1.3018568569975986,0.0
973,0,0.0,0.0,0.0
973,1,-0.9993704506099055,-0.3484231389165564,0.0
973,2,2.6220622782250578,2.459122795882356,0.0
974,0,0.0,0.0,0.0
974,1,-0.9823897988783785,1.701929334460067,0.0
974,2,-0.03108775356781196,1.9607070541727016,0.0
974,3,-0.637367574141553,2.0231016947168015,0.0
975,0,0.0,0.0,0.0
975,1,-0.617129839415359,-1.172407449347353,0.0
975,2,0.8055958989119538,-1.3892453556516853,0.0
975,3,0.3519541100617478,-2.144266048709056,0.0
975,4,-0.2894546744355946,0.21857825978485262,0.0
975,5,0.7531363932733723,0.8758025310069475,0.0
975,6,0.9662827003403927,-0.2260765982488669,0.0
976,0,0.0,0.0,0.0
976,1,-0.7215731200656159,2.710720582485632,0.0
976,2,1.378587689470227,0.8263879996992842,0.0
977,0,0.0,0.0,0.0
977,1,-0.6305699671338617,1.8278085521562886,0.0
977,2,-1.773220346780246,1.896912177245176,0.0
978,0,0.0,0.0,0.0
978,1,1.4518936938250937,-0.6369258741910044,0.0
978,2,2.597922364094697,-0.06572908661723698,0.0
979,0,0.0,0.0,0.0
979,1,1.1803133303438906,-0.3001576907552565,0.0
979,2,0.3008898086033325,0.27586545382066213,0.0
980,0,0.0,0.0,0.0
980,1,0.2507761002245972,0.9318401532440546,0.0
980,2,0.058556815283195895,0.8256997976181841,0.0
980,3,-1.917036077548365,0.5619844560085294,0.0
981,0,0.0,0.0,0.0
981,1,0.5340814404597523,0.4298150446349025,0.0
981,2,1.3073796567871074,-0.1512883699759322,0.0
982,0,0.0,0.0,0.0
982,1,1.1684123992990167,4.052810371851382,0.0
982,2,1.96978655012226,2.9509802193939882,0.0
983,0,0.0,0.0,0.0
983,1,1.7226549137525016,0.31976678273290277,0.0
983,2,1.6679173786369077,-1.7067953759281966,0.0
984,0,0.0,0.0,0.0
984,1,0.13263235286358066,3.5150244363102603,0.0
984,2,0.23353936882212278,5.551120858814314,0.0
984,3,1.2741259186293223,3.9896412025241985,0.0
984,4,0.967888628282091,3.040391977237026,0.0
984,5,2.0707226487056003,4.181948828347947,0.0
984,6,1.141794725298546,2.4939478223486238,0.0
985,0,0.0,0.0,0.0
985,1,-1.592036424483125,0.3132308799992855,0.0
985,2,-2.5979283593440043,3.401155938888638,0.0
986,0,0.0,0.0,0.0
986,1,1.4858201264496558,0.15945296020160615,0.0
986,2,0.1190390536156527,2.924335067399855,0.0
987,0,0.0,0.0,0.0
987,1,-0.9006230548201111,-1.560733323618522,0.0
987,2,1.331344988155799,-1.4681464315244377,0.0
988,0,0.0,0.0,0.0
988,1,0.4518469658422697,-0.44229092643660894,0.0
988,2,1.6929529418202376,-0.6712202575281633,0.0
989,0,0.0,0.0,0.0
989,1,0.10119847146446692,1.065634469326299,0.0
989,2,0.3152447724347442,-0.7792576520347101,0.0
990,0,0.0,0.0,0.0
990,1,0.39066401223226327,1.2678524207543347,0.0
990,2,-0.04420737520262036,-0.9857399836634714,0.0
990,3,1.5723979008090505,-2.119663723989779,0.0
991,0,0.0,0.0,0.0
991,1,-1.262281238002618,0.5317902763417188,0.0
991,2,0.5362370749685239,1.3647072724669684,0.0
992,0,0.0,0.0,0.0
992,1,1.3753646807195712,-0.859672513697914,0.0
992,2,1.7494590214269088,-2.793158096667935,0.0
993,0,0.0,0.0,0.0
993,1,-1.780006248227926,0.9075255738866481,0.0
993,2,-1.4799208793717384,1.449293092289591,0.0
994,0,0.0,0.0,0.0
994,1,0.6407002618971043,-0.7969858408900219,0.0
994,2,-0.10159177107228545,-2.20607989898872,0.0
994,3,0.028238734437814217,-1.4819186651637444,0.0
994,4,0.01189911375927083,0.44972883984373135,0.0
995,0,0.0,0.0,0.0
995,1,1.8973297743783064,1.7383337902630231,0.0
995,2,1.6390742262617712,2.244706180365357,0.0
995,3,0.9648143575751941,3.5731298437015235,0.0
995,4,2.7019607074397642,3.915413523220515,0.0
996,0,0.0,0.0,0.0
996,1,2.154568887203563,1.0985660783232536,0.0
996,2,4.013833389033681,-0.2674512073975617,0.0
996,3,2.3810427335945583,-1.249438667892044,0.0
996,4,0.6339751387075325,-1.7838020428651882,0.0
996,5,2.074986354893078,-0.6538773369586011,0.0
996,6,3.306655116381206,-0.4009166006961502,0.0
996,7,2.9462649902077347,1.5492829411619127,0.0
997,0,0.0,0.0,0.0
997,1,1.8372234412674315,1.5714694921965662,0.0
997,2,1.1459756116871085,1.0289084088601146,0.0
998,0,0.0,0.0,0.0
998,1,-0.43692981442194323,1.2899453438264903,0.0
998,2,-0.3491596579217796,2.3783834550655074,0.0
998,3,-1.9476710209737509,2.1343615148915718,0.0
998,4,-0.9930724022918779,1.1245384361741007,0.0
999,0,0.0,0.0,0.0
999,1,0.9607805044428825,-2.3567047960258436,0.0
999,2,1.8674938837084747,-1.747429115685848,0.0
999,3,0.13521106429948015,-1.6233865162597225,0.0
1000,0,0.0,0.0,0.0
1000,1,2.7361496205634124,2.010721224085378,0.0
1000,2,3.11585948279412,1.207194212946147,0.0
1000,3,4.134846252162872,-0.7077422758645793,0.0
1000,4,4.018487579915861,-0.13859920761776023,0.0
1000,5,3.790370303417666,0.831863941574521,0.0
1000,6,1.6144087309857953,-1.3674379387523345,0.0
1001,0,0.0,0.0,0.0
1001,1,-2.0113809227183643,2.1080693043619,0.0
1001,2,-1.0451964242520329,0.23511397894731845,0.0
1001,3,-1.558660102025626,3.3903139102877367,0.0
1002,0,0.0,0.0,0.0
1002,1,0.1732254303290126,2.1206866663004673,0.0
1002,2,-2.0417558268202427,1.3089694550243944,0.0
1002,3,-2.0458506480662195,1.791632141462559,0.0
1003,0,0.0,0.0,0.0
1003,1,0.6280676548224665,-0.5834791960987493,0.0
1003,2,0.5073997913963364,1.4305433659944495,0.0
1004,0,0.0,0.0,0.0
1004,1,1.0881999521315007,-1.1858154838439128,0.0
1004,2,1.2425526233619952,-2.2919400627292053,0.0
1004,3,0.2851471902402305,-1.089093020905103,0.0
1005,0,0.0,0.0,0.0
1005,1,-0.9308073016267101,0.4444899538721212,0.0
1005,2,-0.5360913219887694,-1.4362369714707446,0.0
1005,3,1.249352300970624,0.6217865579122939,0.0
1005,4,-1.0448058308156098,1.166666340689078,0.0
1005,5,-2.617537963565606,0.4731671225089338,0.0
1006,0,0.0,0.0,0.0
1006,1,-1.0678565428221947,1.619511554885282,0.0
1006,2,-0.4572806053874734,-0.7470281643324057,0.0
1007,0,0.0,0.0,0.0
1007,1,-1.8787632240607264,1.5644179084825383,0.0
1007,2,-0.4085728098378538,-0.8088421901531837,0.0
1008,0,0.0,0.0,0.0
1008,1,0.39257334387345244,3.896927180989962,0.0
1008,2,0.35119792583381226,1.6705787397655079,0.0
1009,0,0.0,0.0,0.0
1009,1,-2.577529314869318,1.2257158722424666,0.0
1009,2,-0.6296635120263817,2.2696213608288733,0.0
1009,3,-1.2927480229677035,3.1182151969078227,0.0
1009,4,-1.7516481979925917,3.050854006662285,0.0
1010,0,0.0,0.0,0.0
1010,1,-1.383426046183959,-2.9795701376783574,0.0
1010,2,-1.1887705067778942,-1.4429614557349788,0.0
1010,3,-1.0096266081165544,-0.9078917455483526,0.0
1011,0,0.0,0.0,0.0
1011,1,1.7563706550931162,1.4800240525070965,0.0
1011,2,1.1227254624417757,1.7144290182974482,0.0
1011,3,0.7507629322036428,2.0144280001087456,0.0
1011,4,2.3813714852291357,1.0999964127120807,0.0
1011,5,2.368512244682487,2.7928335750476467,0.0
1012,0,0.0,0.0,0.0
1012,1,-0.5777310673267653,-0.18193467068661984,0.0
1012,2,1.4272964057168873,-1.9854594407474644,0.0
1013,0,0.0,0.0,0.0
1013,1,-0.20649287905418068,-1.778258712726027,0.0
1013,2,0.859645049389242,-1.4239770177606308,0.0
1013,3,-0.11217443859186971,-1.7603817825556787,0.0
1014,0,0.0,0.0,0.0
1014,1,-0.694216606912486,0.2090927022339843,0.0
1014,2,1.6013663711083788,0.8732216011072271,0.0
1014,3,0.01383816830991158,-1.3569708803165885,0.0
1015,0,0.0,0.0,0.0
1015,1,1.862457057773716,1.2329488311663124,0.0
1015,2,-0.6270641159814709,1.7144591652588779,0.0
1016,0,0.0,0.0,0.0
1016,1,-1.324085226326164,2.945578051248401,0.0
1016,2,0.8705394722328619,2.5700018440084387,0.0
1017,0,0.0,0.0,0.0
1017,1,-1.0528124756065982,-0.42622767931878425,0.0
1017,2,1.4502593462622224,-0.6899992542331934,0.0
1017,3,0.6211496562282521,-0.3508595708624026,0.0
1017,4,-0.04838045499833998,1.9222231986815062,0.0
1018,0,0.0,0.0,0.0
1018,1,2.3303487158004588,-2.0007707411237496,0.0
1018,2,5.733536523319167,0.5892816105541319,0.0
1019,0,0.0,0.0,0.0
1019,1,-2.001195625816939,1.0635760557190046,0.0
1019,2,-2.916161843032776,3.4601554242222594,0.0
1019,3,-2.379927154432159,3.470364929345549,0.0
1020,0,0.0,0.0,0.0
1020,1,0.1440243080071344,-1.4100039809145297,0.0
1020,2,-0.5628946920106492,-0.08112436194564054,0.0
1021,0,0.0,0.0,0.0
1021,1,0.40133000958973764,0.06469415987380459,0.0
1021,2,-0.1703358954342289,0.9807089080106556,0.0
1021,3,1.62569823461189,0.03803038371493303,0.0
1021,4,-0.33075878431154915,-0.2730060966396054,0.0
1022,0,0.0,0.0,0.0
1022,1,-1.2068008981621992,0.1905820315172997,0.0
1022,2,-0.9515600158290188,-1.2843732318277123,0.0
1023,0,0.0,0.0,0.0
1023,1,-2.65350421005335,3.0019452999924128,0.0
1023,2,-1.3282337432100024,0.9206584392492395,0.0
1024,0,0.0,0.0,0.0
1024,1,-1.0105793066609658,1.8818358273716502,0.0
1024,2,-1.6029748417419722,3.927572923088775,0.0
1025,0,0.0,0.0,0.0
1025,1,-0.8150681167082954,-0.23475262341340541,0.0
1025,2,-0.6144769519034567,-2.9424013935096975,0.0
1026,0,0.0,0.0,0.0
1026,1,-3.1623963730372253,0.9034133270214085,0.0
1026,2,0.42419218530636693,1.9333817285213788,0.0
1027,0,0.0,0.0,0.0
1027,1,0.9183308040822677,-0.3582915431724549,0.0
1027,2,1.2449074459520773,0.3148548767787935,0.0
1028,0,0.0,0.0,0.0
1028,1,-0.9154532948492875,0.34500770257467284,0.0
1028,2,-5.049478766918455,0.08841743401387259,0.0
1028,3,-2.6705568915815334,3.339540493104867,0.0
1029,0,0.0,0.0,0.0
1029,1,0.9543669368232882,-0.5953476300933893,0.0
1029,2,0.5454990766600845,-0.39655813768938986,0.0
1029,3,1.084240193005679,-2.5231313539441187,0.0
1030,0,0.0,0.0,0.0
1030,1,0.04756342213041176,-0.4981402355770914,0.0
1030,2,0.8001716503984682,2.0605623835688363,0.0
1031,0,0.0,0.0,0.0
1031,1,1.6457404364687584,1.2835977423833071,0.0
1031,2,2.0378176341711103,1.184336544027278,0.0
1032,0,0.0,0.0,0.0
1032,1,0.20767570801527313,1.0963388254262254,0.0
1032,2,-1.1647734415282307,0.4918671147183846,0.0
1033,0,0.0,0.0,0.0
1033,1,0.2043038539205208,-2.765256397471882,0.0
1033,2,1.4291594478301808,-1.4940158312233476,0.0
1033,3,0.9659017364984779,-0.3866284812299836,0.0
1034,0,0.0,0.0,0.0
1034,1,-1.9530167963249845,2.806629583413004,0.0
1034,2,-1.3715413904333653,4.090403920363183,0.0
1034,3,-2.246306532880823,0.09504249156383654,0.0
1034,4,-3.159998066372966,0.45143865213199347,0.0
1034,5,-2.6043053957100812,1.422898986955864,0.0
1035,0,0.0,0.0,0.0
1035,1,0.9343956910728437,-0.3855648308097299,0.0
1035,2,-0.1353671217396175,-0.3673226187622549,0.0
1036,0,0.0,0.0,0.0
1036,1,1.5418557759102915,2.045769428498067,0.0
1036,2,2.700398360590264,0.5874895146973622,0.0
1036,3,3.895323408490023,0.23924256744720718,0.0
1037,0,0.0,0.0,0.0
1037,1,1.515659913178256,0.6599418549343946,0.0
1037,2,1.4842181822379,0.6340742806256782,0.0
1038,0,0.0,0.0,0.0
1038,1,2.204962044214995,0.2908114233038891,0.0
1038,2,-1.8973244392156796,-0.22694469933216108,0.0
1039,0,0.0,0.0,0.0
1039,1,1.01254570220591,-0.5789565068536293,0.0
1039,2,0.013862935890107286,2.419977887768737,0.0
1040,0,0.0,0.0,0.0
1040,1,0.13498197367703624,-0.5843189293699134,0.0
1040,2,0.34613830435817927,-0.5706773546849095,0.0
1041,0,0.0,0.0,0.0
1041,1,-1.4694624526187476,0.06945364754770944,0.0
1041,2,1.7234733892698815,-0.8306612226855281,0.0
1041,3,-0.36880141888039386,-3.1495482922729163,0.0
1041,4,2.1411606297437515,-2.381440821340397,0.0
1042,0,0.0,0.0,0.0
1042,1,-0.3446054874974023,0.02969019747264623,0.0
1042,2,-2.9656959976858257,-2.421825223328748,0.0
1042,3,-1.8619504143505987,-2.7997067128828266,0.0
1042,4,-0.5402845145296549,-0.9391160070145694,0.0
1042,5,-0.45464911037033473,-0.35995424567817746,0.0
1043,0,0.0,0.0,0.0
1043,1,-0.36412334944652036,1.3906865504082357,0.0
1043,2,-1.7471346661135618,-0.015448121619487276,0.0
1044,0,0.0,0.0,0.0
1044,1,-1.4713154614812711,0.28357578635755176,0.0
1044,2,0.6801003699342671,0.5641108124292171,0.0
1045,0,0.0,0.0,0.0
1045,1,0.7596033087702287,0.6686125909743235,0.0
1045,2,-0.7957194343455205,-1.3016997312213394,0.0
1046,0,0.0,0.0,0.0
1046,1,-0.7623386100232923,0.42115046838505776,0.0
1046,2,-2.200165137525139,2.6070388586089064,0.0
1047,0,0.0,0.0,0.0
1047,1,-1.8020430366284552,0.9794809452536993,0.0
1047,2,-1.0267183091447896,0.31126554226585157,0.0
1048,0,0.0,0.0,0.0
1048,1,-0.6169182416981825,0.11459746446154068,0.0
1048,2,-3.762654011053557,0.4931595186782733,0.0
1048,3,-0.9291889354744992,-0.5436889552461408,0.0
1049,0,0.0,0.0,0.0
1049,1,0.6739579364308297,0.7349418219089763,0.0
1049,2,-0.009837056892961327,0.5754495437550526,0.0
1049,3,0.05467009613606766,-1.4481330141571427,0.0
1050,0,0.0,0.0,0.0
1050,1,0.7342003062500297,-0.49038007291769703,0.0
1050,2,2.364638400282743,-0.38077563531875247,0.0
1051,0,0.0,0.0,0.0
1051,1,0.5326538556652082,1.1744618994500102,0.0
1051,2,-1.061944249436782,1.6422306538772926,0.0
1051,3,0.7835375199441531,0.8328787222160736,0.0
1051,4,-0.7293643035999283,2.0065705452610016,0.0
1052,0,0.0,0.0,0.0
1052,1,-2.076500980474688,3.172239608993953,0.0
1052,2,-1.0831195402171556,4.599402455058798,0.0
1053,0,0.0,0.0,0.0
1053,1,-2.380810971232204,-1.461218356128062,0.0
1053,2,-3.4413743567722967,1.587286261027909,0.0
1053,3,-1.3158955614987107,4.5062950760022,0.0
1054,0,0.0,0.0,0.0
1054,1,-2.5979995343096327,0.5184348923208246,0.0
1054,2,-2.1350116281080473,2.5205419248337497,0.0
1054,3,-0.3773395169789149,1.7601422747106548,0.0
1055,0,0.0,0.0,0.0
1055,1,1.7508483084056496,-0.05454023648975803,0.0
1055,2,1.9087226398000314,0.03560577206602056,0.0
1055,3,0.8323164996774917,-1.3845028567123716,0.0
1055,4,1.5064363513778563,0.7457872662468359,0.0
1056,0,0.0,0.0,0.0
1056,1,0.28421630858805247,0.6416062240418869,0.0
1056,2,-1.3289771818443479,1.0518009735654656,0.0
1056,3,0.44173906736228186,0.4653637124416947,0.0
1056,4,-0.7455711321019547,2.129918719421714,0.0
1057,0,0.0,0.0,0.0
1057,1,0.3919818609856056,-3.3926364925373917,0.0
1057,2,-0.8387295163155801,-2.158794257258565,0.0
1057,3,-0.48057358371272635,-2.8882592923436246,0.0
1057,4,-1.2564431542636785,-1.0981831500930246,0.0
1057,5,-2.924125096493187,-1.7339099596163228,0.0
1057,6,0.11892131898961078,-1.0550360744133116,0.0
1058,0,0.0,0.0,0.0
1058,1,0.570400440285403,-0.09302395103015204,0.0
1058,2,0.1607535882890585,-0.09711442639043533,0.0
1058,3,0.34935703911934946,-0.7326296734494404,0.0
1059,0,0.0,0.0,0.0
1059,1,-2.8542640405755453,1.0531095249846971,0.0
1059,2,-2.9638785341355787,2.1705193378435435,0.0
1059,3,-1.5286662119458636,2.6369418468791386,0.0
1059,4,-0.735788985234402,1.848507797183847,0.0
1060,0,0.0,0.0,0.0
1060,1,-1.1278240555593995,-0.8863508644464233,0.0
1060,2,-0.09404428074350527,0.6550971073358125,0.0
1060,3,-0.6742841655019745,-0.5580164392752385,0.0
1061,0,0.0,0.0,0.0
1061,1,2.3131527811199883,0.9379558281084635,0.0
1061,2,1.594585129044547,2.942277958582636,0.0
1061,3,2.067363983324896,0.6052210076122921,0.0
1062,0,0.0,0.0,0.0
1062,1,1.4522900333529463,0.1757682697982772,0.0
1062,2,0.16305035077973296,-0.5843096781736472,0.0
1063,0,0.0,0.0,0.0
1063,1,-1.656560660428795,-0.10552240009391733,0.0
1063,2,-0.13855330495618068,-1.4783718695377641,0.0
1063,3,-1.062360281025938,-0.8316384293882508,0.0
1063,4,-2.2671312134344985,-2.0350490745018397,0.0
1064,0,0.0,0.0,0.0
1064,1,1.2047018861784036,-4.283310132651575,0.0
1064,2,1.2661496835649197,-1.3042835103472608,0.0
1064,3,0.603549931616626,-2.241210889885897,0.0
1064,4,1.5146259449415407,-2.20518135817845,0.0
1065,0,0.0,0.0,0.0
1065,1,2.8262393611350443,-0.3460311248984671,0.0
1065,2,1.0617961688952438,0.3483947591458958,0.0
1065,3,0.6846992822207676,2.3112118095821947,0.0
1065,4,-1.0876466601512036,2.0592444021633862,0.0
1066,0,0.0,0.0,0.0
1066,1,0.16020647396785948,2.3265670108300847,0.0
1066,2,-1.0390869888471903,3.4682280019693925,0.0
1066,3,1.029540472623239,0.7414427943514006,0.0
1067,0,0.0,0.0,0.0
1067,1,1.822838101555882,0.35166106414834913,0.0
1067,2,3.684003634961023,2.8137126983847662,0.0
1067,3,3.52516490432654,1.0247430133457849,0.0
1068,0,0.0,0.0,0.0
1068,1,1.0677445687924099,1.3531714650249815,0.0
1068,2,0.2516857836483599,0.6517591350638134,0.0
1068,3,-0.5872054608921191,1.7435607756305929,0.0
1068,4,0.38678211942794904,2.263089663775907,0.0
1068,5,-0.7280477922918469,3.383746784896605,0.0
1069,0,0.0,0.0,0.0
1069,1,0.9047606029933626,-1.1303186606202906,0.0
1069,2,0.22279936748420148,-0.5918011651644028,0.0
1069,3,-0.4295644845276234,-0.11974900773923809,0.0
1069,4,-0.9807444040306534,-0.7453551296206177,0.0
1069,5,-1.551734317683453,-0.5906423216959389,0.0
1070,0,0.0,0.0,0.0
1070,1,-2.085354914978158,-0.2017528901201029,0.0
1070,2,-1.1197255014657568,0.5337670994370907,0.0
1070,3,-1.0642074704893982,0.9719489081582093,0.0
1071,0,0.0,0.0,0.0
1071,1,0.4950864648507743,-2.101126648903716,0.0
1071,2,0.9574471023824618,-0.7925655085063986,0.0
1071,3,-0.6692773937795238,-1.1371714487481819,0.0
1072,0,0.0,0.0,0.0
1072,1,-0.05451306310440507,1.5669329409999988,0.0
1072,2,0.47745735052074734,2.38431569571867,0.0
1073,0,0.0,0.0,0.0
1073,1,-1.8432577371337995,1.1811127068203335,0.0
1073,2,-0.4639324077017908,-0.07616089617190447,0.0
1073,3,-0.7309008701179776,2.514021466780375,0.0
1074,0,0.0,0.0,0.0
1074,1,-1.0695117389836264,0.14787678478455182,0.0
1074,2,0.02602165207410989,0.5691105474045014,0.0
1074,3,-0.4674180389761229,1.1135626548531201,0.0
1074,4,-0.5764765408652448,-0.3050057069385249,0.0
1075,0,0.0,0.0,0.0
1075,1,-0.6485853418832352,-0.760926345072237,0.0
1075,2,0.745890603588798,-2.372304956506267,0.0
1075,3,1.488957472233844,-1.2429855338282803,0.0
1075,4,-0.40489075489149023,-2.004431996978855,0.0
1075,5,1.2856627371012035,-4.215616599062907,0.0
1076,0,0.0,0.0,0.0
1076,1,-1.3123755982375385,-1.2944182243917712,0.0
1076,2,-2.069524333528443,-0.48380788070376424,0.0
1077,0,0.0,0.0,0.0
1077,1,-0.20156104948408182,0.9210206640837044,0.0
1077,2,-0.5170096216715789,0.25606721554558287,0.0
1078,0,0.0,0.0,0.0
1078,1,0.981500671811405,-0.9001439216552637,0.0
1078,2,-0.42066248589962796,1.6295700318788855,0.0
1079,0,0.0,0.0,0.0
1079,1,-0.5899787029571436,-1.2130914571973122,0.0
1079,2,-2.7987249650926924,-2.283191070907879,0.0
1080,0,0.0,0.0,0.0
1080,1,-0.6843687530392155,0.2928685030027346,0.0
1080,2,1.7695567476413023,0.21987939493184128,0.0
1081,0,0.0,0.0,0.0
1081,1,1.963054327189812,1.3115867901427005,0.0
1081,2,-0.6365246479718885,-0.4573691147196006,0.0
1082,0,0.0,0.0,0.0
1082,1,-0.027258851931386607,-0.10928787014121466,0.0
1082,2,-0.2347921165882743,-1.0636420308888752,0.0
1083,0,0.0,0.0,0.0
1083,1,-0.5535302835690963,1.4230550277935223,0.0
1083,2,-0.1957283032665058,1.564271090864828,0.0
1084,0,0.0,0.0,0.0
1084,1,-1.4284394538429555,-0.23786567552489052,0.0
1084,2,-1.2994302000485154,0.18191116115223396,0.0
1084,3,-2.801982215657139,0.5809029215206529,0.0
1084,4,-4.647069292749164,0.29117766558360647,0.0
1084,5,-1.3463566459779652,2.1871660869455822,0.0
1085,0,0.0,0.0,0.0
1085,1,0.4016507807862144,1.5750436359973021,0.0
1085,2,-0.9393520931425368,1.969638180554424,0.0
1086,0,0.0,0.0,0.0
1086,1,0.6846581867333417,-0.031537677638108774,0.0
1086,2,2.099286422189933,-1.4126471979288984,0.0
1086,3,-0.3744904213237208,-2.469220306576126,0.0
1087,0,0.0,0.0,0.0
1087,1,0.17120362270750888,1.3287294362895696,0.0
1087,2,0.6037998411223826,0.1977288645074653,0.0
1088,0,0.0,0.0,0.0
1088,1,-1.2675141801368535,0.7883404720679874,0.0
1088,2,-1.6600836276716726,1.3918236525247032,0.0
1089,0,0.0,0.0,0.0
1089,1,0.8147007804009665,3.61537539277321,0.0
1089,2,0.07310152588919805,1.3664808436093638,0.0
1090,0,0.0,0.0,0.0
1090,1,2.2952826326590166,-1.4190143227674554,0.0
1090,2,1.9645622484076226,-1.7821999950646492,0.0
1090,3,1.897633630843274,-1.4699613652670194,0.0
1090,4,0.7441286300885812,0.7369138364737898,0.0
1090,5,-0.32457023486114434,0.8926072280365237,0.0
1091,0,0.0,0.0,0.0
1091,1,-0.9275735129521341,-1.8503014432853266,0.0
1091,2,0.8119648823520398,1.4192572314861507,0.0
1092,0,0.0,0.0,0.0
1092,1,-1.1110230608660425,0.07023698113416965,0.0
1092,2,-1.0889370601261907,0.0453862874342188,0.0
1093,0,0.0,0.0,0.0
1093,1,0.33626490538265585,2.093093540917143,0.0
1093,2,1.2603900608016048,2.627165145352166,0.0
1093,3,2.5181674690551725,1.932606675464816,0.0
1093,4,2.2869892350673657,2.395222618674515,0.0
1094,0,0.0,0.0,0.0
1094,1,0.48457917038482856,2.1157744458179746,0.0
1094,2,-1.126605567465773,-1.5859230049906885,0.0
1095,0,0.0,0.0,0.0
1095,1,0.5117609147105128,0.9903391320189926,0.0
1095,2,-0.3534358344665105,1.0889874442020178,0.0
1095,3,0.2857072689499677,1.7519953730766127,0.0
1095,4,0.08384023434672191,2.8433012230390666,0.0
1096,0,0.0,0.0,0.0
1096,1,1.2977089063904075,-0.5704940107794245,0.0
1096,2,0.09353875229960118,-1.05305680486072,0.0
1097,0,0.0,0.0,0.0
1097,1,-1.3364895002215866,-0.6782251926309901,0.0
1097,2,0.7481421727152928,-2.052292051275077,0.0
1097,3,-0.8639354316132872,-4.4962456761654055,0.0
1097,4,1.1907321772279533,-2.5718754096812546,0.0
1098,0,0.0,0.0,0.0
1098,1,-1.062887230060319,-2.044604881605797,0.0
1098,2,-0.5423450682897264,-0.44149550124773496,0.0
1099,0,0.0,0.0,0.0
1099,1,-0.0917409256210393,-1.2689873615204967,0.0
1099,2,1.355936697046503,-2.218315731641627,0.0
1099,3,1.3037016702582949,-1.096569084276235,0.0
1099,4,3.418593971744385,-2.4702863484680493,0.0
1099,5,3.3265095324530254,-2.5887906806669885,0.0
1099,6,1.3379135412562952,-0.617493047246186,0.0
1100,0,0.0,0.0,0.0
1100,1,0.3219636788809286,-0.21156488254218542,0.0
1100,2,-0.39172739908432597,-0.10225032182210625,0.0
1100,3,-0.16345696272963162,-0.8472506901125368,0.0
1100,4,2.7626664599418516,-1.3509648556879337,0.0
1101,0,0.0,0.0,0.0
1101,1,1.1141265719016107,1.3162440588894564,0.0
1101,2,1.4090456443006558,0.7893968629252438,0.0
1101,3,-0.4559644732509016,-2.2995209365519225,0.0
1102,0,0.0,0.0,0.0
1102,1,-1.834232950645994,-1.8982836210680465,0.0
1102,2,-1.9780013811997867,-2.353234064950116,0.0
1102,3,-0.49546784581667724,-1.3384846044939167,0.0
1103,0,0.0,0.0,0.0
1103,1,-1.8877285033562272,-1.5735522399691115,0.0
1103,2,-0.5506560090510284,1.0633572466402028,0.0
1104,0,0.0,0.0,0.0
1104,1,0.5340788148181437,0.5699886987678741,0.0
1104,2,-1.7180990047022129,1.6960206884701718,0.0
1105,0,0.0,0.0,0.0
1105,1,-1.5186791913333928,-1.1333262674208577,0.0
1105,2,-0.5749407588260373,-0.811743160735941,0.0
1106,0,0.0,0.0,0.0
1106,1,0.2939450276068558,0.5636751298933705,0.0
1106,2,0.5942670597529416,-1.0831021166874764,0.0
1106,3,-2.420707793504884,-0.465218573093424,0.0
1106,4,-2.2009531217246563,-1.8030875078777842,0.0
1107,0,0.0,0.0,0.0
1107,1,-0.34570077330750215,1.2490353491049826,0.0
1107,2,0.033941863126167204,3.091713426808591,0.0
1108,0,0.0,0.0,0.0
1108,1,-1.2471831016755317,-0.29675036885826755,0.0
1108,2,0.8992991113179747,-0.5378781650776211,0.0
1109,0,0.0,0.0,0.0
1109,1,1.0063988554879997,2.8624520546426577,0.0
1109,2,1.2057729328313123,4.6292401630985625,0.0
1110,0,0.0,0.0,0.0
1110,1,-3.7365816282940783,2.459140590224186,0.0
1110,2,-0.6682257095759283,3.4520379625100097,0.0
1111,0,0.0,0.0,0.0
1111,1,-1.1414348901004794,1.6493052102864922,0.0
1111,2,0.13152405244774812,1.7724169964613368,0.0
1112,0,0.0,0.0,0.0
1112,1,-0.7194412415389466,0.74488918158701,0.0
1112,2,0.5204968512644479,-0.15865100576586488,0.0
1113,0,0.0,0.0,0.0
1113,1,1.1497925598829577,-2.986522115525179,0.0
1113,2,-1.2996611930520843,0.14996273488809597,0.0
1113,3,0.2614436548452277,-1.5968918366496552,0.0
1113,4,0.15595622272908416,-1.4312052995925668,0.0
1114,0,0.0,0.0,0.0
1114,1,0.9073198307758628,1.2051769784728634,0.0
1114,2,-0.6525258286128386,0.816567707650932,0.0
1115,0,0.0,0.0,0.0
1115,1,-0.538399890702151,0.09675892939201225,0.0
1115,2,-1.885799701011417,-1.3546726922586254,0.0
1115,3,-5.0625033054976525,-1.6692113890827232,0.0
1116,0,0.0,0.0,0.0
1116,1,0.8342771953895092,-0.09501588628087787,0.0
1116,2,-0.5362782167262639,-0.192836473037042,0.0
1116,3,-0.22630274880443801,-3.155481546169095,0.0
1116,4,2.3915661200560496,-2.6637931252739944,0.0
1116,5,3.0930449558905098,0.5468850995646095,0.0
1116,6,2.9222471690658067,0.44038312380218847,0.0
1117,0,0.0,0.0,0.0
1117,1,-0.07231479428056953,-1.2395378613317534,0.0
1117,2,-0.42462277786659125,-0.10539639301352166,0.0
1117,3,-1.4267935082425764,-0.37965546292011154,0.0
1117,4,0.8531795104874996,1.1291317705510093,0.0
1118,0,0.0,0.0,0.0
1118,1,-0.12550444850105646,2.8689419632163973,0.0
1118,2,0.97573213314451,2.8369557610698704,0.0
1118,3,-0.43229703730694113,2.0677205155039355,0.0
1119,0,0.0,0.0,0.0
1119,1,-0.13948713993373096,1.2953531078886213,0.0
1119,2,-2.8215789887584695,0.08584388990420866,0.0
1119,3,-1.581591794029094,0.20393219757297598,0.0
1119,4,-1.5116252343831675,-2.0554112170568795,0.0
1119,5,-0.40590606919309646,-1.5089884749777525,0.0
1119,6,-2.6829161392740173,-0.28419764996508645,0.0
1119,7,-0.8997337691038219,-0.09268579116074216,0.0
1120,0,0.0,0.0,0.0
1120,1,-1.5294271099688308,0.5843440521106513,0.0
1120,2,-2.3839186331128395,1.313532575634711,0.0
1121,0,0.0,0.0,0.0
1121,1,-1.0087317395733948,0.7628253592932979,0.0
1121,2,0.9330821690716311,-1.2795708773600845,0.0
1122,0,0.0,0.0,0.0
1122,1,-2.140915971232912,-0.43046250253927765,0.0
1122,2,-0.00016271385411625872,0.4813984508188113,0.0
1123,0,0.0,0.0,0.0
1123,1,0.9997867271435414,-1.4982214733888939,0.0
1123,2,0.2591122634960956,-0.6971834567687725,0.0
1123,3,0.8371704749327737,0.17532040827980688,0.0
1123,4,0.7743664443928446,-1.1553162613534935,0.0
1123,5,1.2876800730845572,0.08097153688229342,0.0
1123,6,0.472838440591578,-1.2033206152807734,0.0
1123,7,-0.2667797659746338,-0.13020051736457772,0.0
1123,8,-1.0385315038351186,-1.5817685989210664,0.0
1124,0,0.0,0.0,0.0
1124,1,-0.6681779393802914,-1.1245804658780654,0.0
1124,2,-0.7920979962262602,0.7358608417861519,0.0
1124,3,-0.0869405913679211,-0.26484530626111913,0.0
1125,0,0.0,0.0,0.0
1125,1,0.20445527464096036,-0.929952125774272,0.0
1125,2,0.8821091433500026,-1.4894885412747314,0.0
1126,0,0.0,0.0,0.0
1126,1,2.8095472728678312,-2.7388463665147778,0.0
1126,2,3.3071528857418833,-3.7360516822506806,0.0
1126,3,4.744763970311313,-5.501304512455345,0.0
1127,0,0.0,0.0,0.0
1127,1,0.12840603480060686,3.338381782799682,0.0
1127,2,1.3879904607853555,1.281889330488467,0.0
1127,3,-0.6967658870522193,4.285902987270188,0.0
1128,0,0.0,0.0,0.0
1128,1,-0.573297145134709,-1.7495701617891326,0.0
1128,2,-0.3329316304160217,1.5219772484880227,0.0
1129,0,0.0,0.0,0.0
1129,1,-0.1829181800310975,0.24115206802157552,0.0
1129,2,-0.5639033962459763,-1.3229102720223926,0.0
1130,0,0.0,0.0,0.0
1130,1,0.19853820147142232,-1.4485070387629628,0.0
1130,2,0.6933029196548546,-0.5798318749918154,0.0
1130,3,-3.2030312568628316,-2.2172786968350815,0.0
1130,4,-1.811213867690848,-1.2446111486033948,0.0
1131,0,0.0,0.0,0.0
1131,1,-0.31770385464053774,0.05481482899523615,0.0
1131,2,-1.1641123215167766,0.2974066659944672,0.0
1131,3,-1.4516846491778823,1.172028864351768,0.0
1131,4,-1.7077361711664292,0.8487922429718866,0.0
1132,0,0.0,0.0,0.0
1132,1,-0.2572907358509088,1.2226047128548527,0.0
1132,2,-2.0886277251332013,0.09279134384361054,0.0
1132,3,-1.9048606047846999,1.0600874835807608,0.0
1132,4,-1.735860762637175,-0.2524878451024297,0.0
1132,5,-1.4948739768714476,1.5779313914319821,0.0
1132,6,-2.145202358558456,0.9622293689874384,0.0
1132,7,-1.9672475253867558,1.25405451174565,0.0
1132,8,-2.565508082530873,2.3434701821860875,0.0
1132,9,-3.566277325506534,1.2257774105462917,0.0
1132,10,-3.3426107174080895,3.9263435842807404,0.0
1133,0,0.0,0.0,0.0
1133,1,1.0930178149557612,-0.48287492951623195,0.0
1133,2,-0.9249724105120474,-1.2501549598688309,0.0
1133,3,0.31678848235951973,-1.7224779416666947,0.0
1133,4,0.6371874936132197,-2.2590411677403583,0.0
1133,5,1.1711044655546754,-1.8682231474115993,0.0
1133,6,0.26293270429595816,-1.4785080839124787,0.0
1134,0,0.0,0.0,0.0
1134,1,1.1650025516504519,-2.7910226371283446,0.0
1134,2,0.23234176894134984,-0.757744337427988,0.0
1135,0,0.0,0.0,0.0
1135,1,1.0245002010847377,1.173316831357877,0.0
1135,2,0.5915085076270995,-0.4986281155018949,0.0
1135,3,-0.8099864781190191,-0.59099833792331,0.0
1135,4,0.6432000456449538,3.4391972478581914,0.0
1135,5,-1.0487682001324465,-0.27908859080813253,0.0
1136,0,0.0,0.0,0.0
1136,1,4.220755067681682,2.036185739593488,0.0
1136,2,3.9158220127383143,0.8152202352727416,0.0
1136,3,3.3158255555587886,1.0036494043228719,0.0
1137,0,0.0,0.0,0.0
1137,1,0.8545331873889608,-2.49701160810448,0.0
1137,2,3.3380136601884782,-0.8676984410650388,0.0
1138,0,0.0,0.0,0.0
1138,1,2.6165617403298453,2.0114893700063714,0.0
1138,2,2.7507500291843585,3.7360258884417297,0.0
1138,3,0.2050535415828234,5.149417765827202,0.0
1138,4,-0.08936544657551249,3.5210076899295304,0.0
1138,5,1.1698142357095591,4.242864235110411,0.0
1138,6,-0.7493533151679737,3.9626338907695198,0.0
1139,0,0.0,0.0,0.0
1139,1,-0.17786091607388715,0.05414357172726736,0.0
1139,2,-1.08655705196248,-1.571201652095655,0.0
1139,3,-2.1042165314087935,-0.8748789335693763,0.0
1139,4,-2.2085556048123207,0.497495406356236,0.0
1140,0,0.0,0.0,0.0
1140,1,0.0008220684767921149,-1.5630242172430593,0.0
1140,2,-0.8182752502487478,-0.5519634345091471,0.0
1140,3,0.8095729323070888,-2.540271551436133,0.0
1141,0,0.0,0.0,0.0
1141,1,1.3912923456225612,-0.1956882401949671,0.0
1141,2,1.7097732226635958,-0.4202837217668265,0.0
1141,3,-0.46216734720096,0.15669050310052857,0.0
1141,4,0.630416143898844,1.0491258123829414,0.0
1142,0,0.0,0.0,0.0
1142,1,2.1715904476072265,-2.630201804275654,0.0
1142,2,-0.19240150085240693,-1.3321589213383116,0.0
1142,3,0.2513929397820376,-3.0425865866531407,0.0
1142,4,1.8202532040398143,-2.0069204606625553,0.0
1142,5,2.379577249848547,-3.15556442630244,0.0
1143,0,0.0,0.0,0.0
1143,1,2.117146661861854,-0.4389127665693413,0.0
1143,2,2.4192472652933086,0.7032955736002835,0.0
1144,0,0.0,0.0,0.0
1144,1,-1.4275123403282377,-2.333335455866748,0.0
1144,2,-0.05165398457610437,-2.9397671178933003,0.0
1144,3,1.244819493574265,0.22672712419959118,0.0
1144,4,2.698174104603794,0.37425425416923397,0.0
1144,5,2.235441959074498,0.22819741711164332,0.0
1145,0,0.0,0.0,0.0
1145,1,0.16088472285924627,0.13850419468999242,0.0
1145,2,-0.29999420158275236,0.16453503618503512,0.0
1146,0,0.0,0.0,0.0
1146,1,0.8218036835014143,2.0047508049887197,0.0
1146,2,1.284440871453623,1.4681090773499061,0.0
1147,0,0.0,0.0,0.0
1147,1,-1.0288085697436142,-0.3288321218645547,0.0
1147,2,-1.8762797118157648,1.004406941154859,0.0
1148,0,0.0,0.0,0.0
1148,1,1.9768605405729627,-0.8420404452659223,0.0
1148,2,2.385884301562728,-1.5287401535719718,0.0
1148,3,1.3702605511010573,-2.652310237519976,0.0
1148,4,-0.27814059703962124,-1.2435211182305643,0.0
1148,5,1.4177257722256225,0.39602579940692606,0.0
1149,0,0.0,0.0,0.0
1149,1,-1.2474939525518993,1.717722086628316,0.0
1149,2,-1.5184772788295846,-0.65403263599359,0.0
1149,3,-0.7457845307793214,3.9668740656185086,0.0
1149,4,-0.57350772355958,1.851489753895298,0.0
1149,5,-2.455734506570446,0.24450118266791088,0.0
1150,0,0.0,0.0,0.0
1150,1,0.2254162718020949,0.6724669255301792,0.0
1150,2,-0.3908703307670458,-2.0050808578782293,0.0
1151,0,0.0,0.0,0.0
1151,1,-1.3048738783817058,0.055540266297229524,0.0
1151,2,-3.5166862188982115,1.2719700778265468,0.0
1152,0,0.0,0.0,0.0
1152,1,-0.3089137792747181,0.3341345213513687,0.0
1152,2,-2.0617472219910593,0.11231215253691529,0.0
1152,3,-1.0992614004504715,-0.48406140006716036,0.0
1152,4,-2.2020003195560234,-0.3480228811555419,0.0
1153,0,0.0,0.0,0.0
1153,1,3.5013659511804187,0.27174486834505496,0.0
1153,2,1.0433225166520381,-0.4220918684445125,0.0
1154,0,0.0,0.0,0.0
1154,1,-1.3957124492874942,-2.3589011280986463,0.0
1154,2,-1.8201451099570796,-2.1964761479561967,0.0
1155,0,0.0,0.0,0.0
1155,1,0.06276714477865086,0.4775064265029386,0.0
1155,2,1.5850448589089587,0.7161776166783441,0.0
1155,3,1.4433451088999194,-0.6692971624054547,0.0
1155,4,1.576976727573293,-1.4058685452243491,0.0
1155,5,2.3751169633535056,0.26293082362929976,0.0
1156,0,0.0,0.0,0.0
1156,1,0.743119272974142,0.3395316108684425,0.0
1156,2,-0.793288382919342,0.883233449012939,0.0
1156,3,-0.1463440194967519,-1.5216447554855308,0.0
1156,4,-0.7946134676131954,-0.4257015333418943,0.0
1156,5,-1.5648959307003105,-1.769578464644627,0.0
1156,6,-0.41240486492939954,0.32406234720920857,0.0
1156,7,-1.6299235752133185,-0.09239963746562774,0.0
1157,0,0.0,0.0,0.0
1157,1,0.6123685469978267,0.8806637154102253,0.0
1157,2,0.40356832196438824,0.28294164819777323,0.0
1158,0,0.0,0.0,0.0
1158,1,0.4139885443098743,-0.17980712032857316,0.0
1158,2,-1.23583560668846,2.39022237963971,0.0
1159,0,0.0,0.0,0.0
1159,1,-1.393427147978929,-0.954990177189549,0.0
1159,2,-3.3133402603141993,-0.7636624319262866,0.0
1159,3,-1.9415746439900314,0.19445646938670724,0.0
1159,4,-3.251001745834472,-0.7498498978934831,0.0
1159,5,-3.2634659167573496,0.001559210958514301,0.0
1160,0,0.0,0.0,0.0
1160,1,1.4958811016391764,0.27243920400035093,0.0
1160,2,0.06469035088824093,1.4499198966803943,0.0
1160,3,0.7371313590404565,0.10735596838556849,0.0
1160,4,-1.863466793359542,-1.0740693860000154,0.0
1161,0,0.0,0.0,0.0
1161,1,-0.6044400379975554,-2.3347541869292443e-05,0.0
1161,2,-0.9807039967691544,0.39982955950167,0.0
1162,0,0.0,0.0,0.0
1162,1,2.03545534297709,-0.7430295796840933,0.0
1162,2,1.2336690544367035,-2.9464976710483457,0.0
1163,0,0.0,0.0,0.0
1163,1,-0.9626731636916281,0.8956790619592989,0.0
1163,2,0.7433336047704864,0.36873637720925484,0.0
1163,3,-0.176517633875507,-0.17609134277198607,0.0
1163,4,0.5086071509891684,1.7730250824488478,0.0
1164,0,0.0,0.0,0.0
1164,1,-0.9558905570584172,-0.9274544571592763,0.0
1164,2,-2.173739867001583,0.12952584554512414,0.0
1165,0,0.0,0.0,0.0
1165,1,-1.199853482596253,-1.8186241903364166,0.0
1165,2,1.0960221774750722,-2.959710298594996,0.0
1165,3,0.1119103761077222,-3.913318245451908,0.0
1165,4,-1.5052956984983552,-4.808045337881187,0.0
1166,0,0.0,0.0,0.0
1166,1,0.8782085479133033,-0.7254480030791866,0.0
1166,2,0.4538491725261957,-1.5761316290486072,0.0
1166,3,0.01921747878730007,-0.3974079310358363,0.0
1166,4,1.0740249764656513,-1.7482682056782632,0.0
1167,0,0.0,0.0,0.0
1167,1,1.0389612260963181,-0.31088450348691676,0.0
1167,2,0.550614376298453,-0.2989365806258206,0.0
1168,0,0.0,0.0,0.0
1168,1,2.071486246251053,-4.189758149671671,0.0
1168,2,0.07740283703137733,-4.593734345589022,0.0
1168,3,0.47345636970837585,-3.667948379786596,0.0
1169,0,0.0,0.0,0.0
1169,1,-0.08748981848652382,3.1477297173524756,0.0
1169,2,1.982023131394102,0.79881213072703,0.0
1170,0,0.0,0.0,0.0
1170,1,-0.7455221706166082,0.03304962308853021,0.0
1170,2,0.9781510235945592,3.119048738766134,0.0
1170,3,0.7448409624712664,3.427933680646767,0.0
1171,0,0.0,0.0,0.0
1171,1,0.23694091610614104,-0.40520028466269015,0.0
1171,2,-1.044797967510055,-1.2252208414352845,0.0
1172,0,0.0,0.0,0.0
1172,1,0.28482806720795734,1.7264898686343275,0.0
1172,2,-0.5391219674719534,-1.6289202950838573,0.0
1172,3,-0.8937759191842554,-2.0490544175233874,0.0
1172,4,0.3240861899863093,-0.07094442205821494,0.0
1172,5,1.6251025075652172,1.8090006440654733,0.0
1173,0,0.0,0.0,0.0
1173,1,-1.952859042475793,-0.28305815656139355,0.0
1173,2,-4.093127815048035,-0.22459535576441814,0.0
1173,3,-2.7264491851184127,0.05347487580272969,0.0
1173,4,-3.086916014904217,-1.6315098233928316,0.0
1173,5,-2.129688158426032,-0.14870334147746278,0.0
1173,6,-2.6136677574982325,1.2479575482123575,0.0
1173,7,-3.741729096240734,0.6024847974603549,0.0
1173,8,-2.9275016975469885,-0.12489599831184983,0.0
1174,0,0.0,0.0,0.0
1174,1,0.49205430972076203,3.565199951642526,0.0
1174,2,-0.3906730576009243,2.519830696424627,0.0
1175,0,0.0,0.0,0.0
1175,1,-0.7889514325175612,0.13086693505002422,0.0
1175,2,-1.3265091202260884,0.7729666625721741,0.0
1175,3,-2.913103144985125,1.2574057228550213,0.0
1176,0,0.0,0.0,0.0
1176,1,-0.968123869390271,-0.6621918270668871,0.0
1176,2,-0.34356870716314497,-3.310567470485431,0.0
1177,0,0.0,0.0,0.0
1177,1,1.4276766174233757,-1.3445958834271352,0.0
1177,2,-0.018712715593063534,-2.1808644197854297,0.0
1177,3,0.8604131487739746,-2.087817830303293,0.0
1177,4,1.190174085091055,-0.4477117688320664,0.0
1177,5,1.7864950197286553,-0.37901813536147766,0.0
1177,6,1.1174155696755215,0.22616986291981123,0.0
1177,7,-0.4256355768430671,1.3033068379206991,0.0
1178,0,0.0,0.0,0.0
1178,1,1.7613152946314639,0.9662127780640202,0.0
1178,2,1.1001297425794498,0.17451520395027376,0.0
1179,0,0.0,0.0,0.0
1179,1,-1.8255234853450193,-0.8732218890042693,0.0
1179,2,0.16499664650620316,-2.2756896183335518,0.0
1180,0,0.0,0.0,0.0
1180,1,-0.8327784497805992,-1.3946188798347472,0.0
1180,2,-0.767371666777181,-3.035598844079235,0.0
1181,0,0.0,0.0,0.0
1181,1,-2.659014819718449,0.4030737622200916,0.0
1181,2,-4.017820314847608,-0.6589966964581182,0.0
1181,3,-5.933269943722196,-2.1464565240086095,0.0
1181,4,-2.5040628209807707,-0.4994458989631807,0.0
1182,0,0.0,0.0,0.0
1182,1,1.0826544293646045,-3.8718304336414597,0.0
1182,2,-1.3446318885966537,-1.8754708651183298,0.0
1182,3,0.11029464731901606,-0.9350686416689754,0.0
1183,0,0.0,0.0,0.0
1183,1,1.2949727327913663,-1.3703102786551509,0.0
1183,2,-0.8068896144499424,-1.1383074316145538,0.0
1184,0,0.0,0.0,0.0
1184,1,-3.5868044873082665,0.870214286340381,0.0
1184,2,-1.0779645357776442,-1.4150983970434776,0.0
1184,3,-3.6340857964141526,-0.766111424686791,0.0
1184,4,-1.3049101561548841,1.9300846798321314,0.0
1185,0,0.0,0.0,0.0
1185,1,1.0735777622296405,0.04654818679400857,0.0
1185,2,-0.454692297825005,0.8667793942033721,0.0
1186,0,0.0,0.0,0.0
1186,1,-3.3036975132383093,-0.16503155243759876,0.0
1186,2,-2.182203841023915,-2.115634106969643,0.0
1187,0,0.0,0.0,0.0
1187,1,0.42569934090199324,0.7335161104538603,0.0
1187,2,-1.240478010913709,0.5929513740171357,0.0
1188,0,0.0,0.0,0.0
1188,1,1.2077467859758138,0.14116826772207136,0.0
1188,2,-1.7308167292188572,-0.05318982904348135,0.0
1188,3,-1.3308364279700076,-0.6021148975336186,0.0
1189,0,0.0,0.0,0.0
1189,1,-1.0121551861327729,-0.2896301631760583,0.0
1189,2,-1.7402669533801445,-0.5039609080406733,0.0
1189,3,-0.21385378382860942,-1.0835884486420775,0.0
1190,0,0.0,0.0,0.0
1190,1,1.8856103604840977,0.7608882419239932,0.0
1190,2,0.752354394561335,0.8967293353037428,0.0
1191,0,0.0,0.0,0.0
1191,1,-0.743542850066772,0.27762858171023647,0.0
1191,2,-0.8278318233508919,-1.094662870347613,0.0
1192,0,0.0,0.0,0.0
1192,1,-1.2118739389964057,0.15635289341498515,0.0
1192,2,-0.2424240087347424,2.052773392106002,0.0
1193,0,0.0,0.0,0.0
1193,1,1.459458908338906,-0.42015650741558774,0.0
1193,2,1.4109820789110228,1.3463888319130357,0.0
1194,0,0.0,0.0,0.0
1194,1,-0.27377632155071774,-0.047037353813357274,0.0
1194,2,-1.0409511645726626,-1.3158542959631827,0.0
1195,0,0.0,0.0,0.0
1195,1,-0.30102642352007725,-1.7432462313652843,0.0
1195,2,1.8580055170744172,-0.23063487604443067,0.0
1195,3,0.7042917484193898,0.14542900810169618,0.0
1195,4,-0.0018667138121528648,0.7248735607835785,0.0
1195,5,-0.7490210327158827,0.12055272262593064,0.0
1195,6,-2.267381294111809,-0.617433203263867,0.0
1195,7,-2.792270708890557,0.30076666325374546,0.0
1195,8,-1.641446547287514,0.11857629952986637,0.0
1195,9,-1.7776883291055365,1.2441449186629834,0.0
1195,10,0.24178268062646158,1.4467915484988487,0.0
1195,11,0.22500076769897093,1.8080773688021874,0.0
1195,12,-0.9883282773409439,-1.41864471267644,0.0
1196,0,0.0,0.0,0.0
1196,1,-0.0003423254983678792,0.44651664808970903,0.0
1196,2,-0.3667531124523664,0.3268182822458712,0.0
1196,3,-0.8780705466988514,-0.5012495487760104,0.0
1196,4,-0.5670352361543143,-0.2859854856737928,0.0
1196,5,-0.552461567009938,0.35283917780830043,0.0
1196,6,-0.20407706298067052,3.2899261738244183,0.0
1197,0,0.0,0.0,0.0
1197,1,-0.5315437593116139,1.3918196367528055,0.0
1197,2,0.0369976080264145,2.5634246662615023,0.0
1197,3,-0.2836311348816516,1.479173317819968,0.0
1198,0,0.0,0.0,0.0
1198,1,1.499604728655971,2.1546718580518847,0.0
1198,2,2.5333484252170075,2.688952573234562,0.0
1199,0,0.0,0.0,0.0
1199,1,-1.6580754113575247,-1.535489650739853,0.0
1199,2,1.2438189997786488,-1.5566088419946462,0.0
1200,0,0.0,0.0,0.0
1200,1,0.2867869518637635,0.20114961606287862,0.0
1200,2,-0.008196855187761809,1.1563213991911345,0.0
1201,0,0.0,0.0,0.0
1201,1,1.268404723194101,-1.4572535233192343,0.0
1201,2,2.3775060483520485,-0.5077811531790408,0.0
1202,0,0.0,0.0,0.0
1202,1,1.4890562318578298,1.1396206488773064,0.0
1202,2,4.250017026412228,-1.0834386228113657,0.0
1203,0,0.0,0.0,0.0
1203,1,0.35078832834027285,0.5347380443449398,0.0
1203,2,-1.786488128296067,0.8818714004869707,0.0
1203,3,-0.252904655541885,-0.061881666869784135,0.0
1203,4,-2.479332826840176,-0.3970181954653852,0.0
1203,5,-1.1182393279033587,-0.5587507138666902,0.0
1204,0,0.0,0.0,0.0
1204,1,-0.8545294521204558,-1.0101761953459882,0.0
1204,2,0.3718134754894018,-1.5082605954343653,0.0
1205,0,0.0,0.0,0.0
1205,1,0.941198844292981,-0.09581426993220643,0.0
1205,2,-0.0484133959388201,-0.8493131519374175,0.0
1206,0,0.0,0.0,0.0
1206,1,0.5859916024391097,-0.03190942178474376,0.0
1206,2,2.4101549541134166,-0.06392170580833323,0.0
1206,3,0.45287957011388935,0.06284398707137084,0.0
1207,0,0.0,0.0,0.0
1207,1,0.1539380308876259,0.8551367073717104,0.0
1207,2,2.629374444485298,0.04699398310960068,0.0
1208,0,0.0,0.0,0.0
1208,1,-0.04557747272873458,-0.6448480288995677,0.0
1208,2,0.6258814966983368,-0.14570468753361143,0.0
1208,3,2.3269187909035285,2.1310386589535755,0.0
1208,4,0.6696332378771959,1.196280258004572,0.0
1208,5,0.2456293649379302,-0.24318152650536495,0.0
1208,6,1.1362433194592152,-1.0992180071184794,0.0
1208,7,1.4234493400216266,0.28105234507738186,0.0
1209,0,0.0,0.0,0.0
1209,1,-0.6687260842472798,-0.6046735793162811,0.0
1209,2,-1.8771057014712758,-0.8491877651318115,0.0
1210,0,0.0,0.0,0.0
1210,1,-0.9075539504983937,-0.5580072851052931,0.0
1210,2,1.3651162667864956,-0.4938972716132079,0.0
1211,0,0.0,0.0,0.0
1211,1,0.030470089473255912,-0.8324813064190464,0.0
1211,2,2.4797778112395297,-2.222611641214705,0.0
1211,3,1.56476191496361,-1.4415271681489816,0.0
1212,0,0.0,0.0,0.0
1212,1,0.02995231415995427,-0.9254508771051444,0.0
1212,2,1.18159078483152,-1.3412958409298528,0.0
1213,0,0.0,0.0,0.0
1213,1,-2.592357148019423,2.20859858698865,0.0
1213,2,-1.927052434515893,0.16824600096945153,0.0
1213,3,-0.5165905587145245,2.3479194230312013,0.0
1213,4,-1.5760553791879428,3.421041496668533,0.0
1213,5,-3.8042444279890546,1.3380854435939864,0.0
1213,6,-1.5969671188489645,1.1375261594938972,0.0
1213,7,-2.7907500886234784,2.0652318593556007,0.0
1213,8,-3.9748862197363275,3.5374092189505824,0.0
1214,0,0.0,0.0,0.0
1214,1,-0.041894468656634404,-0.06642918874686383,0.0
1214,2,0.7452270821526807,-0.3979774719711302,0.0
1214,3,3.755588390953384,-0.16761747426741627,0.0
1214,4,4.554372264264973,0.515422165657962,0.0
1215,0,0.0,0.0,0.0
1215,1,1.2467796018877546,-2.383209925365604,0.0
1215,2,2.1887210184929295,-3.241610297514372,0.0
1215,3,1.5116766312750975,-1.4710128458865999,0.0
1215,4,0.13046102782288715,-0.740780890898204,0.0
1216,0,0.0,0.0,0.0
1216,1,0.5723189071005934,0.2980794869720378,0.0
1216,2,0.27170172687565897,0.7884079727278965,0.0
1217,0,0.0,0.0,0.0
1217,1,0.48971403513806766,0.962303007232957,0.0
1217,2,1.3586371449124535,0.662131563464246,0.0
1218,0,0.0,0.0,0.0
1218,1,1.0468565628608275,1.8253591122968027,0.0
1218,2,2.951943119029048,3.1306715166622694,0.0
1218,3,1.7347588644231144,1.8869202171092674,0.0
1219,0,0.0,0.0,0.0
1219,1,-1.0194034853802443,0.8198338616172136,0.0
1219,2,0.31325164676144707,0.02188016936962578,0.0
1219,3,0.7307934710560628,1.8924670281806588,0.0
1220,0,0.0,0.0,0.0
1220,1,-2.2302956622713532,-1.143703161546982,0.0
1220,2,1.466328894466059,-0.3679355653275125,0.0
1220,3,0.05932352625667492,-1.2456515759875375,0.0
1220,4,-0.4908852737301561,0.10771912951892393,0.0
1220,5,-1.559752636241045,3.8692021974396815,0.0
1221,0,0.0,0.0,0.0
1221,1,-0.31258949714351436,-0.8753248013483805,0.0
1221,2,-1.927902694830423,0.48599402823612503,0.0
1222,0,0.0,0.0,0.0
1222,1,-0.1053440443407172,-1.4790349141917203,0.0
1222,2,-0.9484030726381086,-0.8328977243940878,0.0
1222,3,0.33351908212737846,-2.361896184666624,0.0
1222,4,0.10470212630046549,-5.044897486518459,0.0
1223,0,0.0,0.0,0.0
1223,1,0.9039928364142714,-0.4992958696522797,0.0
1223,2,0.7571582597763289,2.3140527726043767,0.0
1224,0,0.0,0.0,0.0
1224,1,0.4003735753689388,-0.31155158605224664,0.0
1224,2,-1.7800759714748149,-0.5898444032647439,0.0
1225,0,0.0,0.0,0.0
1225,1,-0.7947425397025398,2.4463176725608275,0.0
1225,2,-1.516982302165687,1.8757461948526633,0.0
1226,0,0.0,0.0,0.0
1226,1,-1.5501260797319405,1.8415563001744115,0.0
1226,2,-1.278401945530651,1.780467516349573,0.0
1226,3,-2.609386053031419,3.5749136848161758,0.0
1227,0,0.0,0.0,0.0
1227,1,-0.5728391517341658,0.7843599470232747,0.0
1227,2,-1.5981128221325722,2.5490405893330377,0.0
1228,0,0.0,0.0,0.0
1228,1,-1.7492582971557824,-1.101478039785343,0.0
1228,2,-1.6898682320605256,-1.3377196991331397,0.0
1228,3,-1.780641047521039,-2.2031900385512078,0.0
1229,0,0.0,0.0,0.0
1229,1,-0.3641333350636662,-2.557786805268246,0.0
1229,2,-1.4441817059646334,-3.4800434095122603,0.0
1229,3,-0.02245212050533918,-2.985282550039942,0.0
1229,4,0.02364163074175618,-2.4876485945291926,0.0
1230,0,0.0,0.0,0.0
1230,1,-1.6674955358662134,2.1100965980131816,0.0
1230,2,-2.211430491350782,0.37218579093914717,0.0
1231,0,0.0,0.0,0.0
1231,1,-1.2044104017623953,-1.5128892384858028,0.0
1231,2,-3.209271309060936,-0.7107446739964176,0.0
1232,0,0.0,0.0,0.0
1232,1,1.7750346110296724,0.26322427413867766,0.0
1232,2,4.168901420505494,1.4444389771278905,0.0
1233,0,0.0,0.0,0.0
1233,1,-0.38019909141014574,1.8998732523483948,0.0
1233,2,-1.2289846111456506,1.1094254026621209,0.0
1233,3,-1.190674161727816,2.3489956510394405,0.0
1233,4,0.09571171823890012,4.184532353531307,0.0
1234,0,0.0,0.0,0.0
1234,1,-0.6796387198818299,0.14546325634445,0.0
1234,2,2.051673186399414,-1.1783643380573519,0.0
1234,3,1.7209345241997585,0.5005763494990012,0.0
1234,4,0.7389426010223733,0.6503443290551163,0.0
1234,5,2.037453576032846,0.07441177182157133,0.0
1235,0,0.0,0.0,0.0
1235,1,-1.1268204385623095,-0.9073160925566992,0.0
1235,2,0.5675244267905166,-2.6478660269928316,0.0
1235,3,2.0616799254393876,-4.304190125848924,0.0
1235,4,2.2502938811092665,-4.4064085465812965,0.0
1235,5,2.4463673321749995,-6.133982243910916,0.0
1235,6,3.0911043539212035,-4.2140587696114356,0.0
1235,7,2.943083714165717,-4.361848968315391,0.0
1236,0,0.0,0.0,0.0
1236,1,0.9510443394553233,-2.55648365655061,0.0
1236,2,1.2543687489287554,-2.0870490829070736,0.0
1236,3,1.7897710310109538,-2.7456142357893714,0.0
1236,4,1.7119641926168838,-1.3167719328178695,0.0
1236,5,3.457546117257725,-0.8003447157561865,0.0
1236,6,1.872190974272026,-2.3453803641417323,0.0
1236,7,1.934869436376312,-2.71252632338442,0.0
1236,8,0.45177505957512565,-2.259346740487892,0.0
1236,9,-0.46787209818509945,-1.511609111827142,0.0
1237,0,0.0,0.0,0.0
1237,1,2.206092616769065,-0.3945550302643528,0.0
1237,2,-0.4087487305181039,1.8938724824666155,0.0
1238,0,0.0,0.0,0.0
1238,1,1.5540504374737627,-0.6108092505220772,0.0
1238,2,1.8081712717591083,0.29114515008146347,0.0
1238,3,0.7166359978916006,0.9456888541089992,0.0
1239,0,0.0,0.0,0.0
1239,1,-0.9918611178779257,0.40084956470338706,0.0
1239,2,-1.8220676977265207,-0.13741027639206427,0.0
1240,0,0.0,0.0,0.0
1240,1,-0.4950832089945904,1.5676112360245706,0.0
1240,2,-0.16755329818352793,0.49302610983768214,0.0
1241,0,0.0,0.0,0.0
1241,1,0.8348255366147546,-0.14224193965850096,0.0
1241,2,-0.7545049164971716,1.9407879905240777,0.0
1241,3,-1.5487884313090194,1.1893791456352232,0.0
1242,0,0.0,0.0,0.0
1242,1,0.06903387060943245,-0.7329400813628676,0.0
1242,2,-0.002329905059883064,-2.3157872567424644,0.0
1243,0,0.0,0.0,0.0
1243,1,0.564707929678206,2.197039301601671,0.0
1243,2,-1.1555736589664802,0.08607069188271155,0.0
1244,0,0.0,0.0,0.0
1244,1,-0.3008377181340216,-0.3084335894799608,0.0
1244,2,0.41557999981660265,0.9848116066117121,0.0
1245,0,0.0,0.0,0.0
1245,1,-1.0206091697259998,-0.29498132237535335,0.0
1245,2,1.091101133172276,2.673946194092266,0.0
1246,0,0.0,0.0,0.0
1246,1,-0.66883385500313,-0.9609878104708807,0.0
1246,2,-1.8422550904253148,-2.7726161575072514,0.0
1247,0,0.0,0.0,0.0
1247,1,-1.7919391179220523,-0.16940091330020549,0.0
1247,2,1.2720549924169424,0.34680515237026455,0.0
1248,0,0.0,0.0,0.0
1248,1,-0.14283699012662088,1.6891777515407214,0.0
1248,2,-0.917438248815753,2.3195069276536766,0.0
1249,0,0.0,0.0,0.0
1249,1,-3.020875160273004,0.468315189843753,0.0
1249,2,0.3062118608457469,2.533349552127917,0.0
1250,0,0.0,0.0,0.0
1250,1,-0.9712264924039677,2.0589487788734315,0.0
1250,2,-0.9379065877502493,2.665931018873011,0.0
1250,3,-2.331747814286684,2.3290285397342174,0.0
1250,4,-2.6739124545311936,2.3282627094417045,0.0
1251,0,0.0,0.0,0.0
1251,1,-2.362549261169957,-1.9208951739751354,0.0
1251,2,-1.7985458391543099,-0.6950132820342486,0.0
1251,3,-1.381177397868802,-0.48033621689179407,0.0
1251,4,0.19241207994695508,0.8928740832986736,0.0
1251,5,-1.3260097614675166,0.9378853307926848,0.0
1252,0,0.0,0.0,0.0
1252,1,-0.7295744723061168,0.485567364089847,0.0
1252,2,-0.7347611804586559,0.7517513276339602,0.0
1252,3,0.19405268101984485,-0.8895082427681016,0.0
1252,4,2.13882875674984,-0.6704254993459392,0.0
1253,0,0.0,0.0,0.0
1253,1,1.520266186737106,0.5508557886369799,0.0
1253,2,3.210158369776856,0.4299212734539236,0.0
1253,3,1.806888869795765,0.5947421524419042,0.0
1253,4,3.5274305358678912,1.7035734065063541,0.0
1253,5,3.9426285572476854,1.0313641568560914,0.0
1254,0,0.0,0.0,0.0
1254,1,0.865083484001792,1.9661090197965292,0.0
1254,2,2.0497402471647046,2.7111605039367848,0.0
1254,3,0.3159617537837853,3.5379428073867705,0.0
1254,4,0.3644959985231393,-0.986795939819125,0.0
1254,5,-1.1477146501757263,0.3866528046513954,0.0
1255,0,0.0,0.0,0.0
1255,1,0.9170762428399257,0.16378852498273955,0.0
1255,2,-1.3955961216267858,-0.14852172189085955,0.0
1255,3,1.0494921708524623,1.1376388362387586,0.0
1255,4,-2.0668910542464043,-1.762801915330496,0.0
1256,0,0.0,0.0,0.0
1256,1,2.6210495727555148,-0.04584031452686599,0.0
1256,2,2.7442586341180517,-0.3267800886124237,0.0
1257,0,0.0,0.0,0.0
1257,1,-0.05483504816985196,1.1522738998416953,0.0
1257,2,0.41932722611315987,3.4092706477991817,0.0
1257,3,1.361948814937297,6.2739896665291175,0.0
1257,4,0.5028534411758382,6.441223933197458,0.0
1258,0,0.0,0.0,0.0
1258,1,2.6671723506860574,0.7847008907495563,0.0
1258,2,3.5406220802951798,0.5111481390466655,0.0
1259,0,0.0,0.0,0.0
1259,1,-0.8072858693830121,3.354088377313169,0.0
1259,2,0.7195907717572285,1.5171062898484031,0.0
1260,0,0.0,0.0,0.0
1260,1,2.004822797762924,1.5408862676446995,0.0
1260,2,0.9506365793458068,2.93880564973325,0.0
1260,3,0.6395605615715896,-0.07367066761915647,0.0
1261,0,0.0,0.0,0.0
1261,1,-0.08260460054127527,-2.6420893350652306,0.0
1261,2,0.5596742321699586,-1.24326706488484,0.0
1262,0,0.0,0.0,0.0
1262,1,-0.6416624144045129,0.3381500783076685,0.0
1262,2,-1.8440055677840557,-1.0095266822785365,0.0
1263,0,0.0,0.0,0.0
1263,1,-0.36580125250483586,3.3899913281673753,0.0
1263,2,0.3728273834860672,1.816806914667654,0.0
1263,3,0.1999947406179287,-0.1916955152891069,0.0
1263,4,-1.0487947279366183,0.6848310520756717,0.0
1264,0,0.0,0.0,0.0
1264,1,-1.0150631611076755,-0.42187267975941456,0.0
1264,2,0.32383044712298226,0.497437250916108,0.0
1265,0,0.0,0.0,0.0
1265,1,2.034132229290998,-0.07864647396349334,0.0
1265,2,3.7835005921649523,-1.5364378630646869,0.0
1266,0,0.0,0.0,0.0
1266,1,0.3764942808182874,0.23298727929829033,0.0
1266,2,1.5817608833594665,1.1852391331326593,0.0
1266,3,4.627802423461093,3.017663263705247,0.0
1266,4,-0.014165009519607086,4.9055258017200405,0.0
1266,5,-0.16925434140480222,3.758259372733423,0.0
1266,6,0.45156795251835247,3.9843447999708217,0.0
1267,0,0.0,0.0,0.0
1267,1,1.2054886637808033,1.728154750618393,0.0
1267,2,2.205761835543048,3.276246047958108,0.0
1267,3,0.5922421039972519,3.1984112923555004,0.0
1268,0,0.0,0.0,0.0
1268,1,1.0378169134252468,0.2926223271371379,0.0
1268,2,0.2456485762835039,-0.7614611653657166,0.0
1269,0,0.0,0.0,0.0
1269,1,-0.6653174636455637,-0.5687882162215295,0.0
1269,2,1.9110786773993915,0.5889706599789822,0.0
1269,3,1.4085509729269559,1.5277260959784429,0.0
1269,4,1.2735460618691443,0.8568720276190853,0.0
1270,0,0.0,0.0,0.0
1270,1,-0.7388575808103683,-0.277711443036754,0.0
1270,2,-0.3462270519012689,0.6183099326814634,0.0
1270,3,0.48921614513963263,0.7135172167417008,0.0
1271,0,0.0,0.0,0.0
1271,1,-0.11632663364595253,2.4349196858861197,0.0
1271,2,-0.4896552079610167,-0.06406786656547003,0.0
1271,3,0.5074419338825156,-0.5557557717643806,0.0
1271,4,1.7737419725276724,1.3573577900900085,0.0
1271,5,0.7766441289295205,-0.397061441960722,0.0
1271,6,0.03843455867557166,0.4720320300435875,0.0
1271,7,1.319386108645761,-0.9217114344610658,0.0
1271,8,2.6130177541651007,-0.680480884475327,0.0
1272,0,0.0,0.0,0.0
1272,1,-1.2019374766661364,1.849553810333847,0.0
1272,2,2.6419344427855833,2.2273963679997864,0.0
1273,0,0.0,0.0,0.0
1273,1,-2.7642536634076054,2.1434197538316813,0.0
1273,2,-1.5607408561370861,3.1734151720041366,0.0
1274,0,0.0,0.0,0.0
1274,1,-2.0424668507838755,0.09884129008870973,0.0
1274,2,0.381089272236097,1.729068293801508,0.0
1274,3,-1.4047539497485397,-0.048988019194141835,0.0
1274,4,-0.10678599398237898,-1.138218809065512,0.0
1274,5,2.1974567121258852,0.39039783963970476,0.0
1274,6,1.029658355508005,-1.6034150875696038,0.0
1274,7,-1.1411841186378202,-0.2999393228745968,0.0
1274,8,0.2093980369498436,-2.148055168651021,0.0
1274,9,-0.7704593268695461,-2.856577855672423,0.0
1274,10,0.6594162287775083,-2.4822196042730553,0.0
1274,11,1.7813137587340289,-3.466888474363158,0.0
1274,12,0.39618583293232157,-1.5200054371943417,0.0
1274,13,-1.6814938003972324,-0.5357564979686319,0.0
1274,14,-1.3999148951829699,-4.061109360354392,0.0
1275,0,0.0,0.0,0.0
1275,1,0.992070547156443,-0.42496233022789587,0.0
1275,2,1.288054761158907,-1.8445970146695307,0.0
1275,3,0.8093933637315909,-2.75722090643785,0.0
1276,0,0.0,0.0,0.0
1276,1,-1.0396767021758617,0.6533116215962806,0.0
1276,2,-0.3389626928392173,0.9268871608025623,0.0
1277,0,0.0,0.0,0.0
1277,1,-1.387467987436567,0.9818347139840559,0.0
1277,2,-1.9104478969039767,3.117087762639974,0.0
1278,0,0.0,0.0,0.0
1278,1,-2.5700410538714875,1.858177845996585,0.0
1278,2,-2.716628817064999,0.7072026301704479,0.0
1278,3,-4.75881182058837,0.6566258798503839,0.0
1279,0,0.0,0.0,0.0
1279,1,0.6668496797907739,2.812714062291815,0.0
1279,2,-1.9665519120624768,2.804120917485046,0.0
1280,0,0.0,0.0,0.0
1280,1,-1.1676583698793892,-1.3674773410640606,0.0
1280,2,-0.4065769011341244,-0.6182052613212579,0.0
1281,0,0.0,0.0,0.0
1281,1,-0.7732706837443459,1.028880133936585,0.0
1281,2,-2.724920299616496,2.9104200693090556,0.0
1281,3,-1.4679327477233637,-0.24882152891954845,0.0
1281,4,0.33148684137594153,0.7149578412108814,0.0
1282,0,0.0,0.0,0.0
1282,1,1.1563673765145728,1.2647844641552721,0.0
1282,2,1.0574700579621292,0.9006706299316292,0.0
1282,3,-1.0998146685306196,3.4498648587890894,0.0
1282,4,0.7456829938990176,3.0996230266215683,0.0
1283,0,0.0,0.0,0.0
1283,1,-2.1777344626111925,-0.6735451754900575,0.0
1283,2,-1.762829048517819,-1.1382601951337477,0.0
1283,3,-2.141132756102691,0.3467275958808099,0.0
1284,0,0.0,0.0,0.0
1284,1,-0.1454909607021676,-1.1069794831962958,0.0
1284,2,-0.6621971847384087,-1.4982140767929017,0.0
1284,3,1.2169969675369068,-0.9871498294436903,0.0
1284,4,0.5008782475073762,-1.8364333952357037,0.0
1284,5,0.04038976828090324,0.2909602004233557,0.0
1284,6,-0.16361401626570804,-1.6406803298563655,0.0
1284,7,0.5544048415320997,-2.355974931527892,0.0
1284,8,-0.9915012464441904,-0.07056244887443797,0.0
1284,9,-1.172542942518451,-0.9863400936286927,0.0
1284,10,-0.06509572515303907,-1.7212241960126389,0.0
1284,11,-1.3708112443016205,0.7985500569514036,0.0
1284,12,-0.6975227862044118,0.7733202119723728,0.0
1284,13,-1.9614496743353371,1.0863634570009273,0.0
1285,0,0.0,0.0,0.0
1285,1,0.8456891559310777,0.2209784332729836,0.0
1285,2,-2.138595255057779,2.41074840199047,0.0
1285,3,-0.8243795943168264,0.3247971555657758,0.0
1285,4,-1.8480099401594965,-0.7402937355292503,0.0
1286,0,0.0,0.0,0.0
1286,1,-0.20894962506980652,-1.8324616564827199,0.0
1286,2,-0.177881802501903,-4.0337281149687705,0.0
1286,3,-1.7830131967854965,-3.1548923396362722,0.0
1287,0,0.0,0.0,0.0
1287,1,0.6057406197703863,-0.28436056131559995,0.0
1287,2,0.9936986692808063,-0.1055970482980324,0.0
1287,3,0.9338714712546106,-2.673612231229856,0.0
1288,0,0.0,0.0,0.0
1288,1,0.9636635994118019,0.2680802354069787,0.0
1288,2,1.2763884863902795,1.7472524468895758,0.0
1288,3,2.005169713600205,0.6278515459565059,0.0
1288,4,0.8039677373674321,-0.7414975879030119,0.0
1288,5,0.9080451188433001,0.7757907317199859,0.0
1288,6,2.0383890447016872,0.3591023776519403,0.0
1289,0,0.0,0.0,0.0
1289,1,-1.1847184774983037,2.2038559581616877,0.0
1289,2,-0.09806256197247976,0.8849283825564496,0.0
1290,0,0.0,0.0,0.0
1290,1,-2.9396206813120993,2.1369114252355264,0.0
1290,2,-1.1991992416624355,0.9655364884196564,0.0
1290,3,-3.3973562076011863,0.8853426854776658,0.0
1290,4,-2.7867249353924604,-1.7235962679908985,0.0
1290,5,-3.474290421567457,-0.34294016134316996,0.0
1290,6,-2.682119821043043,-0.0208897989352419,0.0
1290,7,-2.291594807480531,-0.6996135528774063,0.0
1290,8,-2.152641419225115,1.1177389785107157,0.0
1291,0,0.0,0.0,0.0
1291,1,1.6062508483047668,1.5229307898067173,0.0
1291,2,-0.8939739416340935,2.142717423067868,0.0
1291,3,-1.9816432843843785,2.5252701554508654,0.0
1291,4,0.08677121550048006,-1.1604703804474938,0.0
1292,0,0.0,0.0,0.0
1292,1,0.6159408210582802,-0.38578030037292055,0.0
1292,2,1.3160299495567975,0.797196041011276,0.0
1292,3,3.797200229995706,0.1065604242237248,0.0
1293,0,0.0,0.0,0.0
1293,1,-1.5445090226029663,0.1581506513854679,0.0
1293,2,-2.3440218529435732,1.1947475411385124,0.0
1293,3,-0.9064340680269556,-0.44292828898777503,0.0
1293,4,0.4545260457333695,1.458607010757935,0.0
1294,0,0.0,0.0,0.0
1294,1,-0.4018977916166849,1.5589602695032285,0.0
1294,2,-0.08883110676248956,-0.5156481291398175,0.0
1294,3,2.145096271388254,-0.31743998879181345,0.0
1294,4,-0.45574399684616745,-1.028805254532676,0.0
1295,0,0.0,0.0,0.0
1295,1,1.9955645039676067,-2.4369114392362223,0.0
1295,2,2.0962485394296313,-1.9743762498387314,0.0
1296,0,0.0,0.0,0.0
1296,1,-0.9082965734988243,0.7097482425901238,0.0
1296,2,-2.636023906764386,1.344934214160856,0.0
1297,0,0.0,0.0,0.0
1297,1,0.562347104077859,2.5604466722292165,0.0
1297,2,0.39313486612393866,3.6946882605875047,0.0
1297,3,-2.3006171969197684,4.432235688948051,0.0
1297,4,-1.8898254732368969,2.7072395547254913,0.0
1297,5,-2.747915104042386,3.561960626017321,0.0
1298,0,0.0,0.0,0.0
1298,1,1.4902007185124122,-1.5943866017007038,0.0
1298,2,1.0029578172505675,-3.5009090744244613,0.0
1299,0,0.0,0.0,0.0
1299,1,-2.2947186093596654,-0.28952529844544994,0.0
1299,2,-4.277690737762291,-0.22578810091474888,0.0
1300,0,0.0,0.0,0.0
1300,1,-1.2639033149295138,1.8976701467848993,0.0
1300,2,-1.5938779074943505,3.063064440028658,0.0
1300,3,-0.09679595608802916,3.832724515125834,0.0
1300,4,-2.0090531467557136,4.164314078183817,0.0
1300,5,-3.7887706467486924,5.408891556413239,0.0
1300,6,-1.3645335996166579,4.631888984395634,0.0
1300,7,-2.7314967192430473,5.50250923938267,0.0
1300,8,-0.02970313942496161,5.695234602841383,0.0
1300,9,-0.4541434539329615,6.03005455361806,0.0
1300,10,-1.836009320616066,3.5865201820600143,0.0
1301,0,0.0,0.0,0.0
1301,1,2.389238553630424,1.298882391611814,0.0
1301,2,1.058323942626883,1.5233239927750484,0.0
1301,3,1.967542239928166,2.2224006639669187,0.0
1301,4,2.3576849040672263,4.211866022808687,0.0
1302,0,0.0,0.0,0.0
1302,1,-0.3627295620056208,2.9378554849669953,0.0
1302,2,-2.162757545486693,-0.47872338062885234,0.0
1302,3,-3.0567756350244473,-0.14940930336022054,0.0
1302,4,-3.799561835319633,0.46356689207511015,0.0
1302,5,-3.236766944167765,0.468042250251968,0.0
1303,0,0.0,0.0,0.0
1303,1,2.5503179075327447,1.5135761016435914,0.0
1303,2,2.6675626002894757,0.30064866915758487,0.0
1303,3,2.0270632102325874,2.2148300953624505,0.0
1304,0,0.0,0.0,0.0
1304,1,2.415914920679921,-1.377727092045478,0.0
1304,2,2.631506642901759,-1.297414994474386,0.0
1305,0,0.0,0.0,0.0
1305,1,1.3631179049133804,-0.6386297259761173,0.0
1305,2,1.6141939772140033,-0.088983107057935,0.0
1305,3,2.3712420035329123,1.7344500224257895,0.0
1306,0,0.0,0.0,0.0
1306,1,-1.941825376053733,0.2223732254243389,0.0
1306,2,-0.8611605647071336,0.993229258202887,0.0
1307,0,0.0,0.0,0.0
1307,1,0.9408530894776534,-1.0301762600388407,0.0
1307,2,2.723387399764453,-1.9127522955419805,0.0
1307,3,0.39395612170656946,-2.41896886875773,0.0
1308,0,0.0,0.0,0.0
1308,1,0.22406012582196333,-2.488908768134344,0.0
1308,2,-2.3324125544118104,-2.9330538810078077,0.0
1308,3,0.3781573568914053,-2.627590535658113,0.0
1308,4,-0.21755519187728378,-2.9361558108965027,0.0
1308,5,-1.0263796211817762,-2.190378614056889,0.0
1308,6,-1.4361708184793596,-1.4768618802823403,0.0
1308,7,1.313484439188148,-2.5683989853773874,0.0
1308,8,1.0473419893377791,-0.05386976727366262,0.0
1309,0,0.0,0.0,0.0
1309,1,1.184800705519509,0.07487536752938073,0.0
1309,2,-0.9852522174246117,-0.3608907802390964,0.0
1309,3,-0.9138622254706879,1.4731444827780713,0.0
1309,4,-1.0042665409223486,-0.4625830303460958,0.0
1310,0,0.0,0.0,0.0
1310,1,-0.5971114387376197,0.7225065934433741,0.0
1310,2,-0.7911778327112797,0.8433152403191049,0.0
1311,0,0.0,0.0,0.0
1311,1,-0.13511032514466947,0.5047334023449114,0.0
1311,2,-0.9807252931657435,0.45034907063381835,0.0
1312,0,0.0,0.0,0.0
1312,1,-1.4000371598621144,1.7917434456932209,0.0
1312,2,-2.7479368060549674,2.3202210410470716,0.0
1313,0,0.0,0.0,0.0
1313,1,-1.205516121018881,-0.3318732994489155,0.0
1313,2,0.5835707160942099,2.226408754285743,0.0
1313,3,-1.3973971355826926,0.4135675241669762,0.0
1313,4,-3.6759578718901667,-0.9203029303347522,0.0
1314,0,0.0,0.0,0.0
1314,1,1.4706302066143853,3.2077369505860434,0.0
1314,2,0.7628592653406785,4.822964041977717,0.0
1315,0,0.0,0.0,0.0
1315,1,-0.8478186212831053,-0.13721295462261263,0.0
1315,2,1.2554184356987843,-0.9657599885544204,0.0
1315,3,-0.5337254251492792,-0.32109024862656566,0.0
1315,4,2.607163763684592,0.7217779338496362,0.0
1315,5,2.4177551631594683,1.072774245044595,0.0
1315,6,4.1960008300933875,0.5237783040988648,0.0
1316,0,0.0,0.0,0.0
1316,1,1.8980974489747586,0.3459066678911873,0.0
1316,2,-0.3420676296383034,2.372627398798574,0.0
1316,3,-0.5291909195763529,0.4442343571593641,0.0
1316,4,-0.6189172819782822,-0.2888353589168391,0.0
1316,5,-1.592700647182325,1.0944097381191078,0.0
1317,0,0.0,0.0,0.0
1317,1,0.95892461272637,-2.762743062212645,0.0
1317,2,-1.8106707341526966,-1.2426190230759158,0.0
1318,0,0.0,0.0,0.0
1318,1,0.9841935656094107,0.6921114775629675,0.0
1318,2,-0.4062004358453153,2.3899803379540607,0.0
1318,3,-1.1605232306689772,1.8746447920987375,0.0
1318,4,-1.848465758279543,1.612852406533359,0.0
1319,0,0.0,0.0,0.0
1319,1,-1.1240533240259305,-2.396865742000683,0.0
1319,2,-1.8094254469473712,-2.296969665681078,0.0
1319,3,-2.096825293888741,1.014290528327104,0.0
1320,0,0.0,0.0,0.0
1320,1,-0.9059944669068665,0.8126192031900671,0.0
1320,2,-1.7068333937977882,1.2512375617653841,0.0
1321,0,0.0,0.0,0.0
1321,1,-1.6013378360857875,-0.483140481049313,0.0
1321,2,-0.23562102615215985,-0.3845501684001241,0.0
1321,3,0.05034707050772247,1.4904450821745492,0.0
1321,4,0.09909383738166078,2.54104935216004,0.0
1322,0,0.0,0.0,0.0
1322,1,2.755564005746178,1.5776294414364622,0.0
1322,2,3.147752798067047,0.46328400856127194,0.0
1323,0,0.0,0.0,0.0
1323,1,-0.524472811825251,0.502071285511762,0.0
1323,2,-1.901510894980778,-0.6353693598116413,0.0
1323,3,-1.521083734495456,-1.3777254376010455,0.0
1323,4,-5.013688573357369,0.5162865446713705,0.0
1323,5,-5.58111793173198,0.37676722732347506,0.0
1324,0,0.0,0.0,0.0
1324,1,-1.4267199590022988,-1.7519564356881214,0.0
1324,2,-0.40712668263681806,-2.397019733620848,0.0
1325,0,0.0,0.0,0.0
1325,1,0.5453333415198526,0.15526801734669066,0.0
1325,2,1.4068574444946083,0.8261711249369541,0.0
1326,0,0.0,0.0,0.0
1326,1,0.8438420849603017,-3.758560999084082,0.0
1326,2,3.2519370621523205,-2.60498556432438,0.0
1326,3,5.829191426978493,-3.6317822054878155,0.0
1326,4,3.605350901264504,-2.90640496074497,0.0
1326,5,3.643184214029856,-1.8162466010784046,0.0
1326,6,4.055171340962126,-4.107240315251201,0.0
1326,7,4.015602868400729,-2.3318048300782115,0.0
1326,8,2.8751061329760454,-4.063631143890658,0.0
1327,0,0.0,0.0,0.0
1327,1,-0.0664289152607499,-0.020509313970033416,0.0
1327,2,-0.7115746071272303,0.29690975711484446,0.0
1328,0,0.0,0.0,0.0
1328,1,-2.793830675345963,-1.1935018143987168,0.0
1328,2,-3.634344408996575,-2.178727069062724,0.0
1329,0,0.0,0.0,0.0
1329,1,1.2048471281457154,-1.9234332755863717,0.0
1329,2,0.5792124097020435,-1.5922725176389165,0.0
1330,0,0.0,0.0,0.0
1330,1,0.6302341140048224,0.9825804751639283,0.0
1330,2,-0.05704641142552558,0.3696700327576782,0.0
1330,3,0.7549748255224802,-0.004913948602126794,0.0
1330,4,1.8157888267222726,-0.24348863776292828,0.0
1330,5,1.660988516159082,0.7511020093939821,0.0
1331,0,0.0,0.0,0.0
1331,1,-0.39167020868242197,2.4046230174845467,0.0
1331,2,0.28178152007816415,1.350035610438726,0.0
1331,3,-0.1536649449444989,-0.08460115333139129,0.0
1331,4,0.10631181802969603,-0.28358600333377826,0.0
1331,5,1.6391141381025034,1.291242530717894,0.0
1332,0,0.0,0.0,0.0
1332,1,0.6800153108441918,0.11348783957722097,0.0
1332,2,2.385293524508455,-0.033432415727896014,0.0
1332,3,1.635560883943319,-0.9533456477661559,0.0
1333,0,0.0,0.0,0.0
1333,1,-0.5706245920549682,-1.6940791689099108,0.0
1333,2,0.39128461736930364,0.1711145535542431,0.0
1334,0,0.0,0.0,0.0
1334,1,1.5423094043649954,-0.0017243193936709034,0.0
1334,2,1.1236981703384226,0.713833543242207,0.0
1334,3,0.2637514682093558,0.8924659275669637,0.0
1335,0,0.0,0.0,0.0
1335,1,0.48821975405098006,1.4466671173273924,0.0
1335,2,0.7362949156668519,0.7952988661697188,0.0
1336,0,0.0,0.0,0.0
1336,1,1.6950178152472979,0.6855598467937714,0.0
1336,2,2.2132219663460004,0.06326605078920661,0.0
1336,3,2.546751687622627,-1.0166682703512284,0.0
1337,0,0.0,0.0,0.0
1337,1,2.947514204703305,-0.32371910192584785,0.0
1337,2,0.6378977536694492,0.04878000449107939,0.0
1338,0,0.0,0.0,0.0
1338,1,-0.4308206235959644,-0.24990532523012085,0.0
1338,2,0.8364927160516828,1.120906825870138,0.0
1339,0,0.0,0.0,0.0
1339,1,-3.5782602273364885,0.6727526076008736,0.0
1339,2,-1.876148327785086,1.128362791384992,0.0
1340,0,0.0,0.0,0.0
1340,1,-0.4544391053501768,0.05654473472553134,0.0
1340,2,-2.6238326183215985,0.7828578794281376,0.0
1340,3,-1.5466184773016705,-0.24745452077840713,0.0
1341,0,0.0,0.0,0.0
1341,1,-0.3975006016948328,-0.24436278241579334,0.0
1341,2,-2.485520618105256,0.11261833768621865,0.0
1342,0,0.0,0.0,0.0
1342,1,0.03444212239571631,0.27452775847757455,0.0
1342,2,-1.9333698960356354,0.43861400268135187,0.0
1343,0,0.0,0.0,0.0
1343,1,-1.4027564105238686,1.1021328420251801,0.0
1343,2,-3.527257655828074,0.375603993456022,0.0
1343,3,-2.059700425781818,0.28153873886179404,0.0
1344,0,0.0,0.0,0.0
1344,1,0.6859924192946267,2.8830515235205447,0.0
1344,2,-0.4954303389423971,4.567982640969416,0.0
1344,3,-0.8439403871696559,4.731240109617902,0.0
1345,0,0.0,0.0,0.0
1345,1,1.1303806840458848,0.49679518086542895,0.0
1345,2,0.13640021406655223,-0.2141233744221724,0.0
1345,3,0.3266853754125696,0.8885669070929849,0.0
1345,4,0.8756804161203595,0.16981008525561506,0.0
1346,0,0.0,0.0,0.0
1346,1,1.1988352470482277,0.9701232279723523,0.0
1346,2,-0.8785133775022065,1.7169409765577477,0.0
1347,0,0.0,0.0,0.0
1347,1,-0.9982623806648192,1.917150429379856,0.0
1347,2,0.22099567303060064,-0.31713906877815345,0.0
1347,3,0.2697791333483095,0.5425683976843235,0.0
1348,0,0.0,0.0,0.0
1348,1,1.1615083823966967,1.9545474000120986,0.0
1348,2,0.5631636501375914,-0.4969073185770816,0.0
1348,3,1.0495277101987386,0.5515969169277348,0.0
1348,4,0.7691836234389888,2.298314845172788,0.0
1348,5,0.9598355964412963,1.09566121524762,0.0
1349,0,0.0,0.0,0.0
1349,1,-0.9391627400700431,0.547163509736246,0.0
1349,2,0.5338914496197769,0.8285155176600685,0.0
1350,0,0.0,0.0,0.0
1350,1,0.9727106647756348,2.3814108793761846,0.0
1350,2,1.8689731598019277,2.1198801750302745,0.0
1350,3,-0.6649889504788237,1.8455060677662682,0.0
1350,4,0.891762241990781,0.4779472714207581,0.0
1351,0,0.0,0.0,0.0
1351,1,-1.420288954031164,0.23948548028678984,0.0
1351,2,-1.7110516712512487,1.1729609303833268,0.0
1351,3,0.41759479195592597,1.76889773937044,0.0
1352,0,0.0,0.0,0.0
1352,1,-0.6249216344446544,-0.2975743818126646,0.0
1352,2,-0.7728631139777699,1.3916183045118011,0.0
1352,3,-0.5141033613416164,2.0279941151707974,0.0
1353,0,0.0,0.0,0.0
1353,1,1.0075410422074553,1.142128321038663,0.0
1353,2,4.602553301877215,1.7743672395185117,0.0
1354,0,0.0,0.0,0.0
1354,1,0.3240063264015619,-0.14001334636513263,0.0
1354,2,1.3110721763387954,-0.864197088640619,0.0
1354,3,1.5748144620337712,-2.135982890198026,0.0
1354,4,1.5574428984094082,-1.3377795051486248,0.0
1355,0,0.0,0.0,0.0
1355,1,-0.46860110535433097,1.684300754259452,0.0
1355,2,0.3882366543324054,1.3515984189389951,0.0
1356,0,0.0,0.0,0.0
1356,1,0.439504197309782,-4.178802789845742,0.0
1356,2,-0.007519924094424035,-2.492648733594022,0.0
1357,0,0.0,0.0,0.0
1357,1,-0.6764573579502928,0.7877013031215178,0.0
1357,2,-2.1381276219000025,0.47369196601992863,0.0
1357,3,-4.753429936755753,1.6973341316638875,0.0
1357,4,-5.445995735978696,3.386124947856594,0.0
1357,5,-4.222348036023804,2.824363830822687,0.0
1358,0,0.0,0.0,0.0
1358,1,-1.4044047187406314,2.0071813787741,0.0
1358,2,-0.3298589227834239,1.7228993690793022,0.0
1359,0,0.0,0.0,0.0
1359,1,-2.2227500425606928,-0.43452746014024846,0.0
1359,2,-1.2071675696940203,-2.1009810096827155,0.0
1360,0,0.0,0.0,0.0
1360,1,0.988028606789062,0.336210272180675,0.0
1360,2,0.4883571026529137,0.6597803066583809,0.0
1360,3,1.0353263870095648,0.3507625453706198,0.0
1361,0,0.0,0.0,0.0
1361,1,-1.652255950203947,0.594809232777638,0.0
1361,2,-2.422419190316099,0.19323631399034702,0.0
1362,0,0.0,0.0,0.0
1362,1,0.3160025439689653,-0.49824911994652066,0.0
1362,2,-3.101258058933748,-1.5468562669213923,0.0
1362,3,-1.7473547382257137,-1.7557771656347725,0.0
1362,4,-1.9508405767873316,0.8896179408837519,0.0
1362,5,-3.851654052178601,-0.4326816649403056,0.0
1363,0,0.0,0.0,0.0
1363,1,-2.152224458022892,0.6241880236534704,0.0
1363,2,-3.0168898022742994,0.48209196824042655,0.0
1364,0,0.0,0.0,0.0
1364,1,1.9975684113686456,1.3986914167912312,0.0
1364,2,1.2847403734245182,0.44840519786519384,0.0
1365,0,0.0,0.0,0.0
1365,1,-1.173751188206884,-0.847844576737699,0.0
1365,2,-0.21474456820437515,-1.0006748230293747,0.0
1365,3,-0.6813075572033895,-1.1049277332422778,0.0
1365,4,-2.041694095966225,-0.5619347739938492,0.0
1366,0,0.0,0.0,0.0
1366,1,-1.133006121669101,-0.08260350831147589,0.0
1366,2,-1.252384538546007,0.9587557469507522,0.0
1366,3,-0.5861982188485073,2.751663291161333,0.0
1367,0,0.0,0.0,0.0
1367,1,-1.6468438113113621,0.8880067734959448,0.0
1367,2,-3.227653878539495,0.5035311712130384,0.0
1368,0,0.0,0.0,0.0
1368,1,-2.3170534083183547,-0.09960440655013254,0.0
1368,2,-1.03232264746484,-1.0718716931344754,0.0
1369,0,0.0,0.0,0.0
1369,1,2.304694048915133,-0.04767867448740848,0.0
1369,2,1.6100927868637558,0.28849136820018595,0.0
1370,0,0.0,0.0,0.0
1370,1,-2.9500475407999804,0.1626652628013292,0.0
1370,2,-0.6807851712550521,-0.21434258136980766,0.0
1370,3,-1.1765437287188656,-1.590594829531351,0.0
1370,4,-1.142428172844098,1.07802031955277,0.0
1370,5,-1.533814268816859,1.648482278717399,0.0
1370,6,-0.39770671679986025,-1.3196355392777686,0.0
1371,0,0.0,0.0,0.0
1371,1,0.6928891389640549,-0.8596741067089634,0.0
1371,2,-1.0653171465997993,-1.094316640276956,0.0
1372,0,0.0,0.0,0.0
1372,1,-0.503636138500557,2.4796583316989174,0.0
1372,2,-0.8873592241801009,1.01674321533926,0.0
1373,0,0.0,0.0,0.0
1373,1,-1.4396423150938449,0.47099816337342104,0.0
1373,2,-1.3547463384148433,0.28223929866209285,0.0
1374,0,0.0,0.0,0.0
1374,1,0.16663923061108155,1.2309578820884362,0.0
1374,2,3.2182058015077466,1.3513737219029107,0.0
1375,0,0.0,0.0,0.0
1375,1,-0.47663778667735146,-0.6633438501549356,0.0
1375,2,0.1459986918250391,0.5777600889391563,0.0
1376,0,0.0,0.0,0.0
1376,1,0.9395696591885002,-0.3983373991125805,0.0
1376,2,0.24096340593486798,-0.012521147758292939,0.0
1377,0,0.0,0.0,0.0
1377,1,-0.017548968421891464,1.6064367831149915,0.0
1377,2,-1.152153120346471,-0.13195927205663327,0.0
1377,3,2.1886336201669474,0.9339438798573488,0.0
1377,4,0.9936791469173123,-0.0574836732170918,0.0
1378,0,0.0,0.0,0.0
1378,1,0.8408256522870602,0.30935046201699734,0.0
1378,2,2.126353141755797,-1.3599813161784482,0.0
1379,0,0.0,0.0,0.0
1379,1,1.9741815714410065,-0.1708225395381764,0.0
1379,2,1.3813690182684517,0.884497766369805,0.0
1379,3,0.8175697257309746,2.501339392918466,0.0
1379,4,2.103699231311971,-0.2839958239508502,0.0
1379,5,0.8515202617893125,-0.6284951820627891,0.0
1379,6,0.32529980048149154,0.1792896304269087,0.0
1379,7,-1.1783754462484417,0.2708110007663673,0.0
1379,8,-0.7661209877443587,1.9832959695923247,0.0
1380,0,0.0,0.0,0.0
1380,1,1.367053097092516,0.6299991970460413,0.0
1380,2,2.5774320129437576,-0.44091264058995605,0.0
1381,0,0.0,0.0,0.0
1381,1,1.6628954620703018,-1.180355547693795,0.0
1381,2,1.6514259646238216,-0.4112268466858755,0.0
1382,0,0.0,0.0,0.0
1382,1,0.11451040191252626,0.39532821094749,0.0
1382,2,-0.03607563196439423,0.3672696277112198,0.0
1383,0,0.0,0.0,0.0
1383,1,-1.3215144402794456,1.5871631544909508,0.0
1383,2,-1.0730695009371278,0.22073575042669893,0.0
1384,0,0.0,0.0,0.0
1384,1,1.1044339345091219,-0.4300857492290072,0.0
1384,2,2.2002169348743186,-1.9512793218178386,0.0
1384,3,4.245487333398545,-0.4959862972200805,0.0
1384,4,2.8010861998386063,-2.309656505160092,0.0
1385,0,0.0,0.0,0.0
1385,1,-1.513702554747847,-3.025866622535201,0.0
1385,2,-4.313409486293589,-2.77318102623569,0.0
1386,0,0.0,0.0,0.0
1386,1,-0.12102398974455725,1.447129809709605,0.0
1386,2,-0.4957317567886009,2.777201276659698,0.0
1386,3,-0.7517828422214097,1.5189953999083128,0.0
1387,0,0.0,0.0,0.0
1387,1,2.0345672356215747,1.219599906587518,0.0
1387,2,1.7559422762555963,1.1159494190227952,0.0
1387,3,1.341513872725979,0.9329207042623691,0.0
1388,0,0.0,0.0,0.0
1388,1,1.1033535767865397,-0.5276419505673426,0.0
1388,2,1.4491580230610994,-0.7281373048731214,0.0
1388,3,0.6518248001458828,-0.9646054266045514,0.0
1388,4,0.7091824220516696,0.3080018728080396,0.0
1389,0,0.0,0.0,0.0
1389,1,-1.6133347001639131,-0.5694159942224086,0.0
1389,2,-2.260787887023375,-2.254404973969172,0.0
1389,3,-1.9266965885608158,-1.1511485630755867,0.0
1390,0,0.0,0.0,0.0
1390,1,1.1231147784787658,-1.8696430308973633,0.0
1390,2,0.868472356399512,1.00874494105511,0.0
1390,3,0.3637556018488371,1.2423861939204692,0.0
1391,0,0.0,0.0,0.0
1391,1,-1.5478447340805253,-0.2870547304764353,0.0
1391,2,0.17721638456153,0.9177047657660479,0.0
1392,0,0.0,0.0,0.0
1392,1,0.10003203041796971,-1.4290794750758085,0.0
1392,2,-0.5313941869604129,-1.6672489854553532,0.0
1393,0,0.0,0.0,0.0
1393,1,2.81348270934822,0.16353650333304975,0.0
1393,2,0.38598340022352273,2.149624152750434,0.0
1393,3,1.2490476855892885,1.99733504548596,0.0
1394,0,0.0,0.0,0.0
1394,1,0.7539417895165772,1.1893261715787293,0.0
1394,2,3.02620491143787,2.26252732762218,0.0
1394,3,0.9977185901203323,1.9712548881739425,0.0
1394,4,0.6472620677096745,1.0604111059609116,0.0
1394,5,1.9803762049800333,1.544529551364044,0.0
1395,0,0.0,0.0,0.0
1395,1,0.04490752433279144,-2.570510491370035,0.0
1395,2,2.285408044045001,-0.862485026429189,0.0
1395,3,-0.08085323431127134,-1.6821446504684947,0.0
1395,4,1.8203856204373694,-0.7245817546623537,0.0
1396,0,0.0,0.0,0.0
1396,1,-0.023657410631490072,1.2680255305395174,0.0
1396,2,-1.0128237943412992,-0.3195861900654373,0.0
1396,3,-0.04317034501695244,-1.0229314803861786,0.0
1396,4,-0.29144694443828884,1.899509795505971,0.0
1397,0,0.0,0.0,0.0
1397,1,-0.21180321546937425,0.3734925701726397,0.0
1397,2,-0.6768234778123463,-0.8771433351354363,0.0
1397,3,-1.2182984778973809,2.132792831379228,0.0
1398,0,0.0,0.0,0.0
1398,1,-1.8530327432476417,-0.39696527917808583,0.0
1398,2,-0.8271121610115753,0.0017950547999897037,0.0
1398,3,-1.0794196288239153,1.239727862120722,0.0
1399,0,0.0,0.0,0.0
1399,1,-2.0930749605828525,-2.479165785827473,0.0
1399,2,-1.4970841378077853,-2.1903617753748845,0.0
1399,3,-1.489711812092715,-2.226805440441476,0.0
1400,0,0.0,0.0,0.0
1400,1,0.31574208017688865,2.036279856187174,0.0
1400,2,1.4209628773161074,2.195338116017631,0.0
1401,0,0.0,0.0,0.0
1401,1,0.09072471396869564,1.2405786988846472,0.0
1401,2,-0.8999308936881121,1.5599000078482224,0.0
1402,0,0.0,0.0,0.0
1402,1,-0.34366369911346184,-0.058439536321965635,0.0
1402,2,-0.9996535625604219,-0.6534120115767711,0.0
1402,3,-0.647768457806793,-3.2479250483811324,0.0
1403,0,0.0,0.0,0.0
1403,1,2.1773834794605906,-0.1885423863136657,0.0
1403,2,2.452948778106544,-0.0667243589591357,0.0
1404,0,0.0,0.0,0.0
1404,1,1.0066596116378497,0.05632115681012684,0.0
1404,2,2.5358073142410102,0.1308675567310209,0.0
1404,3,2.9041169683767105,-2.2349989593603237,0.0
1404,4,1.585272109047358,-1.823109613817564,0.0
1404,5,2.7548821667434185,-0.9243366044403697,0.0
1405,0,0.0,0.0,0.0
1405,1,-0.7726091092609125,1.687414735522624,0.0
1405,2,-2.32159058947496,-0.13024007306154928,0.0
1405,3,-0.017905710390295246,-1.1107921762884536,0.0
1406,0,0.0,0.0,0.0
1406,1,1.266704014696897,0.481407676690341,0.0
1406,2,0.21396391739782228,-1.6171118172958288,0.0
1406,3,-1.0712986781134244,-2.9267043397285364,0.0
1407,0,0.0,0.0,0.0
1407,1,0.3144080669350462,3.580954728272875,0.0
1407,2,0.33408676998138165,0.270857936098964,0.0
1407,3,-1.3676789912675749,2.9806977736690303,0.0
1408,0,0.0,0.0,0.0
1408,1,-0.23946469576223683,1.1570714505166044,0.0
1408,2,0.48886682162847417,1.1401847630100717,0.0
1409,0,0.0,0.0,0.0
1409,1,0.36135855904005343,-0.64515236504989,0.0
1409,2,-0.6813360527814334,1.4349932186993277,0.0
1409,3,-0.9381480162353633,0.9044733911515834,0.0
1410,0,0.0,0.0,0.0
1410,1,-0.07204484000744418,-0.9020111038129395,0.0
1410,2,0.2681145980100186,-1.4132448259992512,0.0
1410,3,-0.41627364217387663,-1.7456482418479777,0.0
1410,4,0.7870678156702595,-1.8611438826360502,0.0
1411,0,0.0,0.0,0.0
1411,1,-0.40712348838489104,0.12293091570739201,0.0
1411,2,0.7241180887796218,-0.9012982170748634,0.0
1411,3,0.4029808586395264,-0.5815122013811227,0.0
1411,4,-0.10739465338050325,1.9666598974027256,0.0
1412,0,0.0,0.0,0.0
1412,1,-0.9645221713764944,3.2235028157082266,0.0
1412,2,-0.04329203756112665,1.6120459867733756,0.0
1412,3,0.6294431975029454,1.7847085700986776,0.0
1413,0,0.0,0.0,0.0
1413,1,2.402405200117849,-0.5982916046529556,0.0
1413,2,2.1609341923606804,0.19539311741193766,0.0
1413,3,1.7950850713740811,-0.5580092897060662,0.0
1413,4,0.7895580205299682,-0.5847089121328035,0.0
1413,5,1.2062249774153868,-2.410768785145371,0.0
1413,6,2.4875136477872397,-0.6611533753391736,0.0
1414,0,0.0,0.0,0.0
1414,1,-0.3451137905422701,-2.2680192511600703,0.0
1414,2,-1.0052696113467623,-2.7312909295567285,0.0
1414,3,0.5240239446673187,-3.7852996559245886,0.0
1414,4,-0.3170309705754728,-3.3581513907912903,0.0
1414,5,-0.16290418729190814,-3.0857145324099853,0.0
1414,6,-0.802553098064636,-1.8965179797321194,0.0
1415,0,0.0,0.0,0.0
1415,1,0.7929767076032914,1.8668311759590983,0.0
1415,2,-2.069795139310238,1.5098355836904456,0.0
1415,3,-2.486552590127477,2.309540220836256,0.0
1415,4,-2.494657164745798,3.034705101752264,0.0
1415,5,0.2992769446919727,-1.3236641107110216,0.0
1415,6,0.1894995319137462,-2.003726983659547,0.0
1415,7,1.0138718918917593,-0.5087501352897825,0.0
1415,8,0.02499099364005658,-0.8697611802180121,0.0
1415,9,2.064467410216392,0.7276662024615752,0.0
1416,0,0.0,0.0,0.0
1416,1,0.5041543597185584,-0.5576471284924533,0.0
1416,2,1.6487182938923364,-0.24599840909033532,0.0
1417,0,0.0,0.0,0.0
1417,1,0.1483449952514555,0.24571575018994918,0.0
1417,2,0.37649515214366636,-1.4880725164042257,0.0
1417,3,-1.7883604088810077,-0.5481008152877556,0.0
1417,4,-0.3074864872599461,1.6748713314344188,0.0
1417,5,0.6207994593713355,0.3683826051318313,0.0
1417,6,1.285527384506588,1.8544406965935594,0.0
1417,7,0.5805124780108248,2.7278492629563136,0.0
1417,8,-0.12293311016347719,2.9509446993801856,0.0
1417,9,0.32336349372707307,1.3764376096838906,0.0
1417,10,-1.5036614950448275,1.010308230340055,0.0
1418,0,0.0,0.0,0.0
1418,1,0.5859605529132202,1.352471143270855,0.0
1418,2,-0.8038440981918803,1.0523312392861308,0.0
1418,3,-0.8928952184736728,2.3940024317704576,0.0
1418,4,-1.406308877557022,1.913965320100252,0.0
1418,5,-1.91848893421547,3.4486698994774114,0.0
1418,6,-1.788999403862377,1.7284804725345362,0.0
1418,7,-0.8659063052770712,2.6814147941633264,0.0
1418,8,-1.6426282034333168,2.7136422687159674,0.0
1419,0,0.0,0.0,0.0
1419,1,-0.5330647132829252,0.20571575258340224,0.0
1419,2,-0.5498545175187286,1.200159442988829,0.0
1419,3,-0.06687570359071754,3.423227349990693,0.0
1419,4,1.1197695783588384,3.989097627968381,0.0
1420,0,0.0,0.0,0.0
1420,1,0.8970203747947545,1.1715416247969503,0.0
1420,2,1.6424702417201065,-1.965167632383937,0.0
1420,3,0.45401128741844476,-1.9755579032564383,0.0
1420,4,0.949453657654683,-1.1392601903941841,0.0
1421,0,0.0,0.0,0.0
1421,1,0.42808040815122395,3.5568432087593873,0.0
1421,2,0.2989956485465939,4.08459890855921,0.0
1421,3,1.752389470186971,1.8739563589961734,0.0
1421,4,0.27341841188117333,2.3966052884370366,0.0
1422,0,0.0,0.0,0.0
1422,1,0.9876132133501347,-0.25996039807957416,0.0
1422,2,-1.492789964408663,0.9474992349704621,0.0
1423,0,0.0,0.0,0.0
1423,1,-1.6209341641688126,-2.462705962798113,0.0
1423,2,2.1931299277136382,0.4089997798941413,0.0
1423,3,1.202810452673407,-0.15955519114048838,0.0
1423,4,0.1924347275628162,-0.5922857024568366,0.0
1424,0,0.0,0.0,0.0
1424,1,1.3544778903635442,-0.10358418377074363,0.0
1424,2,0.9128327541793899,-1.0548193471445462,0.0
1424,3,-0.054111993183386,0.9157650627701077,0.0
1424,4,-2.82083987058083,4.662021997189048,0.0
1424,5,-0.8753588138137012,2.3614594097823454,0.0
1425,0,0.0,0.0,0.0
1425,1,2.5986469668875567,-1.2936979952366099,0.0
1425,2,0.6810767839567462,-3.2007934946767778,0.0
1426,0,0.0,0.0,0.0
1426,1,0.8296092407696711,-1.2053415808825287,0.0
1426,2,2.8051208566725716,-1.5836415880458872,0.0
1427,0,0.0,0.0,0.0
1427,1,-0.39664902346227815,2.61173055751505,0.0
1427,2,-1.1229136130184945,1.6221145488821271,0.0
1427,3,-1.9198090738126885,0.8403126198848077,0.0
1427,4,-1.0004785870201724,0.03613019493444869,0.0
1428,0,0.0,0.0,0.0
1428,1,0.7855381970084431,0.15190126664164771,0.0
1428,2,-0.7375741946036026,-2.305159189744889,0.0
1429,0,0.0,0.0,0.0
1429,1,-0.538307492907883,-3.3276266329089195,0.0
1429,2,-1.1383256257590189,-2.9399052559753587,0.0
1430,0,0.0,0.0,0.0
1430,1,1.5432494931130651,0.2908897673396658,0.0
1430,2,1.3652187840555619,1.3195170698773508,0.0
1430,3,1.0014112964632857,1.4063420279321974,0.0
1431,0,0.0,0.0,0.0
1431,1,-0.4034224696578561,-1.1622996152206848,0.0
1431,2,0.9577711079815434,-3.0313182976832893,0.0
1432,0,0.0,0.0,0.0
1432,1,-2.06468892007353,-1.4652132740505468,0.0
1432,2,-3.010932709697383,0.8948817171973102,0.0
1432,3,-0.9748093549115346,-1.0334677545705806,0.0
1432,4,-1.0186211999333423,-0.30945569025776054,0.0
1433,0,0.0,0.0,0.0
1433,1,1.6225227513541334,-0.8425037624598506,0.0
1433,2,-0.7886717259140752,0.47312866082490457,0.0
1434,0,0.0,0.0,0.0
1434,1,-1.9125754089744422,-0.11645408736980067,0.0
1434,2,-2.0390510643464443,-0.10222674824884748,0.0
1434,3,-0.540871019184487,1.6976619230744427,0.0
1434,4,-0.648481539328051,-0.9458464262689675,0.0
1434,5,-3.808598376038489,-0.8014552682153046,0.0
1434,6,-1.44823601995745,-2.599749157278018,0.0
1435,0,0.0,0.0,0.0
1435,1,2.9572939290155498,1.6716192135421917,0.0
1435,2,3.9215585684448753,2.38238789917999,0.0
1435,3,5.2131742423377645,2.2238205469691508,0.0
1435,4,6.28488035220945,1.6089560242877687,0.0
1435,5,5.257960686279192,2.657861488151457,0.0
1435,6,6.785350347056509,2.0299970251406614,0.0
1435,7,5.233905840383848,1.316206193179259,0.0
1435,8,4.490014781912974,1.196482516883584,0.0
1435,9,5.029994858079185,2.1951419045869023,0.0
1435,10,4.7497696901659,1.8351771134843786,0.0
1436,0,0.0,0.0,0.0
1436,1,-0.34801161325798086,0.5238725781250173,0.0
1436,2,-2.109902594768293,1.2154823785437447,0.0
1436,3,-1.2070404961011123,0.9350146119108766,0.0
1437,0,0.0,0.0,0.0
1437,1,-0.39703567200585826,0.36058866229486597,0.0
1437,2,-0.6990572501196342,-1.4683523247914156,0.0
1437,3,-0.6281770967423702,-0.967501847312046,0.0
1438,0,0.0,0.0,0.0
1438,1,-2.8396373673211635,0.05155040842911851,0.0
1438,2,-3.2766654805990445,-0.2854480541834764,0.0
1438,3,-1.0127589774464028,1.0403276851022754,0.0
1438,4,-2.8396853606275894,0.8182096351783735,0.0
1439,0,0.0,0.0,0.0
1439,1,1.6900212778927761,0.1972281157815554,0.0
1439,2,1.2657138785211257,-2.7847450423719913,0.0
1439,3,2.2482089731176527,-1.8965984507608014,0.0
1439,4,3.0473095262725423,-2.1733067360370386,0.0
1440,0,0.0,0.0,0.0
1440,1,-0.047542911662561194,0.8346590889018389,0.0
1440,2,-0.6416011919359725,-1.435013090303773,0.0
1440,3,-0.5081446653289985,-0.7723793688274735,0.0
1441,0,0.0,0.0,0.0
1441,1,0.9500113432088955,-1.7226601658097653,0.0
1441,2,0.38237511231852506,-1.922442623596691,0.0
1441,3,-0.2218164775968796,-0.7626180788503792,0.0
1442,0,0.0,0.0,0.0
1442,1,-0.5019856031619747,2.1097947005182096,0.0
1442,2,-0.41744477153807835,-0.2799049238881577,0.0
1442,3,-0.4522467221568951,0.7193553324579935,0.0
1442,4,-0.8375614880058513,3.4931454853976733,0.0
1442,5,0.08783070904124182,4.720592228941168,0.0
1443,0,0.0,0.0,0.0
1443,1,-0.23509759627762472,0.052125631791706484,0.0
1443,2,0.469292763698288,-1.1606372333508852,0.0
1443,3,0.43085736308211775,-1.051068546848498,0.0
1443,4,-1.15871279263968,-1.2533124898977295,0.0
1444,0,0.0,0.0,0.0
1444,1,-1.0157647948301083,-1.285458393687278,0.0
1444,2,1.3955307163213684,-0.6794762268592139,0.0
1445,0,0.0,0.0,0.0
1445,1,1.4959375322276993,0.8395339116300328,0.0
1445,2,-1.275248842233069,-0.44092564237918686,0.0
1446,0,0.0,0.0,0.0
1446,1,-0.7284145473821214,-2.2682890060682315,0.0
1446,2,-1.3542492212763901,-1.8085270907243092,0.0
1447,0,0.0,0.0,0.0
1447,1,-1.2016248501839366,-0.6401658398230216,0.0
1447,2,2.438511124652695,-0.3715902661218351,0.0
1447,3,0.0775593858047679,-2.728659769918791,0.0
1448,0,0.0,0.0,0.0
1448,1,-1.9946480268518825,-0.6464022818952772,0.0
1448,2,1.1164952290854662,-1.0815433600730213,0.0
1449,0,0.0,0.0,0.0
1449,1,0.5718817282769175,1.0272274513875377,0.0
1449,2,2.0070609690345176,0.47873663927032495,0.0
1449,3,1.9494191742485025,1.8275116429544906,0.0
1449,4,3.174088929289515,4.038437821820644,0.0
1449,5,1.1749126474173948,3.8997426253332996,0.0
1449,6,1.8126662143443784,1.647619789659055,0.0
1450,0,0.0,0.0,0.0
1450,1,-1.8973241256701265,1.9811224313195677,0.0
1450,2,-1.2518892335801648,2.807022795866188,0.0
1451,0,0.0,0.0,0.0
1451,1,-0.7692517590990466,1.5084939103078656,0.0
1451,2,-1.033558412772363,1.0159847454222282,0.0
1452,0,0.0,0.0,0.0
1452,1,-0.848961895209457,1.0133253085933713,0.0
1452,2,0.4674235558078702,1.8377557296460045,0.0
1453,0,0.0,0.0,0.0
1453,1,0.22354644382265576,1.3823385947920988,0.0
1453,2,0.9255135550596119,1.3354536741260692,0.0
1453,3,2.1695459656350327,2.7351524891719508,0.0
1453,4,2.564825911722882,1.6224390741314618,0.0
1453,5,3.014725115049398,1.0539261722943567,0.0
1453,6,1.2316524254661962,1.7809712436681524,0.0
1453,7,-0.6634442751748089,0.801580860672209,0.0
1453,8,-0.22214679110818003,-1.4470769942721824,0.0
1453,9,1.1661160262627968,1.9163721963162175,0.0
1453,10,0.5673987933062004,0.54697341168981,0.0
1454,0,0.0,0.0,0.0
1454,1,-0.80361930983931,-3.0601002076204025,0.0
1454,2,-1.9495279989795573,-2.857646788255984,0.0
1455,0,0.0,0.0,0.0
1455,1,0.8564671481016108,-0.22866663585295344,0.0
1455,2,1.0152471405005512,-2.0681805650244285,0.0
1456,0,0.0,0.0,0.0
1456,1,0.4306285940542586,-1.896132892060351,0.0
1456,2,3.2669931154985865,-1.6265258429927432,0.0
1457,0,0.0,0.0,0.0
1457,1,-0.10954681446866105,-0.44079760321454975,0.0
1457,2,0.7425456305359023,-2.3227288946055165,0.0
1458,0,0.0,0.0,0.0
1458,1,-0.7337755765504566,-0.2504985849852246,0.0
1458,2,1.160100139505476,-0.24828348540694917,0.0
1458,3,0.3416682593354967,1.552784781353958,0.0
1459,0,0.0,0.0,0.0
1459,1,-0.862699950345124,0.7077926427330208,0.0
1459,2,-0.7137707150238064,1.3134205141133095,0.0
1459,3,0.3846828884484481,1.777269610778411,0.0
1459,4,0.7722594294637959,2.9976594119629674,0.0
1459,5,1.1067247965759062,2.600046917392536,0.0
1460,0,0.0,0.0,0.0
1460,1,-2.9102143619435554,-1.1031202846269643,0.0
1460,2,-2.2776969776780422,-1.0125208888795445,0.0
1460,3,-3.0206789659274973,2.129106170895624,0.0
1460,4,-3.8230257385696707,-0.19981500075078884,0.0
1460,5,-2.452927285592317,-1.8828078058652256,0.0
1461,0,0.0,0.0,0.0
1461,1,0.2977961213142306,2.815462322781002,0.0
1461,2,2.013819932613785,1.1118738756132989,0.0
1461,3,-1.3063308852373785,1.443912140130975,0.0
1462,0,0.0,0.0,0.0
1462,1,-0.2008653007040585,-1.2884973638036303,0.0
1462,2,-0.5974767007275139,-0.31849635842028556,0.0
1462,3,-0.9681988849671459,0.5977636206322261,0.0
1462,4,-2.667458175975209,0.6736483399498845,0.0
1462,5,-1.6854253794118923,0.7755515860589832,0.0
1463,0,0.0,0.0,0.0
1463,1,0.3337984373065197,0.5798003157301302,0.0
1463,2,-0.4742302364815245,1.8041526453461256,0.0
1464,0,0.0,0.0,0.0
1464,1,-2.997766191556917,-2.6812386390593614,0.0
1464,2,-4.998529955194254,-0.33123216689393975,0.0
1464,3,-5.2724013348098815,-1.7017230441112032,0.0
1465,0,0.0,0.0,0.0
1465,1,0.6178118228399758,-0.41260661456265546,0.0
1465,2,-0.2637096611005951,-1.1530772846818653,0.0
1465,3,1.0348610544496903,-0.7291596751277462,0.0
1465,4,-1.2011091869225465,0.617089052138858,0.0
1466,0,0.0,0.0,0.0
1466,1,0.04240183083404703,-0.14531072613421198,0.0
1466,2,-1.9544125279484552,-0.972144352195939,0.0
1466,3,-0.595351026891148,-1.4594571863583194,0.0
1466,4,-1.0376529094466536,-1.983508322568596,0.0
1466,5,-1.6216238673030978,-2.0844828876250037,0.0
1467,0,0.0,0.0,0.0
1467,1,1.7098281394474908,-3.2649268727094096,0.0
1467,2,1.1985379313238491,-1.9171743639908934,0.0
1468,0,0.0,0.0,0.0
1468,1,-0.47447086461541144,-1.0043996039048166,0.0
1468,2,1.0416108206701722,0.16831760737550805,0.0
1468,3,-0.7996863389316404,0.24608622486344978,0.0
1468,4,1.9911513249072317,1.5857033692297846,0.0
1469,0,0.0,0.0,0.0
1469,1,0.000824285466604513,-1.038538110516377,0.0
1469,2,0.7953501089949868,-1.7334479154277964,0.0
1470,0,0.0,0.0,0.0
1470,1,2.5028227210139593,-0.8427069981847604,0.0
1470,2,3.6202441575344313,-0.33358250934247957,0.0
1470,3,2.6873451927730816,2.295780302905863,0.0
1470,4,3.0837360125206166,0.7344498623469429,0.0
1471,0,0.0,0.0,0.0
1471,1,-0.4016573917088573,0.9526403770608209,0.0
1471,2,1.1088631178006458,-0.3890238147992784,0.0
1472,0,0.0,0.0,0.0
1472,1,0.8576269087446092,0.5528808739752553,0.0
1472,2,-0.6661771634730138,-1.0272438752029285,0.0
1473,0,0.0,0.0,0.0
1473,1,1.022119571731516,3.2183028632804502,0.0
1473,2,0.8321717011350924,2.0247035031867475,0.0
1473,3,-4.404297369034936,2.638461843672173,0.0
1473,4,-0.6817850262171088,2.63350846782844,0.0
1473,5,-0.41756228910559634,3.066005236548028,0.0
1474,0,0.0,0.0,0.0
1474,1,-1.9532248702383064,-0.31206372297773655,0.0
1474,2,-1.6661170500450622,-0.4137776451689863,0.0
1475,0,0.0,0.0,0.0
1475,1,-0.12040587117956414,0.11854434751886878,0.0
1475,2,-2.0460427933366216,0.8449752587999493,0.0
1475,3,-3.164833171299217,-0.806606408143324,0.0
1475,4,-1.5244342804211493,0.5848089818692435,0.0
1475,5,-1.3436550222683732,-1.2779616688786284,0.0
1476,0,0.0,0.0,0.0
1476,1,-0.6093304865274874,2.2538874027825306,0.0
1476,2,1.0448109604015778,0.9742903340461492,0.0
1477,0,0.0,0.0,0.0
1477,1,-0.6279480213719729,-1.0573769834210707,0.0
1477,2,-1.452189149542809,-0.7514434334220461,0.0
1477,3,0.4248050564184144,-0.4991827864760825,0.0
1477,4,1.0353376725279553,-2.4259745904350973,0.0
1478,0,0.0,0.0,0.0
1478,1,-2.0209254423109577,-1.8153872167074523,0.0
1478,2,-3.048871678653546,-0.8764314945943461,0.0
1478,3,-2.2012499654856748,-0.37271898209181575,0.0
1478,4,-4.564850653548964,-0.5326937735672272,0.0
1479,0,0.0,0.0,0.0
1479,1,0.06085964016288592,3.123221814802018,0.0
1479,2,-1.735651377701375,4.56775804298135,0.0
1480,0,0.0,0.0,0.0
1480,1,0.5838516432468459,-3.237841302725536,0.0
1480,2,0.4395450330853863,-4.098358569328991,0.0
1480,3,1.0245682879198053,-1.955560087133311,0.0
1480,4,0.6310418880346801,-1.1985767640977558,0.0
1480,5,1.0901898132192,0.3097057411804198,0.0
1480,6,0.0673097497464532,1.346042243033157,0.0
1480,7,-1.1751078815145743,1.3126380724020645,0.0
1480,8,-0.6886981030692827,0.06113196007787458,0.0
1480,9,-0.09982119164608516,-2.0801254780077496,0.0
1481,0,0.0,0.0,0.0
1481,1,0.02287034506316754,-1.3595811021180022,0.0
1481,2,0.3922359432564382,-0.8022701645286855,0.0
1482,0,0.0,0.0,0.0
1482,1,-1.545737526994756,-0.09713230755785651,0.0
1482,2,-1.3045953988212968,0.9287714479740832,0.0
1482,3,0.7900566401306222,0.9748563993201171,0.0
1482,4,0.973379097515956,1.676875840587433,0.0
1482,5,0.21253323244146993,1.0074288066869546,0.0
1482,6,0.8539036593765581,1.7248213807329582,0.0
1483,0,0.0,0.0,0.0
1483,1,-0.17236952254435856,0.0827773858974279,0.0
1483,2,0.010268062835904535,0.6935136120780829,0.0
1483,3,0.07287923386913175,0.12557073857015874,0.0
1483,4,1.6597899980996034,0.2737227502034888,0.0
1484,0,0.0,0.0,0.0
1484,1,-0.24171423765716749,1.163873769675611,0.0
1484,2,-1.8120234232952181,3.635817186164061,0.0
1485,0,0.0,0.0,0.0
1485,1,0.20337986629960825,1.0201094104960298,0.0
1485,2,1.286832946825676,2.9576697627308013,0.0
1486,0,0.0,0.0,0.0
1486,1,0.0426029391747873,-0.11126741963937237,0.0
1486,2,3.1485744794352257,0.2309265313638149,0.0
1486,3,0.0741778789975327,-0.5853648713064992,0.0
1487,0,0.0,0.0,0.0
1487,1,-0.5501299267142128,3.081274437363135,0.0
1487,2,-0.18243729808368836,1.0759414383493606,0.0
1487,3,0.19405990381084992,3.249498200955385,0.0
1488,0,0.0,0.0,0.0
1488,1,2.310227327823401,-0.9636672400288016,0.0
1488,2,4.275209687147791,1.816145802049799,0.0
1489,0,0.0,0.0,0.0
1489,1,0.856687642129943,0.5236596238548401,0.0
1489,2,0.22180591537723293,1.3983666115404683,0.0
1490,0,0.0,0.0,0.0
1490,1,0.47716439545692924,-1.55290047646232,0.0
1490,2,0.9282721028988824,-0.3917513869063585,0.0
1490,3,1.8818272410989325,-1.1738394478487353,0.0
1491,0,0.0,0.0,0.0
1491,1,-1.8477512719141598,-1.1314267065386219,0.0
1491,2,-2.843029680093106,-0.43956353224490435,0.0
1491,3,-1.7063341355782073,0.6497219230363833,0.0
1492,0,0.0,0.0,0.0
1492,1,1.4777295067110077,2.0267292813659754,0.0
1492,2,1.9678109282484195,-0.5182718213231274,0.0
1492,3,2.1830822396724354,-0.19573811285562992,0.0
1492,4,4.333948133711608,0.47326550734345485,0.0
1492,5,0.9347616376343932,-2.4415301316891833,0.0
1493,0,0.0,0.0,0.0
1493,1,-3.1591776735735473,0.07197856845549189,0.0
1493,2,-1.776170627039728,-1.8359785763766299,0.0
1494,0,0.0,0.0,0.0
1494,1,0.27612729708443284,1.6799726403675608,0.0
1494,2,0.27758908513542613,2.401943774218362,0.0
1494,3,1.0787493577426814,4.2503151119433715,0.0
1494,4,0.8129273724528476,8.010449002595514,0.0
1495,0,0.0,0.0,0.0
1495,1,0.7687056965313976,1.6810706781996785,0.0
1495,2,-0.6671605864329755,3.0650590968896108,0.0
1495,3,-0.27412311392079597,3.527908043065518,0.0
1495,4,-2.654767048327532,3.8939454849261943,0.0
1496,0,0.0,0.0,0.0
1496,1,1.635847751064781,2.1628057206930107,0.0
1496,2,1.0303662831467664,0.6048350647623564,0.0
1496,3,1.362463457681475,4.262493300934343,0.0
1497,0,0.0,0.0,0.0
1497,1,-2.2035494476521604,-0.08019877832908073,0.0
1497,2,-1.1937554298324795,1.1690546703601061,0.0
1497,3,-2.2503752981620426,-0.29113879095582407,0.0
1497,4,-3.306668987874332,-1.2885833604198456,0.0
1498,0,0.0,0.0,0.0
1498,1,1.16296425181145,0.716231471071022,0.0
1498,2,0.4262571162274158,-1.4263780540803328,0.0
1498,3,-0.23174747215463132,0.3964841746485427,0.0
1499,0,0.0,0.0,0.0
1499,1,2.812259244347611,0.6448096801829476,0.0
1499,2,5.303855420974124,-1.0953107119686818,0.0
1500,0,0.0,0.0,0.0
1500,1,-2.5627829727322933,-0.8117968048936632,0.0
1500,2,-2.536142740457417,-0.8991716956320437,0.0
1500,3,-3.2727339041972883,-0.8130665795025744,0.0
1501,0,0.0,0.0,0.0
1501,1,-1.5428588623339068,-0.15815008451001375,0.0
1501,2,-0.5928967309073925,0.45880490591594064,0.0
1501,3,-2.2720211641080126,1.6155020640213733,0.0
1501,4,-1.9946917924102885,1.096754590874502,0.0
1502,0,0.0,0.0,0.0
1502,1,1.5430801280298476,1.7958691986702375,0.0
1502,2,0.9114307752920809,0.9545533572815832,0.0
1503,0,0.0,0.0,0.0
1503,1,-1.1644763270651408,-0.6660868988594157,0.0
1503,2,1.0378306148536707,-0.16308502399376512,0.0
1503,3,-0.7284642987835772,2.1278179864340885,0.0
1504,0,0.0,0.0,0.0
1504,1,-0.5164672000529164,-0.1096242361545462,0.0
1504,2,1.228187976568667,-0.5621346074092554,0.0
1505,0,0.0,0.0,0.0
1505,1,1.6096340534822253,-3.8894729763181637,0.0
1505,2,1.864916423685423,-2.478395799172233,0.0
1505,3,0.39231459090928705,-3.8046777442437127,0.0
1506,0,0.0,0.0,0.0
1506,1,0.7155835233654732,-1.2448638387874496,0.0
1506,2,0.909061394662144,0.4638709358948161,0.0
1507,0,0.0,0.0,0.0
1507,1,0.05387311059447736,0.49104795009758617,0.0
1507,2,0.8949132534510948,-0.1625157896591778,0.0
1507,3,0.2827729720962544,-0.7611903222061063,0.0
1507,4,1.1381710018580975,-2.424284624965211,0.0
1507,5,0.6536757398565396,-2.828852619218541,0.0
1508,0,0.0,0.0,0.0
1508,1,-0.9062242641584719,0.40032747421233617,0.0
1508,2,0.529317328542624,-1.6228376321772082,0.0
1508,3,-0.590132755041457,-0.3608852583736273,0.0
1508,4,-0.30969563944440726,0.9168792797455554,0.0
1508,5,-1.7485266854552641,-0.24823142411801724,0.0
1508,6,0.635674353720955,0.5878238541054555,0.0
1508,7,1.130341282219359,1.0753499430280269,0.0
1508,8,0.44214051042195557,1.0325311574331297,0.0
1509,0,0.0,0.0,0.0
1509,1,1.0865757130739262,1.7929239163873347,0.0
1509,2,0.9982260796481623,1.71101465684866,0.0
1510,0,0.0,0.0,0.0
1510,1,2.6457009117443095,-0.35485537142038703,0.0
1510,2,-1.9138776924814729,0.9666348830330249,0.0
1510,3,-1.8824342355459165,-1.8429556737628676,0.0
1510,4,-3.98369074290216,-1.8823005505529595,0.0
1511,0,0.0,0.0,0.0
1511,1,1.3653534443788684,-2.5782795831606213,0.0
1511,2,0.8185523473756218,-2.00606134696269,0.0
1511,3,-0.8451040347097344,-4.458339085446055,0.0
1512,0,0.0,0.0,0.0
1512,1,-0.13314389571147656,-0.04004586994349202,0.0
1512,2,-1.0305690083053778,2.907700335529567,0.0
1512,3,-0.6579977287226972,0.9839767823412552,0.0
1512,4,1.1918673047235298,2.494213558570601,0.0
1512,5,1.6669210289394754,2.6263261276218977,0.0
1512,6,0.21435763692768472,0.7296101022778739,0.0
1513,0,0.0,0.0,0.0
1513,1,-0.05863841106037743,-0.8328859102569689,0.0
1513,2,-0.8623351749739712,-0.7145961500423171,0.0
1514,0,0.0,0.0,0.0
1514,1,-1.705438026563571,-1.0503764149390622,0.0
1514,2,0.45610959883088276,-1.4175951651830736,0.0
1514,3,-1.2206114806738864,-0.07374470633050034,0.0
1514,4,-1.3378074165859957,1.2306521047764887,0.0
1514,5,-2.3246054399861036,-1.1233059484138066,0.0
1514,6,-2.968352552912986,-1.1860017096339186,0.0
1514,7,-0.04999784482970049,-0.35249094985617646,0.0
1514,8,-1.7875562183730958,-1.305570145608458,0.0
1515,0,0.0,0.0,0.0
1515,1,-1.9316906199850217,-1.248783013535226,0.0
1515,2,-1.464457056992318,-0.7666010036256734,0.0
1515,3,-2.6201842150731,1.161494372354554,0.0
1515,4,-4.521139231787019,1.5354620552738856,0.0
1515,5,-1.0510708371227153,2.8453564484907066,0.0
1516,0,0.0,0.0,0.0
1516,1,-2.4892279881199544,3.426469434647223,0.0
1516,2,-2.680639675906723,2.4018916913901878,0.0
1517,0,0.0,0.0,0.0
1517,1,-1.171399532011273,-1.8368341136328403,0.0
1517,2,-0.7650196033745522,-1.7060477937668843,0.0
1518,0,0.0,0.0,0.0
1518,1,-1.315646328920535,-0.6911589629208233,0.0
1518,2,-1.443745579373331,0.8412291870192735,0.0
1518,3,-1.5263097605583835,1.121592143967986,0.0
1518,4,-1.6387833210329354,1.3502438061257274,0.0
1518,5,-1.0952070331537755,2.492990308756038,0.0
1518,6,-0.2070586236999966,1.7584407838844123,0.0
1518,7,0.13793834944544492,-0.7029717207270206,0.0
1518,8,-0.3245190298863654,0.4466017180362162,0.0
1518,9,2.4922435699293306,0.07168686545168118,0.0
1519,0,0.0,0.0,0.0
1519,1,1.1530273135106177,-1.8239149768730534,0.0
1519,2,1.896271719926347,-1.5402620981252333,0.0
1519,3,1.8164219680426412,-2.1069117314921715,0.0
1519,4,0.6193246107326714,-1.8082382824700567,0.0
1520,0,0.0,0.0,0.0
1520,1,-1.3088261021953864,-0.5859853934657459,0.0
1520,2,-1.4457017180693277,-1.0585123517903252,0.0
1520,3,-0.409977254581104,-2.2264672987611465,0.0
1520,4,-0.5887413000329439,-0.9832416193465957,0.0
1520,5,-2.1708531758221126,-0.14094469252699038,0.0
1520,6,-2.1869537821689056,-0.20559399174960313,0.0
1521,0,0.0,0.0,0.0
1521,1,1.2383894210151019,0.8211970564556987,0.0
1521,2,2.2509894969923634,0.009879689350724918,0.0
1522,0,0.0,0.0,0.0
1522,1,1.200011935790031,-0.2527162039914479,0.0
1522,2,-0.463552472009667,1.318864672015181,0.0
1522,3,0.6671079896488826,0.6525072807455568,0.0
1523,0,0.0,0.0,0.0
1523,1,1.536783378265253,-1.3906879687473674,0.0
1523,2,2.3452102129459402,-0.2799937489176909,0.0
1524,0,0.0,0.0,0.0
1524,1,0.5088969933807282,-0.3924763384695644,0.0
1524,2,1.5569324564524953,-0.004658487533963869,0.0
1525,0,0.0,0.0,0.0
1525,1,2.312513450566682,-1.4747757252732168,0.0
1525,2,1.9504644475092174,-3.0049771454974303,0.0
1525,3,3.284340363417706,-2.652674182795964,0.0
1525,4,2.5413970307150837,-4.3533414408945665,0.0
1525,5,2.502646973316053,-4.084872669225843,0.0
1525,6,3.7016938396120773,-5.310791839326004,0.0
1526,0,0.0,0.0,0.0
1526,1,-2.3344351854512193,1.0754735752671065,0.0
1526,2,-1.4569737859637866,0.3119988558548745,0.0
1526,3,-1.0790138026011031,0.6731057059530845,0.0
1526,4,-0.7266481003587524,-0.7015774436069337,0.0
1527,0,0.0,0.0,0.0
1527,1,0.82049985272536,0.13532403509927882,0.0
1527,2,0.02460546541314601,-0.06629670437589308,0.0
1527,3,0.41366406249027143,3.3212832622750557,0.0
1527,4,-0.19264353950964486,0.8714450373787841,0.0
1528,0,0.0,0.0,0.0
1528,1,-2.767667799960821,-2.3836652939214216,0.0
1528,2,-3.292849994427383,-1.861986294162962,0.0
1528,3,-0.904037353044981,-1.0551057799080275,0.0
1528,4,-2.4329810004939496,-3.2278130221052086,0.0
1528,5,-5.507448674329087,-2.9081582569375146,0.0
1528,6,-3.1181347647123743,-0.7714220447454792,0.0
1528,7,-3.0883290830808954,0.9281334147187272,0.0
1529,0,0.0,0.0,0.0
1529,1,1.6708747905430177,0.6264533517517158,0.0
1529,2,1.0355477232374728,1.8909575764500137,0.0
1529,3,-2.397321219834438,2.4761495733569263,0.0
1530,0,0.0,0.0,0.0
1530,1,0.9442174660697026,0.6119975199226941,0.0
1530,2,2.4362146191821874,-0.24878911100216117,0.0
1530,3,1.3975877937295538,0.39117056377274406,0.0
1530,4,3.555279127439195,0.3517629866385785,0.0
1530,5,3.906746904979708,0.964011570442217,0.0
1530,6,4.364273890058841,0.46880741626374545,0.0
1531,0,0.0,0.0,0.0
1531,1,1.7168401834033418,-0.11477806738571861,0.0
1531,2,1.850327794149512,-0.06580444774360983,0.0
1531,3,-0.6783626101156056,1.770287816858541,0.0
1531,4,-2.45515087990763,3.3814894113486083,0.0
1531,5,-2.689873567114308,2.14195713609925,0.0
1531,6,-1.9571261772758746,3.2471753345760686,0.0
1531,7,-3.902442252383457,1.40973021305106,0.0
1532,0,0.0,0.0,0.0
1532,1,2.645485807923782,-2.212139477859426,0.0
1532,2,3.4696648145049434,-1.848803502827773,0.0
1533,0,0.0,0.0,0.0
1533,1,-0.6300833426156593,0.18653587519818057,0.0
1533,2,-0.27843743028256585,0.6238225114719974,0.0
1534,0,0.0,0.0,0.0
1534,1,-0.08116699732494315,1.8747285063862715,0.0
1534,2,1.3592813262000067,0.8859789792049271,0.0
1534,3,0.41610927176525125,1.7033313289896526,0.0
1534,4,-0.2783679254541771,4.368267094049593,0.0
1535,0,0.0,0.0,0.0
1535,1,1.8703103268709764,-1.8388068536357016,0.0
1535,2,0.4994636660917616,-1.392759694107375,0.0
1535,3,0.7259474248731975,-0.05535588749095732,0.0
1535,4,0.9863877558769173,-2.532541092185905,0.0
1536,0,0.0,0.0,0.0
1536,1,0.37862360425078223,0.035486297620789475,0.0
1536,2,1.4670097919892955,-0.6644906175717313,0.0
1537,0,0.0,0.0,0.0
1537,1,-0.7243254820323388,2.81637440052153,0.0
1537,2,0.7838725764634735,0.5680585588200864,0.0
1537,3,-1.169403397497314,1.4420791697558473,0.0
1537,4,1.0832100000093814,1.993899463230489,0.0
1537,5,-0.4599536626716165,1.912031358960577,0.0
1537,6,1.8013203580442891,0.9042749423947021,0.0
1537,7,0.5621475834318175,-0.5721110037781245,0.0
1537,8,-0.39251487630476367,0.8030777072991235,0.0
1538,0,0.0,0.0,0.0
1538,1,-1.7015624427845426,0.8771447371947011,0.0
1538,2,2.1328154609195975,-0.03986557627785681,0.0
1539,0,0.0,0.0,0.0
1539,1,-0.6808450965119327,0.9420915239461234,0.0
1539,2,0.5486128328073633,1.2180698448258904,0.0
1540,0,0.0,0.0,0.0
1540,1,2.116508539815393,0.9015235437269015,0.0
1540,2,0.17358948754763293,1.4644925309535726,0.0
1540,3,0.9577489374422028,1.2398954757122178,0.0
1540,4,2.484619726969525,2.3520822580378997,0.0
1540,5,0.35191963054266595,2.2863977462580767,0.0
1541,0,0.0,0.0,0.0
1541,1,0.3839290534061508,-0.6657566143983442,0.0
1541,2,-0.23131811807955338,1.1371609091459813,0.0
1542,0,0.0,0.0,0.0
1542,1,0.387209072821173,-0.6267637932253637,0.0
1542,2,0.9327268614684749,-2.472988432574097,0.0
1542,3,0.2781991852320844,-2.1975979919118496,0.0
1543,0,0.0,0.0,0.0
1543,1,1.6493016249594326,0.09075380671000488,0.0
1543,2,0.838332703504423,1.6704495780445852,0.0
1544,0,0.0,0.0,0.0
1544,1,3.664427907728961,-1.7064110994542832,0.0
1544,2,4.25955778899793,-0.7163970429520488,0.0
1545,0,0.0,0.0,0.0
1545,1,0.35989105833434154,-0.27784113860940585,0.0
1545,2,-2.233070607741204,-1.4209956668446115,0.0
1545,3,0.5640938054306486,0.322013235312404,0.0
1545,4,-1.5441837078403604,-2.0983490340282795,0.0
1545,5,-1.5075114104814222,-1.8042617489188748,0.0
1546,0,0.0,0.0,0.0
1546,1,-0.3005231866824149,-2.8834934983837526,0.0
1546,2,-1.532064389798228,-2.157981152152873,0.0
1546,3,-0.6127214722666412,-2.9297908142634554,0.0
1546,4,-0.8577237759549804,-4.763341691930344,0.0
1546,5,-1.238136947990981,-3.83185102886351,0.0
1546,6,-2.1416223911351344,-3.4018200234014175,0.0
1546,7,-0.633029430440738,-3.3613409165232166,0.0
1546,8,-2.095553224777667,-2.816946743668564,0.0
1547,0,0.0,0.0,0.0
1547,1,-1.7859388688643913,0.05844380546896977,0.0
1547,2,0.5453449664198566,1.433320599750045,0.0
1547,3,2.603820665918347,1.0565530813423525,0.0
1547,4,2.555260596541374,0.014491950396039344,0.0
1547,5,1.7053870180413582,1.137486325621111,0.0
1547,6,3.3362386582093926,-0.07193255080090422,0.0
1547,7,4.659780054196546,3.0408205992881485,0.0
1547,8,4.419112430481694,1.39423385020324,0.0
1547,9,4.198760184023116,1.0714121538648265,0.0
1547,10,3.6170520594298923,1.6320045270951704,0.0
1547,11,3.0173356566914413,2.275846585563202,0.0
1548,0,0.0,0.0,0.0
1548,1,0.643418837939912,-1.919534030645624,0.0
1548,2,-0.7158710807395408,-1.814929943445712,0.0
1548,3,0.2270953988329878,-0.08511192304012616,0.0
1549,0,0.0,0.0,0.0
1549,1,1.162410732449774,2.0959815788995235,0.0
1549,2,1.2299304435647733,0.6047225027346076,0.0
1549,3,-0.8307215360422915,-0.0834125754316759,0.0
1549,4,-0.7910125237884771,3.111894755379753,0.0
1550,0,0.0,0.0,0.0
1550,1,-1.2879548185027052,1.447467729927229,0.0
1550,2,0.2823428086252432,1.736857132726334,0.0
1551,0,0.0,0.0,0.0
1551,1,2.48380879445528,-0.09382616293637108,0.0
1551,2,3.040564728696186,0.8593767947960758,0.0
1551,3,3.809477408577239,-0.5510323913849611,0.0
1552,0,0.0,0.0,0.0
1552,1,0.4590557571391458,-1.382991034817838,0.0
1552,2,1.0468971801720972,1.2287768082323538,0.0
1552,3,-1.2546945589426617,-0.14226373554501426,0.0
1553,0,0.0,0.0,0.0
1553,1,0.7475777963402344,-0.5959603174255013,0.0
1553,2,-1.7511687410310341,-2.9023116316809485,0.0
1553,3,0.6312964336821278,-2.0127138099709314,0.0
1553,4,1.3737690380889138,0.20931527399795335,0.0
1554,0,0.0,0.0,0.0
1554,1,1.7436155464231176,0.9929205596607948,0.0
1554,2,2.1905847520152575,1.5889079602527958,0.0
1555,0,0.0,0.0,0.0
1555,1,-2.1219482810033443,-3.2748077543151823,0.0
1555,2,-1.9708425769319156,-1.8525247191581473,0.0
1556,0,0.0,0.0,0.0
1556,1,0.9578211599981701,-0.31410773309313855,0.0
1556,2,1.1734659727933678,0.42364249908802787,0.0
1557,0,0.0,0.0,0.0
1557,1,-0.18520268174308407,1.221231132233629,0.0
1557,2,-1.521465723920917,0.9656351778143586,0.0
1558,0,0.0,0.0,0.0
1558,1,0.9946393317474471,-1.5703136824529,0.0
1558,2,2.245724310107222,-0.33273865894615395,0.0
1559,0,0.0,0.0,0.0
1559,1,0.30182147106285406,-2.011380253186556,0.0
1559,2,-0.7265185203888135,-3.266301936724034,0.0
1560,0,0.0,0.0,0.0
1560,1,-0.7393783789721814,4.44301326341545,0.0
1560,2,0.02667428022709839,3.5095775781714584,0.0
1560,3,1.7766656391125655,1.7870938888198153,0.0
1560,4,-0.0003039448577898396,3.732601881455075,0.0
1561,0,0.0,0.0,0.0
1561,1,-1.1587058371324641,0.8951082744191091,0.0
1561,2,-2.438522907726176,-0.8334340153325487,0.0
1561,3,-1.833028339836737,-1.6244174656438952,0.0
1561,4,-3.4568075227576314,-0.7264666101858394,0.0
1561,5,-2.451648261366741,-2.7165714636180724,0.0
1561,6,-4.1538922327688,-3.3875104193265635,0.0
1561,7,-2.3941143535357394,-3.4652933839578504,0.0
1562,0,0.0,0.0,0.0
1562,1,-2.826535148845808,-3.2200503767991453,0.0
1562,2,-3.211991336439537,-3.688431088726626,0.0
1562,3,-2.3389224370321813,-2.0709268706240964,0.0
1562,4,-2.291173411997526,-1.3001329544378548,0.0
1562,5,-2.393992123371656,-3.101537404790492,0.0
1563,0,0.0,0.0,0.0
1563,1,-1.2168976926128816,-1.900770989356912,0.0
1563,2,-0.3465182354645725,0.961644175954791,0.0
1563,3,0.5700203420309182,1.5306654372742403,0.0
1563,4,0.3345719024297189,-0.4352936482320534,0.0
1563,5,1.1787122107323698,0.9276585476837643,0.0
1564,0,0.0,0.0,0.0
1564,1,-3.7833819366186967,0.7549924087468294,0.0
1564,2,-1.2098986068837925,-0.1115933415291791,0.0
1564,3,-0.8018802568501111,0.16456928463054654,0.0
1565,0,0.0,0.0,0.0
1565,1,-0.4057130579152935,-1.6511252120060733,0.0
1565,2,-1.1603512405476615,-1.5777616295434238,0.0
1566,0,0.0,0.0,0.0
1566,1,1.7563910069175523,-1.1745217763213316,0.0
1566,2,-0.34854355658087877,-1.0606330765512189,0.0
1566,3,1.982807263612006,-0.051310782722225334,0.0
1566,4,1.9513093826002803,-1.573727333121524,0.0
1566,5,2.6456690290454645,-2.5109232467516263,0.0
1567,0,0.0,0.0,0.0
1567,1,-0.916290461340894,1.1429230040402647,0.0
1567,2,-0.6548765110094037,2.225165985166078,0.0
1568,0,0.0,0.0,0.0
1568,1,-1.3687869486816036,-1.9515365753634295,0.0
1568,2,-3.0871978069536508,0.9393135322199841,0.0
1568,3,-2.9981675200799063,-0.33411840910126056,0.0
1569,0,0.0,0.0,0.0
1569,1,1.6380761433371824,-0.4843143615310308,0.0
1569,2,-0.9485155082550445,0.02994093155779476,0.0
1569,3,0.058346243665908126,-0.2975893545862496,0.0
1569,4,-0.6875735696108698,-0.0112491353700368,0.0
1570,0,0.0,0.0,0.0
1570,1,3.2395256694444132,0.15969431541330925,0.0
1570,2,2.1109563237694857,-0.5761440865287395,0.0
1570,3,2.0780818048555654,0.02821002775014536,0.0
1571,0,0.0,0.0,0.0
1571,1,0.4070786542525844,-3.751916295342219,0.0
1571,2,2.0267231278669655,-3.080820378202621,0.0
1571,3,2.367858102726258,-1.0347850326062327,0.0
1571,4,1.9659468149358932,-3.409849582643559,0.0
1572,0,0.0,0.0,0.0
1572,1,0.4597658700806613,-0.35794248192776756,0.0
1572,2,-0.4989821021149644,-2.9351538305123963,0.0
1572,3,-0.4356720421860819,-1.7002102049432892,0.0
1572,4,-1.2512026394545173,-1.7617413420236026,0.0
1572,5,-1.179408784803953,-0.2912224118300891,0.0
1573,0,0.0,0.0,0.0
1573,1,0.45869901596831086,1.479911157989077,0.0
1573,2,0.9095129561309101,0.617583651998185,0.0
1574,0,0.0,0.0,0.0
1574,1,-1.2070904934987055,0.2749148536313668,0.0
1574,2,-1.4734097190686926,1.9930980430577268,0.0
1574,3,-0.43287706497449596,2.3160558962868043,0.0
1574,4,0.39415447955228267,-0.18378012111749675,0.0
1574,5,1.8164995954203682,0.9278434169924437,0.0
1574,6,-0.03547364757990468,-1.655120560899571,0.0
1575,0,0.0,0.0,0.0
1575,1,0.6784725901059754,0.5034449373256069,0.0
1575,2,0.7427961856980425,1.1489824654036844,0.0
1576,0,0.0,0.0,0.0
1576,1,0.021412748093865647,1.0096370683512847,0.0
1576,2,-0.6691226005089057,0.452002455343534,0.0
1577,0,0.0,0.0,0.0
1577,1,3.571744401330534,0.8833152742435377,0.0
1577,2,1.6314018158293349,0.5871854122465234,0.0
1577,3,1.068452512989088,1.5146226720696498,0.0
1577,4,-0.22926282035359957,-0.6158773158303572,0.0
1577,5,-2.853871229902744,2.2104530771012216,0.0
1577,6,-1.8729454716681955,0.6871554958414634,0.0
1577,7,-0.44164044741088415,0.5218911811325393,0.0
1577,8,-2.349393933316386,1.3278217792805775,0.0
1578,0,0.0,0.0,0.0
1578,1,-1.8248332617414667,-1.0090829635440746,0.0
1578,2,0.2680555720343101,0.1073978886986735,0.0
1579,0,0.0,0.0,0.0
1579,1,-0.07836042657454301,-0.041136140114461206,0.0
1579,2,1.5241317643508356,-1.89180044492306,0.0
1579,3,1.8152354950526775,-2.359464571307491,0.0
1579,4,0.8645193899118199,-0.16808204310797503,0.0
1579,5,0.7377151401772218,-1.8010036000367906,0.0
1580,0,0.0,0.0,0.0
1580,1,-0.6270928510765785,1.438436354961791,0.0
1580,2,0.9555626211875965,-0.632164946370835,0.0
1580,3,-1.555666634479565,-2.026345737138257,0.0
1581,0,0.0,0.0,0.0
1581,1,-3.3205129954374444,-1.9818781391087925,0.0
1581,2,-1.5301793564485577,-0.5557806560631795,0.0
1581,3,-2.4481523643733554,-2.422170296133513,0.0
1582,0,0.0,0.0,0.0
1582,1,0.8310300917269448,-1.0148298500614992,0.0
1582,2,2.946920724817915,0.9238271527749652,0.0
1582,3,2.156670823084956,-0.27796264128913595,0.0
1582,4,0.3977258497309508,-0.4629243513227851,0.0
1583,0,0.0,0.0,0.0
1583,1,2.6928240627436826,0.76259884357735,0.0
1583,2,3.3012820058246173,1.1315774871412563,0.0
1583,3,2.762463086572912,-0.11561896634493463,0.0
1583,4,2.9459678945358454,0.3691633250355745,0.0
1583,5,2.860704161414732,2.0662009819840175,0.0
1584,0,0.0,0.0,0.0
1584,1,-0.6459411255492978,-0.8976308803368275,0.0
1584,2,0.20671887342804152,0.2577261584526419,0.0
1584,3,-1.778069390040411,-0.4308931779992946,0.0
1584,4,-1.7413625022633092,-0.41827451014291706,0.0
1584,5,-0.7408976758077307,-0.6446161958742821,0.0
1584,6,-1.5828952865418735,-0.9704501626170111,0.0
1584,7,-1.7868556695191251,-0.4941968298151814,0.0
1584,8,-4.115943595115657,-1.5800547123953184,0.0
1585,0,0.0,0.0,0.0
1585,1,-1.0980681026350552,1.7324324714504542,0.0
1585,2,-1.8756572917860619,1.6057780879251624,0.0
1586,0,0.0,0.0,0.0
1586,1,-1.1520011841769795,0.07641252145937605,0.0
1586,2,-1.3694410754764335,0.552483683044644,0.0
1586,3,-1.299164799967235,0.3374974053444171,0.0
1587,0,0.0,0.0,0.0
1587,1,0.6059483623511037,-0.9335483059985006,0.0
1587,2,0.8242995624826077,-0.33872861000814747,0.0
1588,0,0.0,0.0,0.0
1588,1,-1.1273424189128076,1.00739599750538,0.0
1588,2,-1.2348565762489025,-1.786309820055095,0.0
1589,0,0.0,0.0,0.0
1589,1,0.43367274274397216,-0.13467938104074895,0.0
1589,2,1.0731296584270136,1.7549278031098143,0.0
1590,0,0.0,0.0,0.0
1590,1,0.5181864054317815,2.5381413022752684,0.0
1590,2,-2.4807259848965617,-0.6462769094569221,0.0
1590,3,-2.8253429728292994,2.783815585760216,0.0
1590,4,-1.9945260013944937,2.1329098423234645,0.0
1591,0,0.0,0.0,0.0
1591,1,0.055277844670978515,1.0102174922462954,0.0
1591,2,1.0723303702310547,0.4413306691819563,0.0
1591,3,-0.2825105090690496,1.1046575025103218,0.0
1591,4,-0.6546489955577901,1.6434790948870068,0.0
1591,5,1.0116105247336005,1.9330170440801715,0.0
1591,6,-1.35623362976118,4.466503772254598,0.0
1592,0,0.0,0.0,0.0
1592,1,-2.190860034600565,1.361084634376302,0.0
1592,2,-0.6332131907705143,0.21274098363915828,0.0
1592,3,-1.0482295150629055,1.0926560617803491,0.0
1592,4,1.0323120988119256,3.0288650009184677,0.0
1592,5,1.9333483055466285,0.9041920102154735,0.0
1593,0,0.0,0.0,0.0
1593,1,0.6834847747691337,-0.7426144801312828,0.0
1593,2,2.0128437221752167,-1.1163551183152614,0.0
1594,0,0.0,0.0,0.0
1594,1,-1.5244111229295652,-0.8824373904990408,0.0
1594,2,-3.4105652719564907,-1.2970086533627412,0.0
1595,0,0.0,0.0,0.0
1595,1,-0.6248800766737705,0.6802637069461532,0.0
1595,2,-1.8391924724890523,-0.18154559240608803,0.0
1596,0,0.0,0.0,0.0
1596,1,0.6608001547260036,-2.2891928746678416,0.0
1596,2,-0.5147609569758744,-2.5141214957707536,0.0
1596,3,1.9472277038661643,-0.5748931793901463,0.0
1596,4,-0.04465801648112988,-0.11728597279189756,0.0
1597,0,0.0,0.0,0.0
1597,1,-1.0556701175161132,-1.5407883704801422,0.0
1597,2,0.27607963059330975,-1.9629028456347168,0.0
1597,3,1.3675996846409204,-3.9228857404345616,0.0
1597,4,1.2469093347990259,-3.1928043679087557,0.0
1597,5,2.2270209461176833,-3.904040156567693,0.0
1597,6,-0.6552695071253558,0.29619698960445895,0.0
1598,0,0.0,0.0,0.0
1598,1,0.527319264409321,0.29479575949224285,0.0
1598,2,0.8018235348514544,0.30537073995207253,0.0
1598,3,-1.1030656602992293,3.404263505289662,0.0
1598,4,-2.0002392434788336,0.9019350290679691,0.0
1599,0,0.0,0.0,0.0
1599,1,1.344432426002586,-0.9769658881725695,0.0
1599,2,0.5778265233646491,-0.8638894458310029,0.0
1600,0,0.0,0.0,0.0
1600,1,2.226488528314981,0.03771634398491597,0.0
1600,2,-0.738095710575748,-1.3529528428650959,0.0
1600,3,0.32099344075478387,0.06037316155928818,0.0
1600,4,2.23259160049321,-1.2404588825554297,0.0
1601,0,0.0,0.0,0.0
1601,1,2.5201949064416924,-1.7192509615693838,0.0
1601,2,-0.171882051946449,-3.2549226983818147,0.0
1602,0,0.0,0.0,0.0
1602,1,-0.33655556522188546,1.2644496549275348,0.0
1602,2,-2.606371660560942,1.0583698149202716,0.0
1603,0,0.0,0.0,0.0
1603,1,0.45448985711307643,-1.1168569271358018,0.0
1603,2,-0.7479861937190586,-0.7281730200461844,0.0
1603,3,1.0892262594625588,-0.5740488531633248,0.0
1603,4,1.3353216243130528,-1.267030327191448,0.0
1603,5,0.5855460096466832,-0.9848779216965986,0.0
1604,0,0.0,0.0,0.0
1604,1,1.4615231513822655,1.9358029379040997,0.0
1604,2,1.339730362694214,-1.162794233201859,0.0
1604,3,0.7114545838465561,-0.8846854857748778,0.0
1605,0,0.0,0.0,0.0
1605,1,0.9175665349407944,-0.7405000771599354,0.0
1605,2,2.3234378647575715,-1.3525264189139663,0.0
1606,0,0.0,0.0,0.0
1606,1,1.4800254589734052,1.5916874073615173,0.0
1606,2,0.47524468096830996,1.4524340191297693,0.0
1606,3,1.3731646409076597,0.7315029072276209,0.0
1607,0,0.0,0.0,0.0
1607,1,2.2666814193780493,-1.0236735280986948,0.0
1607,2,-0.6062712120220768,0.15374612444310132,0.0
1608,0,0.0,0.0,0.0
1608,1,-1.248975975778399,-0.5452512297237946,0.0
1608,2,-0.34045347106498136,0.3752374218389152,0.0
1609,0,0.0,0.0,0.0
1609,1,0.4177704470892618,-0.3483050231698168,0.0
1609,2,0.05547146462108277,-1.452675144078101,0.0
1610,0,0.0,0.0,0.0
1610,1,0.5923487271586962,0.31351579099400223,0.0
1610,2,-0.7806437670173265,0.25271104407141287,0.0
1611,0,0.0,0.0,0.0
1611,1,0.9231186163737246,0.07995954244534831,0.0
1611,2,2.3724896744654576,-2.7692073735188365,0.0
1612,0,0.0,0.0,0.0
1612,1,1.4086282773911054,-1.4042682752434152,0.0
1612,2,-0.10223681532811091,-2.739121381971892,0.0
1612,3,-1.8153532320297492,-0.10978507314432184,0.0
1612,4,-0.8233507865572832,-1.8843463770166413,0.0
1613,0,0.0,0.0,0.0
1613,1,0.43793734046013877,-3.088131791473386,0.0
1613,2,-1.8504835726685536,-4.5757608720264455,0.0
1614,0,0.0,0.0,0.0
1614,1,1.1611026010934227,-1.0536099308089686,0.0
1614,2,0.6203829526603648,-1.7478571129529605,0.0
1615,0,0.0,0.0,0.0
1615,1,0.3812837206340841,-2.777922403710794,0.0
1615,2,1.307167372789265,-1.375576589066859,0.0
1615,3,2.425956758048512,-0.33231365359988707,0.0
1615,4,1.8307961213913708,0.21848285119837385,0.0
1616,0,0.0,0.0,0.0
1616,1,0.47574871126158014,-0.40858359209862494,0.0
1616,2,0.2765283993229919,-1.2159039175786717,0.0
1617,0,0.0,0.0,0.0
1617,1,-1.6296863961336108,1.7713603919084198,0.0
1617,2,-2.4077016069110693,1.2877879040561575,0.0
1617,3,-2.8209358880320896,1.9296064256400232,0.0
1617,4,-0.9840469839741794,3.870520244623089,0.0
1618,0,0.0,0.0,0.0
1618,1,-0.3317034070404074,0.5036977856934235,0.0
1618,2,1.2099159721297816,0.9036802405882598,0.0
1618,3,2.209643620058194,3.01260542068586,0.0
1619,0,0.0,0.0,0.0
1619,1,-2.29771543488079,-2.3132948019125537,0.0
1619,2,-4.698805957207816,-0.6719086722190675,0.0
1619,3,-1.9802196769734706,-1.5892805863213177,0.0
1620,0,0.0,0.0,0.0
1620,1,1.2660347502446743,-2.137428509680025,0.0
1620,2,0.4321647819800949,-1.4501537415343229,0.0
1621,0,0.0,0.0,0.0
1621,1,-0.26182088015805893,1.004302591487114,0.0
1621,2,-0.9049417083137528,-0.7352562213373682,0.0
1621,3,-1.0132229550066203,0.5088108969360038,0.0
1621,4,-0.0834042874790859,-0.579746349391356,0.0
1621,5,-1.0189432606643485,0.14521168681520324,0.0
1622,0,0.0,0.0,0.0
1622,1,-1.0768080289771533,-1.5122180076385952,0.0
1622,2,-2.836915159658856,-1.0336021123738661,0.0
1623,0,0.0,0.0,0.0
1623,1,-1.427337738287525,-0.743089085926286,0.0
1623,2,0.5427448272961775,0.8856876178516035,0.0
1623,3,-0.6764842310430814,-0.6751378960322993,0.0
1623,4,-0.004086885479798963,-1.353065142273418,0.0
1623,5,1.969330614532283,-0.3447806466278195,0.0
1624,0,0.0,0.0,0.0
1624,1,0.9255930691130636,3.9384058642887947,0.0
1624,2,1.4166439214768212,3.8549336046405487,0.0
1625,0,0.0,0.0,0.0
1625,1,-1.5793378731470038,0.8181059912661607,0.0
1625,2,1.163114950204358,-0.9684320424620415,0.0
1626,0,0.0,0.0,0.0
1626,1,-1.0508170703864321,0.0016305253152546495,0.0
1626,2,-0.2210652156939793,2.3368558003916875,0.0
1626,3,2.8545681858422363,0.17781971141762742,0.0
1626,4,1.927846629911683,1.6981361666756492,0.0
1626,5,-0.08357188745236865,-0.5907443848570453,0.0
1627,0,0.0,0.0,0.0
1627,1,-2.115621740637828,-0.648805250281663,0.0
1627,2,0.16035371109409624,-0.6586463933443227,0.0
1627,3,-1.0840245164406401,0.48327638763945013,0.0
1627,4,1.2422646173724536,-1.9819559357017165,0.0
1627,5,3.351382926986514,-0.9668198426388821,0.0
1628,0,0.0,0.0,0.0
1628,1,-0.9995899283429379,-1.8748442726660368,0.0
1628,2,0.5918619496941142,-2.738903895745168,0.0
1629,0,0.0,0.0,0.0
1629,1,1.5842991086012599,-0.11086809166453859,0.0
1629,2,0.5164283415313102,1.1621557339819164,0.0
1629,3,-1.4257543047087324,1.8947586207137328,0.0
1630,0,0.0,0.0,0.0
1630,1,2.4002671396430935,-0.27983902278638784,0.0
1630,2,0.9405861780534199,-0.25787708915048535,0.0
1631,0,0.0,0.0,0.0
1631,1,-0.0005636785678129752,0.17042839266913745,0.0
1631,2,0.3645009098264283,-1.8843736190318228,0.0
1631,3,1.901076698427445,1.1902846922173103,0.0
1632,0,0.0,0.0,0.0
1632,1,1.7810236950087168,-0.3611043031849309,0.0
1632,2,3.392744739729112,0.6835156693947034,0.0
1633,0,0.0,0.0,0.0
1633,1,1.1003259248214823,1.0700337286404034,0.0
1633,2,1.5901855505358187,2.898736032308716,0.0
1633,3,2.653868753989651,1.9787587906132065,0.0
1633,4,2.2657599586628203,0.9863456562705778,0.0
1633,5,2.1397959951007253,1.2282120939239136,0.0
1633,6,3.0229197993922243,1.325504803269543,0.0
1633,7,1.5878119959686399,1.6530110528725561,0.0
1634,0,0.0,0.0,0.0
1634,1,1.2587163638859753,-2.3035745883227143,0.0
1634,2,-2.8186110987901873,-4.277162075542926,0.0
1634,3,-1.9107153535192305,-3.1685305101812853,0.0
1635,0,0.0,0.0,0.0
1635,1,0.6965689330210968,0.0031199542193834917,0.0
1635,2,-0.18585137490666126,2.0766326111703934,0.0
1636,0,0.0,0.0,0.0
1636,1,0.5704584804790253,-0.7010558469813972,0.0
1636,2,-1.1086781404258454,-0.5602015717795679,0.0
1636,3,-1.546668753564831,-1.4332466622268303,0.0
1636,4,-0.5984394428750646,-0.5650388864575482,0.0
1636,5,2.1294760147622,-2.371883504524165,0.0
1637,0,0.0,0.0,0.0
1637,1,2.7402900967282617,-2.4426806968419688,0.0
1637,2,1.0969067914400994,-2.2088206710804164,0.0
1637,3,2.214734020942649,-0.600133398183142,0.0
1638,0,0.0,0.0,0.0
1638,1,-1.285523717475607,-0.2320704183976554,0.0
1638,2,-1.4089737127196633,1.4868845684127214,0.0
1638,3,-2.5935648219887772,1.550079427586294,0.0
1638,4,-1.0619421759430563,1.721250717615585,0.0
1639,0,0.0,0.0,0.0
1639,1,-1.1766770114111536,-0.38494113389906887,0.0
1639,2,-2.3236980156811833,-1.010702657605862,0.0
1640,0,0.0,0.0,0.0
1640,1,0.8984937866382903,-1.869098697563882,0.0
1640,2,0.8862470080603251,-0.1715273275826079,0.0
1640,3,1.2379437597628848,-0.08507830237182845,0.0
1641,0,0.0,0.0,0.0
1641,1,-1.0306908383594395,-0.05124100088604222,0.0
1641,2,-0.3388995812256865,-0.44062440171444106,0.0
1641,3,0.7362044749624317,-1.6389668942153013,0.0
1642,0,0.0,0.0,0.0
1642,1,1.6631066246013475,-0.4905467232403149,0.0
1642,2,2.310721336081686,1.5478033033376528,0.0
1642,3,1.7734043053639423,-1.5798503942314586,0.0
1643,0,0.0,0.0,0.0
1643,1,0.21182490700911183,0.09234745958987922,0.0
1643,2,1.5312607777597556,2.3635285662938053,0.0
1643,3,0.09856573132625868,2.9802284394644305,0.0
1643,4,1.7083414263669285,0.23092154902179196,0.0
1643,5,1.545718896426242,1.4068783694034155,0.0
1643,6,0.6670984266805017,-0.18447218589792702,0.0
1643,7,0.3285931259806043,1.7876051742861854,0.0
1644,0,0.0,0.0,0.0
1644,1,-0.05231395532066396,2.147148043633897,0.0
1644,2,1.3449159715539487,1.2379608454342437,0.0
1644,3,1.5148735442393082,1.9637193186040327,0.0
1644,4,1.1933168120077835,-1.304305474727477,0.0
1644,5,2.845237640228267,0.20388647703989982,0.0
1644,6,0.45334488644582005,0.4843917295084994,0.0
1645,0,0.0,0.0,0.0
1645,1,0.4933553608528024,0.5435880427758346,0.0
1645,2,0.19831389466494964,-0.9404121163355762,0.0
1645,3,0.534779554631516,-1.7676597133640835,0.0
1645,4,-0.2321027064751997,-0.7433916903085654,0.0
1645,5,0.6777603590552401,1.2594706929692339,0.0
1646,0,0.0,0.0,0.0
1646,1,2.4223852325391304,-2.632593646838022,0.0
1646,2,0.7605788828481206,-3.5130739306501884,0.0
1646,3,0.8852352558935078,-0.12286785243782394,0.0
1646,4,0.6090979974033917,-1.3051785290657927,0.0
1647,0,0.0,0.0,0.0
1647,1,0.2914090011051056,-1.2263601734607754,0.0
1647,2,-0.00845639034851453,0.3605458856571597,0.0
1647,3,0.23557080593835877,1.97240251429768,0.0
1647,4,-0.4109651897662143,2.941815228363815,0.0
1647,5,-1.7899636233745173,3.1036082552219906,0.0
1648,0,0.0,0.0,0.0
1648,1,-1.0130371588622777,-0.003031313038357797,0.0
1648,2,-1.4470155659708244,-0.1392159575546772,0.0
1648,3,-2.1918796714166877,1.9034023063511192,0.0
1649,0,0.0,0.0,0.0
1649,1,0.7116112869838075,-1.495046429958854,0.0
1649,2,-1.5010323209772019,-1.6968787364870463,0.0
1649,3,-1.0158421442388665,0.4372820136533315,0.0
1650,0,0.0,0.0,0.0
1650,1,-0.4617399105058462,1.5154261214614284,0.0
1650,2,-0.4290834091323661,0.4499322754086521,0.0
1651,0,0.0,0.0,0.0
1651,1,0.22561222946511572,1.715705063138865,0.0
1651,2,-0.4747955052137174,0.12035099176405195,0.0
1651,3,-0.8806051832723083,0.3994059686923077,0.0
1652,0,0.0,0.0,0.0
1652,1,1.2904323583662214,-1.0047609712628907,0.0
1652,2,-0.3669988563267952,-1.8593592510719317,0.0
1652,3,2.2207646803757006,-0.20965349238988773,0.0
1652,4,0.48142991406195246,0.48494147583318725,0.0
1652,5,-0.32926936096592274,1.1919054276612258,0.0
1653,0,0.0,0.0,0.0
1653,1,-0.8813603334664754,0.18502449827475526,0.0
1653,2,-1.3313727541890819,0.8612145694509028,0.0
1653,3,-0.0932299075229015,1.8132991900386461,0.0
1653,4,-1.219575830923933,0.9146717714585895,0.0
1653,5,0.06583090733790575,2.3953131463473993,0.0
1653,6,-0.7537937061483392,1.5148744444678175,0.0
1653,7,-0.062270969286483124,-1.3757828534969985,0.0
1654,0,0.0,0.0,0.0
1654,1,0.594532963385595,-0.4928366790278459,0.0
1654,2,0.9406395845572991,-0.2903762379574856,0.0
1654,3,-1.6974481584495615,-2.2093461615035377,0.0
1654,4,0.15485175960771203,-0.8589126461488584,0.0
1655,0,0.0,0.0,0.0
1655,1,-0.00955617006343737,-0.4324473127459252,0.0
1655,2,-0.38442055794427943,0.8242075620603847,0.0
1655,3,-0.42746525124418255,1.5278366403812766,0.0
1655,4,0.7074683520593623,0.40974713066975677,0.0
1655,5,1.5016953596768607,2.247000767091486,0.0
1656,0,0.0,0.0,0.0
1656,1,1.4775964643146466,-0.37661698308725794,0.0
1656,2,1.0320763904930608,-0.0010050079411948465,0.0
1656,3,0.111107259070935,0.18899614347232008,0.0
1657,0,0.0,0.0,0.0
1657,1,-2.75842960922038,0.7512858724599666,0.0
1657,2,-3.3039675186206545,-0.4976669472477496,0.0
1658,0,0.0,0.0,0.0
1658,1,-2.532498499586813,1.4011729932533,0.0
1658,2,-0.5374832047134428,2.179147277469991,0.0
1658,3,0.8606295946158569,1.1149022901390395,0.0
1659,0,0.0,0.0,0.0
1659,1,0.38879734493094675,0.8319029321950833,0.0
1659,2,-1.0416713837252163,3.2504955618343643,0.0
1659,3,1.7152711106315226,2.557877901312585,0.0
1659,4,2.20771263353924,0.5648217944322851,0.0
1659,5,0.414223228576287,1.956850864081315,0.0
1659,6,0.7447344479589386,-0.8167642349776525,0.0
1660,0,0.0,0.0,0.0
1660,1,3.352375979247136,-0.05399816892396114,0.0
1660,2,1.3481533006014743,0.26338007519959183,0.0
1660,3,0.9205586896918035,2.0599094631926036,0.0
1661,0,0.0,0.0,0.0
1661,1,0.8093069709242873,0.933036463039672,0.0
1661,2,1.4939258912957531,1.4275875004821232,0.0
1662,0,0.0,0.0,0.0
1662,1,-1.3589629165975645,-0.37359334765178864,0.0
1662,2,-0.5628634362894638,-2.302414459379396,0.0
1662,3,0.791834084754222,-0.506786641512733,0.0
1662,4,2.5232063738854507,-0.7355576479857996,0.0
1662,5,1.376654067521796,-1.2868293680722744,0.0
1662,6,1.5150475613419947,2.270103411126204,0.0
1662,7,2.0295350561936,1.7739142579448886,0.0
1662,8,2.7622904298200726,1.6926703915540653,0.0
1663,0,0.0,0.0,0.0
1663,1,-0.7853683596632561,0.8254506697851456,0.0
1663,2,-0.752208993584393,3.563867346089765,0.0
1663,3,0.7339933609656921,4.98394480303209,0.0
1663,4,1.4947184451915894,3.3461371430699876,0.0
1664,0,0.0,0.0,0.0
1664,1,-0.2020215280319848,-0.8457697158137696,0.0
1664,2,0.1144217124638506,-1.7121840227702358,0.0
1665,0,0.0,0.0,0.0
1665,1,0.4888987580396922,1.6632771567979794,0.0
1665,2,0.25315471513792176,3.1901439346481646,0.0
1665,3,0.21584758644834312,2.6949676013207116,0.0
1665,4,0.2660469658570557,1.4952357604237032,0.0
1666,0,0.0,0.0,0.0
1666,1,-2.157882139984551,3.795567246657688,0.0
1666,2,-1.360577124755327,2.013495621952207,0.0
1666,3,0.08545388339981715,2.5166714281136713,0.0
1666,4,0.2678281712322936,1.0578239511745906,0.0
1666,5,0.944451084647953,5.032245281514969,0.0
1666,6,-0.29629398913193233,2.3911019147669634,0.0
1666,7,-0.9401449362099386,2.2378606221086925,0.0
1667,0,0.0,0.0,0.0
1667,1,0.3832915087088282,-0.8799297631428781,0.0
1667,2,-1.068364158502839,-0.5097914873060396,0.0
1667,3,-1.4327282829923058,-1.2179650015065961,0.0
1668,0,0.0,0.0,0.0
1668,1,0.7958390444404579,0.788370539751017,0.0
1668,2,1.5534363265985691,0.8450487405125788,0.0
1669,0,0.0,0.0,0.0
1669,1,0.6861928426197835,-0.20625125206350736,0.0
1669,2,1.4514129538705514,-0.18688359089512174,0.0
1670,0,0.0,0.0,0.0
1670,1,-1.000230932890528,0.21151838079692697,0.0
1670,2,-1.7340480253886033,0.6670250353247802,0.0
1670,3,-3.3033276497391655,2.6672101092254645,0.0
1670,4,-2.1423674346237105,1.2290239167725239,0.0
1670,5,1.0277595258716246,1.8547395812832472,0.0
1670,6,-0.22686388240953548,2.7034717812074707,0.0
1671,0,0.0,0.0,0.0
1671,1,0.13711639331953124,1.59031980819536,0.0
1671,2,-0.9456515168293775,0.25545774283191347,0.0
1671,3,-2.3347027363672184,-0.3129054906650378,0.0
1671,4,-0.22368341787105922,0.07685010046057539,0.0
1672,0,0.0,0.0,0.0
1672,1,-1.3838068982608678,0.32924221713431034,0.0
1672,2,-2.0307544628416174,0.6086415901244124,0.0
1673,0,0.0,0.0,0.0
1673,1,-0.6840186223479608,0.42375604171987324,0.0
1673,2,2.4469949340710824,3.5022310011699784,0.0
1673,3,1.3732909028763407,3.462966300025362,0.0
1674,0,0.0,0.0,0.0
1674,1,-0.522913018959788,-0.9059650775975573,0.0
1674,2,1.1138842302422625,-1.6904075324364825,0.0
1674,3,-0.1714928958685639,-0.11978335057217271,0.0
1674,4,-1.1381031710365477,-0.26444515679237657,0.0
1674,5,-0.014654528491307356,0.45141091003114364,0.0
1675,0,0.0,0.0,0.0
1675,1,-1.0719489018722554,-0.6874376772537008,0.0
1675,2,3.347278238564335,-0.2973156639695418,0.0
1676,0,0.0,0.0,0.0
1676,1,-0.40124984230932464,0.9423028404404048,0.0
1676,2,-1.2973782439773018,0.8241174598079801,0.0
1676,3,-0.8190030859079557,2.28127659875015,0.0
1677,0,0.0,0.0,0.0
1677,1,0.7862062530431085,1.5765256940396442,0.0
1677,2,-0.026304464778819092,3.5024977886114845,0.0
1678,0,0.0,0.0,0.0
1678,1,-0.5703656763941876,-2.0241896971868845,0.0
1678,2,-1.4802006174644653,-1.8042723790187516,0.0
1679,0,0.0,0.0,0.0
1679,1,-1.1451053857849172,-1.9380627602116287,0.0
1679,2,-2.001537981271217,-0.8111084698742199,0.0
1679,3,-0.006843727664165078,-0.734120558331969,0.0
1679,4,0.20891360334054698,-0.08847191678926469,0.0
1679,5,-1.144722357938998,-3.286031641679643,0.0
1679,6,-1.6224870974278724,-0.005515827492201808,0.0
1679,7,-0.6576954710668457,0.2460809296506432,0.0
1679,8,-2.0433463057765993,-0.5606391220657541,0.0
1679,9,-4.5458389555618215,1.1223621183246992,0.0
1680,0,0.0,0.0,0.0
1680,1,-0.8534706274721784,-0.16073748809101573,0.0
1680,2,0.04740786207017811,-0.7271826770714984,0.0
1680,3,2.543633100039552,1.3273798573748472,0.0
1681,0,0.0,0.0,0.0
1681,1,2.038052182962974,-0.9954092770094816,0.0
1681,2,2.648069457842673,-0.34540159456564856,0.0
1682,0,0.0,0.0,0.0
1682,1,1.1307222500085645,2.2644201511168984,0.0
1682,2,0.22638341921157146,1.89305118707526,0.0
1683,0,0.0,0.0,0.0
1683,1,-0.10026262302723143,-2.1407639726185,0.0
1683,2,1.3651054843977146,-3.303869779611233,0.0
1684,0,0.0,0.0,0.0
1684,1,3.4010320366214497,0.9592600514714663,0.0
1684,2,0.52415689845226,-0.1604464608009386,0.0
1684,3,1.8217959171510134,-0.6628372120920112,0.0
1685,0,0.0,0.0,0.0
1685,1,1.0086625551186537,1.1662809341115734,0.0
1685,2,3.3982792262750587,-0.8580374082164046,0.0
1685,3,4.457647369013098,1.0302499548491522,0.0
1686,0,0.0,0.0,0.0
1686,1,0.5530493302983324,2.766361168318198,0.0
1686,2,1.101798954444927,0.5510524244707304,0.0
1687,0,0.0,0.0,0.0
1687,1,-0.8285960502744572,0.10305464974329848,0.0
1687,2,1.308284330034762,1.8652481338413494,0.0
1688,0,0.0,0.0,0.0
1688,1,0.8945575245162518,-1.4752898804824381,0.0
1688,2,1.1152552117409518,-1.1532039571513053,0.0
1688,3,3.2433343632345752,0.24823710523561093,0.0
1688,4,3.03970908077197,0.3037603043449928,0.0
1688,5,2.866593350125981,-2.3076300955259974,0.0
1689,0,0.0,0.0,0.0
1689,1,-0.9774478170061562,-3.309957838518771,0.0
1689,2,-0.27716264538479773,0.9306476107875211,0.0
1689,3,-0.34895508782548523,-2.34174460079747,0.0
1689,4,-1.3065061082183516,-1.439930038986133,0.0
1689,5,-3.15425225183946,0.8264269824495915,0.0
1690,0,0.0,0.0,0.0
1690,1,1.1481800994764548,2.1866309324374065,0.0
1690,2,0.7673565130301299,-0.22300554263134287,0.0
1691,0,0.0,0.0,0.0
1691,1,2.0656705713441643,1.9735661487681146,0.0
1691,2,-0.2587497701573006,-0.43397818639918206,0.0
1692,0,0.0,0.0,0.0
1692,1,-1.0387246388493199,1.0100220416623134,0.0
1692,2,-0.7209256251851228,3.315502717223978,0.0
1693,0,0.0,0.0,0.0
1693,1,-0.8425731899870241,0.5123195322922309,0.0
1693,2,-1.2286180915842435,-3.669646764421189,0.0
1694,0,0.0,0.0,0.0
1694,1,2.521662522451787,0.05170213540693058,0.0
1694,2,2.0045154334623945,-1.3420839633593258,0.0
1694,3,1.7775367068905161,1.2726655812699754,0.0
1694,4,1.1480416797625608,0.8622097767971044,0.0
1694,5,-0.649448061074893,1.2953027485932773,0.0
1694,6,-0.8441121454218811,-0.6931186912358913,0.0
1694,7,2.179266600528085,-0.040542659985859264,0.0
1694,8,0.08657795622395903,0.6436292026718069,0.0
1695,0,0.0,0.0,0.0
1695,1,-0.7230650274781389,-1.1691187116120525,0.0
1695,2,0.616714894867074,-1.76437448471563,0.0
1695,3,1.7186325769918787,-1.8378942798416569,0.0
1695,4,-0.6919185796837302,-0.1508050781300534,0.0
1695,5,-0.8791340517397961,1.617961573313057,0.0
1695,6,-1.3045686322127499,0.011835174584136299,0.0
1696,0,0.0,0.0,0.0
1696,1,0.6903759518543853,-0.34877914207984706,0.0
1696,2,2.4418698585125447,-1.5550366842713867,0.0
1697,0,0.0,0.0,0.0
1697,1,0.32735001776545714,-0.10247645146686124,0.0
1697,2,1.1220459825298192,0.270766528382568,0.0
1698,0,0.0,0.0,0.0
1698,1,-2.8772531969039017,-0.010644557586055425,0.0
1698,2,-0.4066185403916669,1.5396672112404257,0.0
1698,3,-0.15793658838322333,1.9305246217603285,0.0
1698,4,-0.1402208022200515,2.209572711955044,0.0
1698,5,-0.5766556984299005,3.3201237414301987,0.0
1698,6,-1.9384595200712131,4.126485418814397,0.0
1698,7,-0.8937599340738736,2.9263146818506858,0.0
1698,8,-3.464301621566586,1.1744122765033629,0.0
1698,9,0.00200031469011952,1.941896418381294,0.0
1699,0,0.0,0.0,0.0
1699,1,0.8138260461318497,1.312781087129764,0.0
1699,2,0.39959838564366,1.3748639264070062,0.0
1700,0,0.0,0.0,0.0
1700,1,-3.401329354046668,-0.8747077594627719,0.0
1700,2,-0.28606020003221655,-1.7141080910089883,0.0
1701,0,0.0,0.0,0.0
1701,1,1.3298703194713286,1.8784472917552861,0.0
1701,2,2.3502991904982586,2.462204634453081,0.0
1702,0,0.0,0.0,0.0
1702,1,4.049632682909589,-0.7089257845726099,0.0
1702,2,3.1133418763574685,1.211929328048734,0.0
1702,3,2.1621224947741347,1.738512341075102,0.0
1703,0,0.0,0.0,0.0
1703,1,2.4135974073040702,-1.2100494058233422,0.0
1703,2,1.7359111280947963,0.4663351446789854,0.0
1704,0,0.0,0.0,0.0
1704,1,0.270129729629907,0.78603486125782,0.0
1704,2,2.348340035197148,0.9320355369659267,0.0
1704,3,0.5510781617361975,2.4172124627916665,0.0
1704,4,2.3523284732760845,1.345082005949552,0.0
1705,0,0.0,0.0,0.0
1705,1,-2.3488053056711005,-1.0885531179141805,0.0
1705,2,-0.5290572484940057,-0.4636778430107773,0.0
1705,3,0.8113138231702415,-0.800934298313956,0.0
1705,4,1.3701383486882075,-1.3874925857288039,0.0
1705,5,0.4585243378540107,-2.4176725001585195,0.0
1705,6,1.1106891424501875,-3.113024676306983,0.0
1705,7,2.5914735149428303,-2.2124322483968735,0.0
1705,8,1.974988218764116,-0.6000286587286519,0.0
1706,0,0.0,0.0,0.0
1706,1,-1.1304896797131607,-0.7280877065336454,0.0
1706,2,-0.2711673225576824,-1.7884382493210595,0.0
1706,3,-1.042176887231178,-2.2516912500243667,0.0
1706,4,-1.2315845963749044,-1.520105791068867,0.0
1706,5,-1.0206028054170024,-1.7428401219570455,0.0
1707,0,0.0,0.0,0.0
1707,1,-2.105536498172263,0.8637316316719695,0.0
1707,2,-0.13222923292240052,-1.1186846954026932,0.0
1708,0,0.0,0.0,0.0
1708,1,2.8473803685515326,2.4803284807617074,0.0
1708,2,0.3777670753592175,3.560261587857051,0.0
1708,3,-2.019878859368584,2.3450878304394878,0.0
1708,4,-1.0541161947532867,1.621213020604462,0.0
1709,0,0.0,0.0,0.0
1709,1,-0.16806331287839127,0.14660862809700026,0.0
1709,2,-0.013715867145887017,0.2854930498389969,0.0
1709,3,-0.16920372622540558,-1.6905647404262767,0.0
1709,4,0.5229876467460897,-0.6789867446023992,0.0
1710,0,0.0,0.0,0.0
1710,1,-0.338064425437836,-0.9545001190466315,0.0
1710,2,1.0037121548561598,-0.501543480623922,0.0
1710,3,-0.10134599736409533,-2.594468539633042,0.0
1711,0,0.0,0.0,0.0
1711,1,1.401885815260536,0.588684729639874,0.0
1711,2,1.7546294152353368,0.40983385434752195,0.0
1712,0,0.0,0.0,0.0
1712,1,0.028659221469355067,-0.7820821075768132,0.0
1712,2,-2.9015439865717854,-0.27600364034181313,0.0
1713,0,0.0,0.0,0.0
1713,1,-1.7689230347274418,1.1641725156288814,0.0
1713,2,0.5316231093717576,-0.3427633568399069,0.0
1714,0,0.0,0.0,0.0
1714,1,-1.7873852824002139,-2.071906720549945,0.0
1714,2,-0.35909019944606513,-2.629079137327545,0.0
1714,3,-2.2428988581230573,-2.8391032841638397,0.0
1715,0,0.0,0.0,0.0
1715,1,-1.0190282649541205,2.1184053450850833,0.0
1715,2,-1.1868426165276251,0.3213751769981995,0.0
1715,3,0.1524669797202733,-0.2443807726436471,0.0
1715,4,0.5318630835178029,0.6519989945394172,0.0
1715,5,-1.9738013445828226,-0.29394740731003144,0.0
1715,6,-1.7548727791357872,-0.27252246040755007,0.0
1715,7,-2.483341632080341,0.2908814296770189,0.0
1715,8,-3.696220393221684,-1.5516085995048798,0.0
1715,9,-1.2646130257821087,-0.7324459807811972,0.0
1715,10,-0.3834475608713929,-0.23275477453861537,0.0
1715,11,-1.5979672980366795,-2.8654256872576247,0.0
1715,12,-1.5104678003669827,-2.560489120948931,0.0
1715,13,-2.05124892341928,-3.073944557083465,0.0
1716,0,0.0,0.0,0.0
1716,1,1.012983518673295,-0.2434528760306076,0.0
1716,2,1.9591253937611477,0.1868094762407766,0.0
1716,3,-0.49612432235220516,-3.1043121862381904,0.0
1716,4,-0.2920340971426951,-1.5489440747221475,0.0
1717,0,0.0,0.0,0.0
1717,1,1.7084428401534653,0.3197654090335572,0.0
1717,2,1.9164452672024657,-0.3472572962206205,0.0
1718,0,0.0,0.0,0.0
1718,1,0.9226983302576446,-1.1014905861126019,0.0
1718,2,-0.4464472522907965,-0.9378796872531372,0.0
1719,0,0.0,0.0,0.0
1719,1,1.488955865898704,2.2234353062129695,0.0
1719,2,1.0113926795306565,-0.5853454814313297,0.0
1719,3,0.1696225457231515,0.5877684544376922,0.0
1719,4,1.700778652697882,1.5508457927272896,0.0
1720,0,0.0,0.0,0.0
1720,1,-1.312071348047978,0.07981244285952332,0.0
1720,2,-0.3122055591948977,1.3121679425590242,0.0
1720,3,-0.3072515747755221,1.2164712820201298,0.0
1720,4,-0.12302034960739172,2.1084945584987356,0.0
1721,0,0.0,0.0,0.0
1721,1,-0.7491476189036415,-1.4130398798160706,0.0
1721,2,-0.3879644677299,-1.3878545887971105,0.0
1721,3,0.3379844154388111,-2.305052400720103,0.0
1721,4,0.3265342159660478,-0.5969601770679511,0.0
1721,5,1.588293267640347,-4.054395618371615,0.0
1721,6,0.2485978364904259,-5.184368376332434,0.0
1722,0,0.0,0.0,0.0
1722,1,-0.7144725255092654,-0.02701794284247927,0.0
1722,2,0.9878500642543377,-2.0566111575099635,0.0
1722,3,2.9379509539747644,-0.8954461053587974,0.0
1723,0,0.0,0.0,0.0
1723,1,-0.8616184424946494,0.7629232112995904,0.0
1723,2,0.7494619879536988,1.1545289121623359,0.0
1723,3,0.5198380754761105,1.109793490332543,0.0
1724,0,0.0,0.0,0.0
1724,1,2.3056899724654754,-1.5481188718479857,0.0
1724,2,1.6042578723043448,0.25262195006983545,0.0
1725,0,0.0,0.0,0.0
1725,1,-0.10932197723523546,-1.912824540432546,0.0
1725,2,-0.7115414254426288,-0.25070365492613517,0.0
1726,0,0.0,0.0,0.0
1726,1,-1.9073551335507648,-0.04072949050048258,0.0
1726,2,1.269864623480172,-0.8457860739388832,0.0
1727,0,0.0,0.0,0.0
1727,1,-0.8858452604828878,0.19768699935732803,0.0
1727,2,0.24939433547021128,1.7209944782193065,0.0
1727,3,-0.7607950713164018,1.4454355112669721,0.0
1727,4,-0.9501877237444736,-1.115790033022192,0.0
1728,0,0.0,0.0,0.0
1728,1,-1.5242982964451115,-1.1325783160711664,0.0
1728,2,-2.4426432320942486,0.20409424012175847,0.0
1729,0,0.0,0.0,0.0
1729,1,-0.8161986545198757,-2.5256947179636198,0.0
1729,2,-0.9199346842685948,0.7259636357898462,0.0
1730,0,0.0,0.0,0.0
1730,1,0.8305832145800265,0.5798205015783022,0.0
1730,2,1.4208529902532148,3.4267415351319466,0.0
1731,0,0.0,0.0,0.0
1731,1,1.2339488011667596,0.29255208356716883,0.0
1731,2,1.230247999009558,0.8116365086037649,0.0
1731,3,0.15006587538655325,0.5811110931757248,0.0
1731,4,-0.013729212351488496,1.7371178689666156,0.0
1731,5,-0.057299015049857904,0.9677657579759678,0.0
1731,6,-0.5222219145635425,-1.3099975922542697,0.0
1731,7,1.3379926841723373,1.667349459909309,0.0
1732,0,0.0,0.0,0.0
1732,1,0.46090531691263736,1.03991119130861,0.0
1732,2,0.4991089135309559,-0.38102922544471696,0.0
1732,3,1.340476043487783,-0.513328316367414,0.0
1732,4,0.9921533157904137,-1.6939678192246361,0.0
1732,5,0.4853578120384705,0.3900540908255332,0.0
1733,0,0.0,0.0,0.0
1733,1,-0.7774625004766638,-0.2950351755984766,0.0
1733,2,-2.3037898012591254,-2.555617637574808,0.0
1734,0,0.0,0.0,0.0
1734,1,0.9524434475693327,-0.3797417416943231,0.0
1734,2,-0.4059624692002877,0.5356486344362708,0.0
1735,0,0.0,0.0,0.0
1735,1,0.4159382223419088,-1.159970628928846,0.0
1735,2,-2.466932080188375,0.7060641695657972,0.0
1736,0,0.0,0.0,0.0
1736,1,-0.29480972960608404,0.6725295378528656,0.0
1736,2,0.17432501413160162,0.046880587309591326,0.0
1737,0,0.0,0.0,0.0
1737,1,-0.18258365662030518,-1.1996164396821307,0.0
1737,2,0.0208914999486296,-2.236862098516747,0.0
1738,0,0.0,0.0,0.0
1738,1,2.9726797742385713,1.7937688716437015,0.0
1738,2,1.4057302718781641,-0.6304281615606209,0.0
1738,3,2.0385132027327715,1.8511810898008465,0.0
1738,4,0.13849067710094976,-1.2861509132285234,0.0
1739,0,0.0,0.0,0.0
1739,1,-0.36358939391533074,-1.4932848904780107,0.0
1739,2,-0.6765463615631698,-1.6021734150115727,0.0
1739,3,-1.370289433308666,-0.19736236008144403,0.0
1739,4,-1.1325172098083283,0.4016837272770215,0.0
1739,5,-3.109286713748018,-2.6726963507969916,0.0
1739,6,-1.2324929067188575,-1.9468538614774205,0.0
1739,7,-0.7577677251533467,0.17731639030919366,0.0
1739,8,-2.402592885996437,-0.08927543046104613,0.0
1739,9,-3.3430871751198206,0.2608037596754116,0.0
1739,10,-4.279089684726508,0.46718274512042646,0.0
1739,11,-5.432722826304461,-1.3018707394666222,0.0
1739,12,-2.663508496739836,-1.5636617685700958,0.0
1740,0,0.0,0.0,0.0
1740,1,-0.9296832961593594,1.198538670883428,0.0
1740,2,-1.1934329732392683,0.8318155982880031,0.0
1741,0,0.0,0.0,0.0
1741,1,1.6511959329025268,-1.7658400151920517,0.0
1741,2,0.900957622126835,-0.5249409906508651,0.0
1741,3,3.5003922658265476,-0.23767564398006424,0.0
1741,4,3.2127279068045502,3.167745537674574,0.0
1742,0,0.0,0.0,0.0
1742,1,0.30223063805325223,-0.4187298656038496,0.0
1742,2,1.3412689671020468,0.2891080490193564,0.0
1742,3,2.3335789538435625,-0.23983640160647712,0.0
1742,4,3.6903889581373632,-0.769880382696259,0.0
1742,5,1.8694155825508347,2.1518398704757384,0.0
1742,6,3.395147955406837,0.2445394991184875,0.0
1742,7,1.0409643433710494,-2.8297333389746253,0.0
1742,8,-0.4783559180158914,-0.5889305611745701,0.0
1742,9,2.641793680180442,-1.7733366564335047,0.0
1743,0,0.0,0.0,0.0
1743,1,-2.3463586904472367,-0.3491517172513652,0.0
1743,2,-0.576772834054562,0.6658316169578418,0.0
1744,0,0.0,0.0,0.0
1744,1,-0.11655546845100595,-1.3334131694169604,0.0
1744,2,1.0892425177524496,-0.9391305814679672,0.0
1744,3,-0.21013127952375488,-0.34303507789864396,0.0
1745,0,0.0,0.0,0.0
1745,1,-1.1193075101605057,0.9167055526188561,0.0
1745,2,-1.538271326010715,0.6493091292152722,0.0
1746,0,0.0,0.0,0.0
1746,1,0.25256014212567685,-0.5238370201764471,0.0
1746,2,2.4357794549216614,-1.132587473839234,0.0
1747,0,0.0,0.0,0.0
1747,1,-0.6877950639167826,2.594499351453834,0.0
1747,2,1.618826609046161,0.8277334521897326,0.0
1748,0,0.0,0.0,0.0
1748,1,0.88699032264564,-0.015608311189083013,0.0
1748,2,1.1866018369437068,-1.3770916375296478,0.0
1748,3,-0.5742107584907756,-0.37246559227273757,0.0
1748,4,1.9929664196092303,-0.37936038253456583,0.0
1749,0,0.0,0.0,0.0
1749,1,0.639952722349407,0.33061791137719304,0.0
1749,2,-3.0221003227968235,-0.5618420897477052,0.0
1750,0,0.0,0.0,0.0
1750,1,-1.7848789296139898,0.048908075639957804,0.0
1750,2,-0.8365448831017255,-1.7043769972396368,0.0
1751,0,0.0,0.0,0.0
1751,1,0.23872721891096682,0.48757521619305866,0.0
1751,2,-0.8476027526512484,-0.14731620583174,0.0
1752,0,0.0,0.0,0.0
1752,1,-2.0363857207704497,-0.8903086507157764,0.0
1752,2,-1.0336991864067073,0.5057022003201753,0.0
1753,0,0.0,0.0,0.0
1753,1,0.8106351007172297,1.4380938282760654,0.0
1753,2,1.1952094610006183,0.8656442465794845,0.0
1754,0,0.0,0.0,0.0
1754,1,1.0071567084661668,-0.662215759015274,0.0
1754,2,0.19168815141633244,0.5683790703624396,0.0
1754,3,0.9434325183223562,1.614426021088661,0.0
1755,0,0.0,0.0,0.0
1755,1,-1.6764196014097137,-1.5788488982319264,0.0
1755,2,-2.1271918132389454,-0.7835868733876485,0.0
1755,3,-3.5294699362936677,-1.6856805739219958,0.0
1755,4,-3.8161177901108005,-1.636232969077112,0.0
1755,5,-4.777226127357965,-2.974386845385299,0.0
1755,6,-3.9936833332447566,-2.42531214585802,0.0
1755,7,-3.7336717610053873,-0.6421786143609814,0.0
1755,8,-6.744763267193269,1.55256663120081,0.0
1755,9,-6.905578658396761,1.1958191207469637,0.0
1755,10,-6.963180144403324,-0.5410441565219425,0.0
1756,0,0.0,0.0,0.0
1756,1,-0.39266162406154415,-0.6585796924487757,0.0
1756,2,-0.09712453617713468,-1.7900049102273168,0.0
1756,3,0.15092731910125812,-2.3111882155395964,0.0
1756,4,-0.21438901346364325,-0.8478650454137351,0.0
1756,5,0.9211921389576434,-0.3918466691237285,0.0
1757,0,0.0,0.0,0.0
1757,1,2.154649262110428,0.7579427062915522,0.0
1757,2,1.6390461149585218,-1.3265238694452908,0.0
1757,3,2.538286183145535,-0.07200074922254603,0.0
1758,0,0.0,0.0,0.0
1758,1,3.6596592669405257,0.5343317391246303,0.0
1758,2,1.9302340653869663,0.3458148083369319,0.0
1758,3,0.5183561079401395,2.63938513972208,0.0
1758,4,2.5336226503641077,1.7685039089714136,0.0
1759,0,0.0,0.0,0.0
1759,1,0.5613320072198335,0.5849648249851954,0.0
1759,2,0.30411521866199315,-0.40373252610716537,0.0
1759,3,-1.116121749286501,-4.064044018513617,0.0
1760,0,0.0,0.0,0.0
1760,1,-1.6177152297268855,0.20608928973381851,0.0
1760,2,-2.297685394661916,-3.4082246588383214,0.0
1761,0,0.0,0.0,0.0
1761,1,-0.28714301641448314,-3.469362729316683,0.0
1761,2,0.061608333348080385,-2.9187382158066715,0.0
1761,3,1.404479087594045,-3.718803263117447,0.0
1761,4,2.7645244413540477,-4.141999438232574,0.0
1761,5,-1.3379031138597377,-2.2193995812308462,0.0
1762,0,0.0,0.0,0.0
1762,1,-1.3874242418902463,1.063792132856322,0.0
1762,2,-1.2434976879127226,0.7021316981149275,0.0
1762,3,-1.6574835626962399,-0.9049783309340622,0.0
1762,4,-1.8253917155416177,0.4759057183442972,0.0
1762,5,0.1497998191310006,1.6027075085978166,0.0
1763,0,0.0,0.0,0.0
1763,1,0.3814926913165825,3.1608832491166416,0.0
1763,2,1.116256419152053,1.8346397298895973,0.0
1763,3,-0.16067900335715135,2.2007366624661358,0.0
1763,4,2.0144321635963887,0.22589077298049665,0.0
1763,5,1.3823786056866472,1.9042645293790252,0.0
1763,6,1.8680037885299785,0.7022787125483729,0.0
1763,7,1.7794357166018258,2.1440956130153532,0.0
1763,8,0.8589550418522546,2.3426171874552875,0.0
1763,9,1.6036455906792049,1.5348264477088693,0.0
1763,10,0.4703674772866394,1.117071827449376,0.0
1763,11,0.8708081269316944,5.084282051383862,0.0
1764,0,0.0,0.0,0.0
1764,1,0.43112296583860243,-0.5601220895182575,0.0
1764,2,-0.8891387048283803,-3.1307716129120133,0.0
1764,3,-2.5980717187051896,-0.510626780273971,0.0
1765,0,0.0,0.0,0.0
1765,1,-0.09933904335277333,0.12301689057698084,0.0
1765,2,2.3387223591155277,2.040523290310807,0.0
1765,3,3.661702696061784,4.709460930163718,0.0
1766,0,0.0,0.0,0.0
1766,1,-0.29714100213969297,1.1225227434968195,0.0
1766,2,-0.24438888007516438,1.2358401719771168,0.0
1767,0,0.0,0.0,0.0
1767,1,-1.6780309256047987,0.4403237230522724,0.0
1767,2,-1.2057078024897656,-1.6964755787719539,0.0
1768,0,0.0,0.0,0.0
1768,1,1.7479151232149228,0.5218188603652557,0.0
1768,2,0.9884763004433059,0.15911615838302529,0.0
1769,0,0.0,0.0,0.0
1769,1,-1.4973408289042887,0.2329879958060022,0.0
1769,2,0.06299515498433107,-0.4574955630152511,0.0
1769,3,1.1853271679916568,0.963433344906999,0.0
1769,4,0.0668221015652395,-1.9215997561814995,0.0
1769,5,-2.147061504928878,-2.204126041261442,0.0
1769,6,-0.5400387440810752,-2.802110160069515,0.0
1770,0,0.0,0.0,0.0
1770,1,-0.36395324799073997,-0.26683546115168405,0.0
1770,2,0.49915540908293954,0.7852646076799839,0.0
1770,3,1.9378520045866796,-1.0268268038976727,0.0
1770,4,-0.1083338672900338,-0.3730321936275177,0.0
1770,5,-0.9569383865771685,0.3582762769628606,0.0
1771,0,0.0,0.0,0.0
1771,1,-0.6045910241586203,0.19828703118181124,0.0
1771,2,1.143682625740206,1.6173717794153957,0.0
1772,0,0.0,0.0,0.0
1772,1,0.6095200278287172,2.7159717821153158,0.0
1772,2,1.2634807648418411,-0.6625922920902392,0.0
1773,0,0.0,0.0,0.0
1773,1,0.6132603316664995,0.7139195593642658,0.0
1773,2,-2.623981332186904,-0.09054940963258024,0.0
1773,3,-3.322130860571702,-1.3416327391751135,0.0
1774,0,0.0,0.0,0.0
1774,1,-0.9967638886457167,1.4573194380427366,0.0
1774,2,0.13232742322166413,1.6608398688391146,0.0
1774,3,0.19569313380878872,0.8749549000679211,0.0
1775,0,0.0,0.0,0.0
1775,1,2.182438343187167,2.373936388364484,0.0
1775,2,0.8371880823125171,-0.48048611484283743,0.0
1776,0,0.0,0.0,0.0
1776,1,0.14767905012401966,-0.4648451634673034,0.0
1776,2,0.13339953410603966,-1.5492986416304897,0.0
1776,3,-1.221994671099436,-1.7262198590697346,0.0
1777,0,0.0,0.0,0.0
1777,1,1.8140645436814153,-0.6113351339870027,0.0
1777,2,-0.5367018052652077,1.563200553100109,0.0
1777,3,2.275804499298412,2.168763500295905,0.0
1778,0,0.0,0.0,0.0
1778,1,1.5382457248546573,1.0385803773007303,0.0
1778,2,0.7294992049374665,-0.15733034299883664,0.0
1779,0,0.0,0.0,0.0
1779,1,-0.6444701024983799,0.9256538390975907,0.0
1779,2,-0.23281508198680556,-0.8933032916246816,0.0
1779,3,-1.0636840193220216,-1.7675415462405564,0.0
1779,4,0.14771256236166863,-1.4616150271925723,0.0
1779,5,-0.5107641568388883,-1.6982321579919848,0.0
1780,0,0.0,0.0,0.0
1780,1,-1.2612423015454721,-1.3368801756468933,0.0
1780,2,-0.9458243916372054,-1.0489236602349088,0.0
1781,0,0.0,0.0,0.0
1781,1,0.14238159926855176,0.05932534462957717,0.0
1781,2,-1.8365789174251652,1.3195760466305992,0.0
1781,3,0.04329895461361999,2.1331384847797477,0.0
1781,4,0.1865635307328133,1.4730548923417088,0.0
1781,5,-0.17286472453940838,1.115799720951273,0.0
1781,6,0.6085765186022851,1.853764174733874,0.0
1781,7,0.3012490053161214,0.6892292620520983,0.0
1781,8,1.6287845018372746,0.07844920002256495,0.0
1781,9,2.0737876796795387,-0.7466646472342542,0.0
1782,0,0.0,0.0,0.0
1782,1,0.4005801701756042,-0.4956521018894613,0.0
1782,2,-0.51613907560659,1.5197153950916786,0.0
1782,3,-1.8797099822654884,-2.8456275896962606,0.0
1782,4,-1.815304218443046,-2.419656515850228,0.0
1783,0,0.0,0.0,0.0
1783,1,0.16983301570370612,1.844114846636737,0.0
1783,2,-0.6149876855240711,-0.7449569954000075,0.0
1783,3,-0.8595380780726745,-0.5283265738743417,0.0
1783,4,-0.5074979532822225,-2.333687390233464,0.0
1784,0,0.0,0.0,0.0
1784,1,-1.2436769674189143,-1.7038542673865056,0.0
1784,2,-1.393923444467562,-2.1183965554732427,0.0
1784,3,-0.6460734090393148,-3.9220275931738016,0.0
1785,0,0.0,0.0,0.0
1785,1,-1.1821594376912337,1.9031662056646332,0.0
1785,2,-1.5561127948026308,2.8874425743779173,0.0
1785,3,-1.199180370923426,2.0116349989965308,0.0
1785,4,-0.20823379739483427,2.9115223879216408,0.0
1785,5,-0.5580709473820973,3.939726273125135,0.0
1786,0,0.0,0.0,0.0
1786,1,-1.3236174243661922,2.112742030639908,0.0
1786,2,2.3086053556131545,2.1993816941702975,0.0
1786,3,2.2268427028002855,1.526787144977743,0.0
1786,4,0.620414656125741,3.169397222402203,0.0
1786,5,3.01440653161493,2.5418651993008363,0.0
1786,6,2.1068083129683792,0.5308826750759876,0.0
1786,7,0.615303283957724,4.064750412823911,0.0
1787,0,0.0,0.0,0.0
1787,1,-0.796037201296789,0.2722007143281058,0.0
1787,2,2.0266662236625073,2.090098554028296,0.0
1787,3,1.7808349685632725,0.2784490514915803,0.0
1788,0,0.0,0.0,0.0
1788,1,-1.6042924079632714,-0.881134104358048,0.0
1788,2,-2.303242421598706,-1.168566600379978,0.0
1789,0,0.0,0.0,0.0
1789,1,0.4750512782095469,0.522636250844959,0.0
1789,2,0.7908807028263451,1.7570830320095683,0.0
1790,0,0.0,0.0,0.0
1790,1,0.44003411638079115,-2.0309690933917777,0.0
1790,2,2.0835568994601705,-1.4115992909040025,0.0
1791,0,0.0,0.0,0.0
1791,1,-0.46768657852137796,-1.0526900969850816,0.0
1791,2,0.6341119039174066,-0.48870701880699774,0.0
1791,3,2.5456049209953506,-0.7291598716837618,0.0
1792,0,0.0,0.0,0.0
1792,1,-0.372576521750023,2.384535424616656,0.0
1792,2,0.7129161355571068,-0.7099202644304605,0.0
1793,0,0.0,0.0,0.0
1793,1,1.4573396116951618,1.2592327556609302,0.0
1793,2,1.2972806295258221,0.008057464476802001,0.0
1793,3,-0.9886397336438406,-2.4977372174092864,0.0
1794,0,0.0,0.0,0.0
1794,1,1.1890742572745507,-1.9112167618952334,0.0
1794,2,0.9716908813897747,-3.343185645776214,0.0
1795,0,0.0,0.0,0.0
1795,1,1.7891772970547177,-1.2852325014986192,0.0
1795,2,1.9139237074167883,-2.4315734236544233,0.0
1795,3,4.150074084045631,-2.891175283407882,0.0
1795,4,4.078229699333636,-3.51572123716302,0.0
1795,5,3.1200458064058294,-0.9861013246984737,0.0
1795,6,4.052016163404311,-3.6295796404013845,0.0
1795,7,4.0955972240746945,-2.332527897927901,0.0
1796,0,0.0,0.0,0.0
1796,1,-0.4818873549737115,1.7038291787755284,0.0
1796,2,0.3793028562860971,0.43643435376175754,0.0
1797,0,0.0,0.0,0.0
1797,1,0.5910499534807312,1.2643134087156433,0.0
1797,2,-2.1262769658744314,-1.22532684977535,0.0
1798,0,0.0,0.0,0.0
1798,1,0.5426629110115069,0.018649850117501643,0.0
1798,2,2.290618412252715,-2.652253686283631,0.0
1798,3,0.9512374930647465,0.044040942200826994,0.0
1798,4,1.4500248189281701,-1.145336127764732,0.0
1799,0,0.0,0.0,0.0
1799,1,1.1996880883271093,-1.478799162582135,0.0
1799,2,-0.1346893610823774,0.339316578745247,0.0
1799,3,0.4683912887138495,-1.1776016451597864,0.0
1800,0,0.0,0.0,0.0
1800,1,-0.3463474774432874,-0.6769795300809271,0.0
1800,2,-0.753965829291657,-1.2759026834916722,0.0
1801,0,0.0,0.0,0.0
1801,1,2.6529818559248977,1.2164659712605517,0.0
1801,2,3.3033093751988662,0.37998047049967454,0.0
1801,3,2.190406680907655,2.5238043378313177,0.0
1801,4,1.6964758985262065,1.470104861103754,0.0
1802,0,0.0,0.0,0.0
1802,1,0.5588517049099733,2.1311877824816357,0.0
1802,2,1.5239321520083133,0.39870197437379495,0.0
1803,0,0.0,0.0,0.0
1803,1,-1.0238165883091268,-0.517821121299519,0.0
1803,2,-0.9973857673755115,-1.227193207148182,0.0
1804,0,0.0,0.0,0.0
1804,1,-0.6960639310400963,1.1484836568386976,0.0
1804,2,1.4840097272966781,-0.46580018819866176,0.0
1805,0,0.0,0.0,0.0
1805,1,-2.578699262787388,-0.1404127387897398,0.0
1805,2,-1.7969470164826173,-2.658388422612056,0.0
1805,3,-0.8636091784089451,-1.9689277945204977,0.0
1806,0,0.0,0.0,0.0
1806,1,0.3483906185505527,0.624782587624815,0.0
1806,2,-0.6149405132616281,0.8968407031209107,0.0
1807,0,0.0,0.0,0.0
1807,1,-1.5979907211008624,0.66916293197696,0.0
1807,2,-2.120413347025323,-1.1404798385562152,0.0
1807,3,-0.311676417215516,-0.20962341017996033,0.0
1807,4,-2.438784326091176,-0.9646638040038793,0.0
1808,0,0.0,0.0,0.0
1808,1,1.8261673903905418,0.32951162382281945,0.0
1808,2,0.011372702923664324,0.41945528357467776,0.0
1809,0,0.0,0.0,0.0
1809,1,-1.456081968028506,1.1359881362784658,0.0
1809,2,-0.9368694865235708,2.139782325622406,0.0
1809,3,-3.2550592584743256,0.061296003353526585,0.0
1809,4,-3.7900295425461312,0.907886904679581,0.0
1809,5,-5.653198183910386,-0.2497428966770645,0.0
1810,0,0.0,0.0,0.0
1810,1,-1.333163923003165,-2.206848031294708,0.0
1810,2,0.8291538119475648,-2.9064061661605116,0.0
1811,0,0.0,0.0,0.0
1811,1,0.2898340690557933,-1.1814063932944026,0.0
1811,2,-0.25540695948925457,-1.5218507535295152,0.0
1811,3,2.385701080466841,-2.29088448753577,0.0
1812,0,0.0,0.0,0.0
1812,1,1.4606201875053624,-0.2979956220324637,0.0
1812,2,2.5954879640504713,0.7482570203804838,0.0
1813,0,0.0,0.0,0.0
1813,1,1.1678866541389825,0.44804326385280024,0.0
1813,2,-0.27016180730565775,3.289345641594585,0.0
1813,3,-0.5663234153091596,2.858188990708555,0.0
1813,4,-0.21762450083877827,2.653485823104435,0.0
1814,0,0.0,0.0,0.0
1814,1,1.0544401639461838,-0.9335362314560682,0.0
1814,2,-0.3250345703453297,0.39717622065629654,0.0
1815,0,0.0,0.0,0.0
1815,1,-0.5267574649227296,-1.4496540642344788,0.0
1815,2,-0.4800827409447469,2.207365032431873,0.0
1815,3,-1.479875189576409,-0.45739490523960624,0.0
1815,4,-1.8007954513311735,-0.7709322677066053,0.0
1815,5,-1.9020266185082526,0.24443640609518447,0.0
1816,0,0.0,0.0,0.0
1816,1,-1.6158763080635756,-0.4510888716183312,0.0
1816,2,-2.375989814090861,-0.2587957568835848,0.0
1816,3,-2.2285612456977044,-0.45336828290795017,0.0
1816,4,-1.445778027003819,0.6352048430625388,0.0
1817,0,0.0,0.0,0.0
1817,1,0.966151111057937,-0.3130094054395638,0.0
1817,2,1.2708534250125596,-1.6338350683016354,0.0
1818,0,0.0,0.0,0.0
1818,1,-0.18214153642186037,-0.43643150984505663,0.0
1818,2,-0.8470819136572894,-0.41339465956540633,0.0
1818,3,-1.5895760706413018,0.011571749919118801,0.0
1818,4,-2.6424116833457463,-0.4352768559486835,0.0
1819,0,0.0,0.0,0.0
1819,1,-0.6772960342429064,-0.4379428178978426,0.0
1819,2,0.0491031077034072,0.6948110027209891,0.0
1819,3,-2.3639741667069827,1.0905832571282412,0.0
1819,4,0.6799256035007151,2.0309613890647915,0.0
1819,5,3.023489611931996,1.7645690857649534,0.0
1819,6,1.626248106901278,1.7100054198360135,0.0
1819,7,1.0290444886083665,4.16574346612409,0.0
1819,8,2.3107791758490204,2.1236773803743025,0.0
1820,0,0.0,0.0,0.0
1820,1,2.3705079765173456,0.324208760245845,0.0
1820,2,3.6740373877136427,0.7874470999898056,0.0
1820,3,1.7020980451937602,-0.4986643018629193,0.0
1821,0,0.0,0.0,0.0
1821,1,0.46034210550659943,1.0555743374244086,0.0
1821,2,-0.616269397819148,-0.7015768555395543,0.0
1822,0,0.0,0.0,0.0
1822,1,0.7456666175718267,-0.7122798885995671,0.0
1822,2,1.4140791620727062,-0.41750555232557174,0.0
1822,3,0.6201413703748535,-1.3652082677256732,0.0
1822,4,2.5507965433573276,-2.063067730000529,0.0
1822,5,3.749338211651646,-1.2353349157876599,0.0
1822,6,3.7980818055848498,-0.0029629191222013684,0.0
1823,0,0.0,0.0,0.0
1823,1,-2.0549304908779504,0.6243736216398316,0.0
1823,2,-2.663130595027335,-1.0343662792395438,0.0
1823,3,-5.393168776078967,-2.0627797895988613,0.0
1823,4,-3.754321553598141,-0.49326991594577685,0.0
1824,0,0.0,0.0,0.0
1824,1,-1.4955629990654005,0.34535392025221734,0.0
1824,2,-1.0178564816541187,0.9921554094727678,0.0
1824,3,0.44938670915617673,0.21192588044229943,0.0
1824,4,-0.8701236750964438,0.034556396887805985,0.0
1825,0,0.0,0.0,0.0
1825,1,-0.3140797659617022,0.36511900181693974,0.0
1825,2,-1.3636849136251552,-0.3523352733554083,0.0
1825,3,-2.006152785891089,1.888452459154089,0.0
1825,4,0.1489882445115579,1.9232779227256023,0.0
1826,0,0.0,0.0,0.0
1826,1,-0.13546844152912163,1.8111474130939091,0.0
1826,2,-2.555882728640643,-0.6270432821712837,0.0
1827,0,0.0,0.0,0.0
1827,1,-0.10625942465011845,0.24715908065353842,0.0
1827,2,-2.3173221935301904,0.24010258003959317,0.0
1828,0,0.0,0.0,0.0
1828,1,-0.8337984185139544,-1.4513715745583167,0.0
1828,2,1.2673352999662582,-2.6952000586337954,0.0
1829,0,0.0,0.0,0.0
1829,1,3.0422541181656757,1.0556600840067634,0.0
1829,2,0.020304446316769642,3.3144600168865126,0.0
1830,0,0.0,0.0,0.0
1830,1,1.0950376201346395,-1.1287219724972037,0.0
1830,2,-0.6762785366328544,0.7726076362227456,0.0
1831,0,0.0,0.0,0.0
1831,1,2.7842716554932636,-1.501942374592933,0.0
1831,2,4.2877605120909354,-3.0114222463553624,0.0
1831,3,1.8897008943728282,-2.4219068807591646,0.0
1832,0,0.0,0.0,0.0
1832,1,0.8247171340008026,0.8175593884122057,0.0
1832,2,0.22393048759914014,-0.10444544207402418,0.0
1832,3,-0.2542222312571124,-1.0208338881561365,0.0
1832,4,-0.0824368435782783,-1.8070910536866183,0.0
1833,0,0.0,0.0,0.0
1833,1,-1.0162808759652873,-0.05029025446420843,0.0
1833,2,-1.1852225712456534,-0.331740592583062,0.0
1833,3,-0.8631764121674523,-0.8963311672366835,0.0
1833,4,-0.1961064779566084,-3.196975677251286,0.0
1833,5,0.12668651424480082,-1.5216257352302993,0.0
1833,6,-1.0955657873911802,-0.7171957900469698,0.0
1833,7,-0.13346951510176464,-2.778042706238759,0.0
1833,8,-0.9582294248463274,-3.9114257678020183,0.0
1833,9,-0.77951962746118,-0.39651791590663077,0.0
1833,10,1.7113094400641238,-2.2402243528024854,0.0
1833,11,2.0599108024957857,-1.7650968673766287,0.0
1833,12,0.20614050033649267,0.8037315681123907,0.0
1834,0,0.0,0.0,0.0
1834,1,0.9084633715694835,0.08563366984649967,0.0
1834,2,0.4503895011217547,-0.16656433041661955,0.0
1834,3,1.8038495323376356,2.2060742015094097,0.0
1835,0,0.0,0.0,0.0
1835,1,0.5973233128538478,0.8846681053619252,0.0
1835,2,0.15544397569252766,1.4107913296213097,0.0
1836,0,0.0,0.0,0.0
1836,1,-1.1264644621228215,-1.7320666285642332,0.0
1836,2,-0.5414120349115172,0.28375092999226703,0.0
1837,0,0.0,0.0,0.0
1837,1,0.062063498941227424,-0.6479572463699321,0.0
1837,2,2.4920548512756806,0.46102236245569683,0.0
1837,3,1.6170564355575436,0.9043009960523045,0.0
1837,4,2.0806552495442494,-0.42695614304405494,0.0
1838,0,0.0,0.0,0.0
1838,1,-1.6669907777345447,-0.9675123339961885,0.0
1838,2,-1.6490086371833954,-1.271121236292418,0.0
1839,0,0.0,0.0,0.0
1839,1,-0.6710375114508771,0.06352237844182057,0.0
1839,2,-0.5418759383611403,0.4661815899221741,0.0
1839,3,-0.04717416594485613,-2.4824467741373897,0.0
1839,4,-0.6301726203025921,-0.02609256644365826,0.0
1839,5,1.5973869360816906,2.0174393888440796,0.0
1839,6,1.7708969955980232,2.3968419686162963,0.0
1839,7,-0.23178415461764912,1.0063832963397923,0.0
1839,8,0.03938673220053701,1.2713710165071042,0.0
1839,9,-0.8047577176857122,1.4201692233877627,0.0
1840,0,0.0,0.0,0.0
1840,1,0.8593713579242219,-2.6169644649390515,0.0
1840,2,1.2724007239856039,-3.9831357675847663,0.0
1841,0,0.0,0.0,0.0
1841,1,0.3209208936739072,2.0959802125553124,0.0
1841,2,2.597043075330201,0.9694744516952056,0.0
1842,0,0.0,0.0,0.0
1842,1,-0.42243204907805554,-1.4009297608046791,0.0
1842,2,-3.121050565621232,-2.2199427433136583,0.0
1842,3,-1.1784062867528344,-0.012652788975904494,0.0
1843,0,0.0,0.0,0.0
1843,1,-0.23667736126167505,1.4098209914856825,0.0
1843,2,-0.0821210859066368,-0.8239739272517188,0.0
1843,3,0.7260685647098724,1.1298558365701283,0.0
1843,4,-0.9361844022140511,0.6192084811542384,0.0
1843,5,-1.1323545918288929,-0.3201126385546363,0.0
1844,0,0.0,0.0,0.0
1844,1,-0.6700894043025403,-0.17769746299305772,0.0
1844,2,0.15226493426203414,3.5576933224182525,0.0
1845,0,0.0,0.0,0.0
1845,1,0.4018952665406733,-0.37197081796515596,0.0
1845,2,-0.16673832773144048,-1.4965249945323655,0.0
1845,3,-0.8073193579198519,-2.2280292723010837,0.0
1845,4,-1.7375642740969182,-2.9662398439051474,0.0
1845,5,-2.150440852628466,0.4399480725420318,0.0
1845,6,-1.7999361679037633,-0.2786593548921566,0.0
1845,7,-2.3993713100600056,0.01938385367443307,0.0
1846,0,0.0,0.0,0.0
1846,1,2.009209274515138,-1.64033490937989,0.0
1846,2,1.677115746740517,-1.5707705575857762,0.0
1847,0,0.0,0.0,0.0
1847,1,3.291325334265699,-1.0656091401105956,0.0
1847,2,4.121452909705146,0.10604040211533317,0.0
1847,3,4.497370726354941,0.6725194156064882,0.0
1847,4,4.834275951610492,-3.5614682108153835,0.0
1848,0,0.0,0.0,0.0
1848,1,0.2889986587191926,-0.3730774691318586,0.0
1848,2,-1.4194955787457908,-1.2094520350737772,0.0
1848,3,-2.1624962103795937,-0.6539950422696392,0.0
1849,0,0.0,0.0,0.0
1849,1,-1.409030381159291,0.9469323888721844,0.0
1849,2,-0.7955811384235246,2.0115068184244946,0.0
1849,3,-0.30242778183008395,2.7190416551111896,0.0
1849,4,-1.8084229354222108,2.235195178727158,0.0
1849,5,-1.4201707807748367,1.4822785182022375,0.0
1849,6,-2.5230580815917323,2.421751598540376,0.0
1849,7,-3.464605825070942,1.368592398050506,0.0
1849,8,-4.387996139850645,-0.1714765526788976,0.0
1850,0,0.0,0.0,0.0
1850,1,-0.6524499052324759,3.5717322946150363,0.0
1850,2,0.17777761075251675,2.2070090748647457,0.0
1850,3,-1.1146829863323613,3.6077552967272553,0.0
1851,0,0.0,0.0,0.0
1851,1,0.9460311498812741,2.26899548251903,0.0
1851,2,-3.034608303595649,1.0613063408299206,0.0
1852,0,0.0,0.0,0.0
1852,1,-0.3422428557709982,-0.12646426915481607,0.0
1852,2,-0.390854912923276,2.2859127170139573,0.0
1852,3,0.24871702963129272,1.7906582259049695,0.0
1852,4,0.5960953692146036,0.5312437472583316,0.0
1853,0,0.0,0.0,0.0
1853,1,0.04983387890354706,0.7276694798454089,0.0
1853,2,-0.8749715116254363,1.936330497534854,0.0
1854,0,0.0,0.0,0.0
1854,1,-0.08001168876152567,0.13308299336851093,0.0
1854,2,0.27932480672833154,2.3030987823877065,0.0
1854,3,0.8725275649432647,1.5023516922175362,0.0
1854,4,0.4998242332831396,0.8865098145107324,0.0
1855,0,0.0,0.0,0.0
1855,1,-0.6176780522446135,0.5616576285749826,0.0
1855,2,-0.8052622170362447,-1.875437054199881,0.0
1856,0,0.0,0.0,0.0
1856,1,0.1299509589155246,0.5609240809462891,0.0
1856,2,-1.1833415743563396,-0.0855448784313968,0.0
1856,3,-2.1799338285025427,0.4969317894280184,0.0
1856,4,1.1508406282625245,0.646731351649794,0.0
1856,5,1.4052391007814302,0.7080089538204949,0.0
1856,6,0.8632589146607617,0.9334560732479039,0.0
1857,0,0.0,0.0,0.0
1857,1,1.863888998440217,-0.6277325575408765,0.0
1857,2,1.3774263839778638,-2.1913668130415456,0.0
1857,3,-1.9161438717171269,-0.7835420204694996,0.0
1857,4,-2.6678158067369964,-1.9877379541489582,0.0
1857,5,-1.3646637597162892,-3.964221337665297,0.0
1858,0,0.0,0.0,0.0
1858,1,0.09200158964973726,0.3271879653378762,0.0
1858,2,-1.589543581050223,-2.1607423860555612,0.0
1859,0,0.0,0.0,0.0
1859,1,-2.424127542130776,0.7113422048025948,0.0
1859,2,-3.7194505816764054,0.05982849259734624,0.0
1859,3,-1.9355304639361242,0.34902724525384254,0.0
1859,4,-2.301080067402878,-0.4119806001396651,0.0
1859,5,-3.21798929900124,-0.7356626305246312,0.0
1860,0,0.0,0.0,0.0
1860,1,1.0824805523019565,1.1562948523719252,0.0
1860,2,0.37325514509186775,0.7274024826861881,0.0
1860,3,-0.5297982504262291,-1.1718260359712167,0.0
1861,0,0.0,0.0,0.0
1861,1,-1.2876952090391889,-0.3248892054385614,0.0
1861,2,-1.1814231000521083,-3.1647594286679,0.0
1861,3,0.6286840597201333,-0.1714204275471558,0.0
1861,4,0.9227113952322132,-1.5309619341598424,0.0
1861,5,2.1549127742340084,-0.5657996550171784,0.0
1861,6,-0.018767691243422924,-1.0714184083611196,0.0
1861,7,-0.798449234111655,-0.5525287050402301,0.0
1861,8,-2.2521644513359855,-1.2955552661360994,0.0
1861,9,-1.3112910556377333,1.7720483886749654,0.0
1861,10,-2.224337933969692,-0.1640792044904471,0.0
1861,11,-1.1383133669891285,-1.9925539670474588,0.0
1862,0,0.0,0.0,0.0
1862,1,0.6922815476835571,0.7958762273703319,0.0
1862,2,-1.4217642657784437,2.0601644036275144,0.0
1862,3,-1.8328614387161593,1.5824847166657205,0.0
1863,0,0.0,0.0,0.0
1863,1,-0.397321261009139,2.735128025190312,0.0
1863,2,-0.15024602880545146,0.8922314299654615,0.0
1864,0,0.0,0.0,0.0
1864,1,-0.6034689304973417,-3.489824224013075,0.0
1864,2,1.551343324933808,-3.0355673164009174,0.0
1865,0,0.0,0.0,0.0
1865,1,3.2968680798051264,1.4680687999541358,0.0
1865,2,2.1694309389417317,1.4455200461636055,0.0
1866,0,0.0,0.0,0.0
1866,1,1.4191507604706248,-1.6056588703151267,0.0
1866,2,1.5456114501827694,-1.2204189635627654,0.0
1866,3,2.465177119075872,-1.8867192412034914,0.0
1866,4,2.748258315924431,-1.1433236960824438,0.0
1866,5,2.442421381051775,-3.353435252613873,0.0
1866,6,3.021861917483895,-2.6398749064298013,0.0
1866,7,3.9181572510567197,-3.1138683620200505,0.0
1867,0,0.0,0.0,0.0
1867,1,2.414855232388707,1.5007086971263743,0.0
1867,2,0.9449719980424127,1.106171532975707,0.0
1867,3,1.1482549246877265,0.6397656355907557,0.0
1868,0,0.0,0.0,0.0
1868,1,0.9057779264718724,0.18542227741602885,0.0
1868,2,-0.7686488491077484,1.1104618415352425,0.0
1869,0,0.0,0.0,0.0
1869,1,0.8687348065404932,-0.6119003389424023,0.0
1869,2,-3.714841181417408,-1.9019195894646974,0.0
1869,3,-2.1291058540123142,-0.691121650642058,0.0
1870,0,0.0,0.0,0.0
1870,1,-0.5397382515662326,-2.768120871840188,0.0
1870,2,-1.9207564564659096,-1.7863823154133112,0.0
1871,0,0.0,0.0,0.0
1871,1,-2.094329981481552,-0.7022068381301254,0.0
1871,2,-0.023603338045164596,-1.9030328726779857,0.0
1871,3,0.3171854814303663,-0.9877814366105897,0.0
1871,4,0.4108370931221056,0.08230226727252443,0.0
1871,5,-1.1792528810578184,-1.6529132380265474,0.0
1872,0,0.0,0.0,0.0
1872,1,0.010247244726351523,-0.4790412402463897,0.0
1872,2,-2.2688819399038698,1.9643800776854465,0.0
1872,3,-1.7861396954283146,1.7631640638472714,0.0
1872,4,-3.7873497943483714,1.3758434460593634,0.0
1872,5,-5.172184270267499,-1.130026752818803,0.0
1873,0,0.0,0.0,0.0
1873,1,0.10030093391356631,1.0171911843543184,0.0
1873,2,0.2573293036807818,0.8775938595078029,0.0
1874,0,0.0,0.0,0.0
1874,1,-1.193559097874815,1.105878455325855,0.0
1874,2,-0.9203136195024932,0.11667090128477575,0.0
1874,3,-0.8784569691155859,-0.856133014888961,0.0
1875,0,0.0,0.0,0.0
1875,1,-2.9062942863559553,0.9823681646331548,0.0
1875,2,-2.890109293734978,-0.3310813111082185,0.0
1875,3,-1.069874473839086,-2.3218234747188538,0.0
1876,0,0.0,0.0,0.0
1876,1,-1.1737937405392078,0.3790440655636164,0.0
1876,2,-0.7493737770634794,-1.6850464559112794,0.0
1876,3,0.6075369833414617,1.70329713715533,0.0
1876,4,3.7396922631395597,1.4723795830095165,0.0
1876,5,4.617858447236019,2.4197980131000385,0.0
1876,6,3.290924664384013,0.1179530215818374,0.0
1877,0,0.0,0.0,0.0
1877,1,1.7843178676260731,-0.6661575554018124,0.0
1877,2,1.9019781270304346,0.5898393280358516,0.0
1877,3,1.009269345445819,2.3950079838134206,0.0
1877,4,-2.1462853495930574,2.6693793634130936,0.0
1877,5,-1.5114926734648277,-1.3483249573042888,0.0
1877,6,0.04654202805452878,-0.0006771263221276858,0.0
1877,7,1.3040291327539137,0.9050206915243073,0.0
1877,8,0.6757031831864675,0.9110859839170511,0.0
1877,9,0.7109550554749096,0.7436572908925083,0.0
1877,10,0.8786127734324742,1.7674105296491194,0.0
1878,0,0.0,0.0,0.0
1878,1,1.8180347329149307,0.1721658239389028,0.0
1878,2,2.7373103882174004,-0.4890137469680068,0.0
1878,3,2.5353356003076906,1.053065912027714,0.0
1879,0,0.0,0.0,0.0
1879,1,0.8783375599282397,0.5396889988237186,0.0
1879,2,-0.021176265846366338,-1.5214549024176727,0.0
1880,0,0.0,0.0,0.0
1880,1,-0.6878384647780896,-1.016544570718981,0.0
1880,2,1.4053091909817177,-1.1789677727153731,0.0
1880,3,0.9113133900567856,-0.1529232308734645,0.0
1880,4,-0.680937432092513,0.480200786525266,0.0
1880,5,-0.31424684333089825,-0.005625849657211024,0.0
1881,0,0.0,0.0,0.0
1881,1,-0.19234012657648258,1.9097865477388662,0.0
1881,2,1.266507931761048,2.14291383126358,0.0
1882,0,0.0,0.0,0.0
1882,1,2.574077375576637,-0.40051336299064166,0.0
1882,2,2.6617637529014773,-0.7558488776036256,0.0
1882,3,1.8981446668652828,1.4010754349681844,0.0
1883,0,0.0,0.0,0.0
1883,1,-2.364375617146638,0.09658114151902147,0.0
1883,2,-0.3224917605500731,1.0282193213548414,0.0
1883,3,0.5228820669998678,0.2516779247786792,0.0
1883,4,0.025605774054993424,0.30745996451600105,0.0
1884,0,0.0,0.0,0.0
1884,1,1.1254008677109502,-0.317509617530052,0.0
1884,2,-0.5103076870422762,0.46386444597723286,0.0
1885,0,0.0,0.0,0.0
1885,1,-1.3407138640596865,-1.513678245884316,0.0
1885,2,-1.2091969984131734,-0.1852960442021112,0.0
1886,0,0.0,0.0,0.0
1886,1,0.8487336896839389,-0.7592795016031295,0.0
1886,2,-0.011899661731692879,-0.7501852564741636,0.0
1887,0,0.0,0.0,0.0
1887,1,0.755299518682393,-0.7076048672182181,0.0
1887,2,0.9765701071739197,-0.5075900713616199,0.0
1887,3,-0.15037525636164734,1.1966448802930154,0.0
1887,4,-1.1217657020337763,2.3611115238699285,0.0
1888,0,0.0,0.0,0.0
1888,1,-0.03150515264312337,0.02544975144903283,0.0
1888,2,0.9639119985246272,3.2366480025484266,0.0
1889,0,0.0,0.0,0.0
1889,1,1.572216666029765,0.22477988241298963,0.0
1889,2,-0.8089482987174386,-3.6916839371258297,0.0
1889,3,0.04898181473831831,-2.750834075089187,0.0
1889,4,-1.8994514764986732,-3.637185909333133,0.0
1889,5,0.166273770892561,-3.7861280038852145,0.0
1890,0,0.0,0.0,0.0
1890,1,2.0266817729483364,1.44653486961032,0.0
1890,2,3.2719430015734257,3.0860840163116294,0.0
1890,3,0.5536734491652524,5.2268883966761885,0.0
1891,0,0.0,0.0,0.0
1891,1,-0.5814518564212752,-1.1392200158476893,0.0
1891,2,-0.03865122132110055,-0.14096270625184104,0.0
1891,3,-2.249787751442213,-0.01007923126550847,0.0
1891,4,-0.6815854940664721,-1.0365417286680332,0.0
1892,0,0.0,0.0,0.0
1892,1,-2.088884035001873,-0.1775817116569556,0.0
1892,2,0.4340210291965998,-1.1919491098504928,0.0
1893,0,0.0,0.0,0.0
1893,1,0.3176185036670973,1.9683476634583608,0.0
1893,2,0.9827717845567157,-1.4428874193373857,0.0
1894,0,0.0,0.0,0.0
1894,1,1.3220410072755218,-0.5975875853268162,0.0
1894,2,2.713188366536147,1.1880910651757997,0.0
1895,0,0.0,0.0,0.0
1895,1,-1.43520084991632,0.3979197185524672,0.0
1895,2,-0.5661650197551568,-1.3984129167659332,0.0
1896,0,0.0,0.0,0.0
1896,1,1.2716558508387559,0.8529716042018433,0.0
1896,2,1.9378817862853892,1.1103530880064318,0.0
1897,0,0.0,0.0,0.0
1897,1,-0.9033733269687478,-2.1021720062118874,0.0
1897,2,1.288487220522565,-1.0828432412332973,0.0
1897,3,0.14535970802906872,-0.4052081941686275,0.0
1897,4,1.5173944979504568,1.1839292826856047,0.0
1897,5,0.2716258019903135,-1.114914594354096,0.0
1897,6,2.540441722996022,-0.3132823321916297,0.0
1897,7,2.0724752380695963,-0.8123445797387542,0.0
1898,0,0.0,0.0,0.0
1898,1,0.8564624768388167,-1.1928842233066317,0.0
1898,2,-0.06851118382160082,-2.1400489991086653,0.0
1899,0,0.0,0.0,0.0
1899,1,0.40489766640929664,1.485073432445445,0.0
1899,2,-0.6571680149783713,1.6437813308491034,0.0
1900,0,0.0,0.0,0.0
1900,1,1.8895520780631851,2.018143002253142,0.0
1900,2,1.6848545854946766,1.6091026718271344,0.0
1900,3,2.748722661510395,2.0370980446465077,0.0
1900,4,4.177965934707332,3.1624141708501297,0.0
1900,5,1.7206026741951852,1.4414304987146933,0.0
1900,6,2.0343295064018436,2.898563313589487,0.0
1900,7,3.8682833767815907,1.6282887545413625,0.0
1901,0,0.0,0.0,0.0
1901,1,1.6655460768265313,0.7943365950127501,0.0
1901,2,2.1089597364544868,-1.4891591432400948,0.0
1901,3,2.6228323425387035,-2.520061691107438,0.0
1902,0,0.0,0.0,0.0
1902,1,-1.2357080052443827,-0.43955184313334306,0.0
1902,2,-1.8007885903678944,-4.232763668745345,0.0
1903,0,0.0,0.0,0.0
1903,1,1.044439100285933,-1.3187701457353351,0.0
1903,2,1.1166679590420405,-2.378405453168671,0.0
1903,3,0.4277228497083052,-2.9951216522048765,0.0
1903,4,1.7591208811208565,-3.476007997522099,0.0
1904,0,0.0,0.0,0.0
1904,1,1.1022056410447614,0.2669681641908799,0.0
1904,2,1.8654245649052759,0.2646361567806852,0.0
1905,0,0.0,0.0,0.0
1905,1,-0.35705282859963694,0.1377180970736438,0.0
1905,2,0.5355282517816524,-0.15993136267430286,0.0
1905,3,-0.09042861208806097,-1.4617019309531463,0.0
1905,4,-1.4890879329498086,0.22240545448173688,0.0
1906,0,0.0,0.0,0.0
1906,1,-1.7760976098639776,-2.410827409852412,0.0
1906,2,0.43625322509412046,-1.463269596832023,0.0
1906,3,-0.7566847162926413,-1.1675355282689248,0.0
1907,0,0.0,0.0,0.0
1907,1,-2.6706354958495915,-0.17483358613656574,0.0
1907,2,-1.638879329214479,-1.7318521524593846,0.0
1907,3,-3.4052131441197773,1.2518960309377691,0.0
1907,4,-0.9983855438562195,-0.19009096585922525,0.0
1907,5,-4.507207921960184,-0.9554318042230415,0.0
1907,6,-4.00891449407481,0.31355981398229715,0.0
1908,0,0.0,0.0,0.0
1908,1,0.8242935821446924,1.2475746038609536,0.0
1908,2,1.8455046640061137,-2.284533246823473,0.0
1908,3,1.6906901579655669,-2.6901113379156687,0.0
1908,4,2.606059052393028,-0.9822167127326954,0.0
1908,5,1.9508615123158477,-0.39744291997231207,0.0
1908,6,0.8837135535220133,0.11776097068321567,0.0
1909,0,0.0,0.0,0.0
1909,1,-0.44158401117527557,1.0181542369022651,0.0
1909,2,0.09460051976952721,0.7213797551297192,0.0
1910,0,0.0,0.0,0.0
1910,1,-0.869811602549633,0.9896017961855585,0.0
1910,2,-1.0837219325435274,0.16519408733736185,0.0
1910,3,0.34983709064400526,-2.2199334359105056,0.0
1910,4,2.99860013950717,-2.7920030418148913,0.0
1910,5,0.9643293081399957,-2.6644415189616173,0.0
1910,6,2.2024654898561087,-2.9081868687701915,0.0
1910,7,2.3265095029581078,-3.173885884562515,0.0
1910,8,2.082232365635969,-0.7912951501583312,0.0
1910,9,0.8007916795861165,-2.279319204810352,0.0
1910,10,0.597392949734046,-2.459587981708492,0.0
1910,11,1.463801237085048,-0.675582280384041,0.0
1910,12,3.9085145058443267,-0.5613696619657847,0.0
1910,13,1.55760638948173,-0.3444173296281463,0.0
1910,14,-0.7253806618549474,-0.6545868915591984,0.0
1910,15,0.9281679216961443,-0.08167742725907301,0.0
1910,16,0.14430855396387476,0.32819668054195583,0.0
1911,0,0.0,0.0,0.0
1911,1,0.3681612649803334,-1.4240523569835442,0.0
1911,2,-0.822994381094091,-2.9627436644056964,0.0
1911,3,-0.757721475896747,-1.2855605705123994,0.0
1912,0,0.0,0.0,0.0
1912,1,1.4809486664148381,1.056327707915475,0.0
1912,2,0.4667175996704742,-1.4271572023335715,0.0
1912,3,-0.43329045015878576,0.7100760253178513,0.0
1912,4,0.041324459550549975,0.32722788132128033,0.0
1913,0,0.0,0.0,0.0
1913,1,-2.4673502275502295,-0.9377157940632557,0.0
1913,2,-0.5749527904571177,1.389604368060322,0.0
1914,0,0.0,0.0,0.0
1914,1,0.69610873489216,-0.35765571847709077,0.0
1914,2,0.3989847576956037,-0.251649053045222,0.0
1914,3,-1.090696914346098,-0.7993165959562181,0.0
1915,0,0.0,0.0,0.0
1915,1,1.9937129190934668,1.1317680501818677,0.0
1915,2,2.042794445034707,-0.2842492997295101,0.0
1915,3,0.19334284283269754,-0.4553103019389435,0.0
1916,0,0.0,0.0,0.0
1916,1,1.1381253833057947,2.832612423978433,0.0
1916,2,0.3932769827909307,0.36076305886704074,0.0
1916,3,-0.8097120988823856,1.7207412242304663,0.0
1916,4,0.5408227299408912,0.956189028652999,0.0
1916,5,0.45666830934246766,0.37322931302911466,0.0
1916,6,-0.022420224704189473,1.003898960014628,0.0
1917,0,0.0,0.0,0.0
1917,1,-2.114692965709397,-1.5529318854856633,0.0
1917,2,-3.0153650643741763,-0.8601793774428435,0.0
1918,0,0.0,0.0,0.0
1918,1,-0.24222724018177666,0.68116399418113,0.0
1918,2,1.707115005702837,-1.6309512691349575,0.0
1918,3,0.6332365380317455,-0.3180333632992962,0.0
1919,0,0.0,0.0,0.0
1919,1,1.72862885719401,-1.4045138760199085,0.0
1919,2,2.6848676299960967,-1.8093776281426381,0.0
1919,3,0.7872480242938613,-2.8003479606381507,0.0
1920,0,0.0,0.0,0.0
1920,1,1.8807976690153558,-1.0873352660164646,0.0
1920,2,1.9378500267028036,-0.5891282723821439,0.0
1920,3,0.5545303594366365,-2.248115058402191,0.0
1920,4,0.6324197384839774,-2.4615124687708985,0.0
1921,0,0.0,0.0,0.0
1921,1,1.0163268506390917,-0.596605097465327,0.0
1921,2,1.3979817509043353,0.7972368249825799,0.0
1921,3,1.5991871643273279,-0.8961412660302737,0.0
1922,0,0.0,0.0,0.0
1922,1,2.206187611168742,-0.39891093199559147,0.0
1922,2,-0.5587975833311074,-0.8917979938984425,0.0
1922,3,-0.8568928692708941,-1.034824915674836,0.0
1923,0,0.0,0.0,0.0
1923,1,-2.7947817208751276,-0.09391241067451528,0.0
1923,2,-1.8862130289069934,-1.7596308345509595,0.0
1924,0,0.0,0.0,0.0
1924,1,-1.9076711515925389,-0.9410767152574615,0.0
1924,2,-0.7648503491864365,-0.8504149212547869,0.0
1924,3,-0.9562647394052324,0.16747372677082728,0.0
1925,0,0.0,0.0,0.0
1925,1,-2.498757304051936,0.4710372895733017,0.0
1925,2,0.22703420252283857,-3.017636611455416,0.0
1925,3,-0.034907415994901214,-3.1299882099687104,0.0
1925,4,-0.1336880744047546,-4.092451860462486,0.0
1926,0,0.0,0.0,0.0
1926,1,-0.44958466901732486,-0.19687846034019213,0.0
1926,2,2.2623764637911212,-2.597881532653363,0.0
1927,0,0.0,0.0,0.0
1927,1,-1.954907578802847,1.3434259598242366,0.0
1927,2,-0.17520324495292883,-0.3110032462610748,0.0
1927,3,0.6697973538692668,0.7102345669459862,0.0
1927,4,-1.7047199494724223,-0.07563465310616402,0.0
1928,0,0.0,0.0,0.0
1928,1,0.3351182637402727,-0.3969645416018554,0.0
1928,2,-0.09708687762995387,-0.6049441171655164,0.0
1928,3,-0.2514789637526257,0.6899202721786816,0.0
1928,4,-0.7652847153909997,0.09060683489901587,0.0
1928,5,0.7964483324884463,1.5687118903774575,0.0
1929,0,0.0,0.0,0.0
1929,1,1.5922842938342714,-1.5869023542148786,0.0
1929,2,2.8676885134102164,-1.101546923955696,0.0
1929,3,4.60088242647682,-3.629071252055568,0.0
1930,0,0.0,0.0,0.0
1930,1,-1.2546444724817722,3.0280358959582583,0.0
1930,2,0.32698297606779414,3.8668381060488395,0.0
1931,0,0.0,0.0,0.0
1931,1,2.1582583673110514,1.2385621299218705,0.0
1931,2,0.14869238475400948,-0.5462440088833631,0.0
1931,3,1.3380317123906695,-0.00897513232057845,0.0
1931,4,0.21943076608549206,1.276803012816134,0.0
1931,5,0.9720774045287727,-0.6983348693964277,0.0
1931,6,1.7087284206707318,0.7512666815205362,0.0
1932,0,0.0,0.0,0.0
1932,1,1.7710109446710367,0.48086262755470394,0.0
1932,2,1.142938561934193,0.8046753683443291,0.0
1933,0,0.0,0.0,0.0
1933,1,0.536389203426483,-0.7191824569437012,0.0
1933,2,1.3371138894931438,-3.5618596559924343,0.0
1933,3,-0.12882254351128042,-4.3205464196369405,0.0
1933,4,-0.6254935506098653,-4.353390566368988,0.0
1933,5,-0.652680194454426,-4.6799524182758425,0.0
1933,6,0.697859057806477,-2.026668826608427,0.0
1934,0,0.0,0.0,0.0
1934,1,-0.5580218495280767,-1.410107711131858,0.0
1934,2,0.4469035906133436,0.01046256016055569,0.0
1935,0,0.0,0.0,0.0
1935,1,0.746037629624617,0.1898403525638933,0.0
1935,2,2.75733306658812,-0.20608334808303874,0.0
1936,0,0.0,0.0,0.0
1936,1,-0.9801295146048611,0.18141455108833848,0.0
1936,2,-0.3964979512535656,-0.4387384850518663,0.0
1937,0,0.0,0.0,0.0
1937,1,0.09450004910756227,0.09259805218458883,0.0
1937,2,0.12913909524387335,-1.4409761008276485,0.0
1937,3,-3.575234423049772,-0.21664816839084033,0.0
1937,4,0.02084084643997497,-2.290113205760684,0.0
1938,0,0.0,0.0,0.0
1938,1,1.5290626960752756,0.9393756626865951,0.0
1938,2,3.248499057825471,-0.3304300029181101,0.0
1938,3,1.865209662870936,3.1560188949717,0.0
1938,4,1.1851265120680892,3.0045637197373454,0.0
1938,5,1.1517197906245624,1.5803680595248564,0.0
1938,6,0.7929477285818101,1.6543226116976268,0.0
1938,7,2.371317434680831,0.7537468667170174,0.0
1939,0,0.0,0.0,0.0
1939,1,0.828424559230909,2.5787377740398436,0.0
1939,2,1.6016741874468656,1.1763092060854343,0.0
1939,3,2.849588633737429,0.59861114359966,0.0
1939,4,-0.11130198060951871,0.0360812213254163,0.0
1939,5,0.09144226626834681,-0.1072274765594537,0.0
1940,0,0.0,0.0,0.0
1940,1,-2.730334100944918,-1.0380570279973869,0.0
1940,2,-3.675611878508612,-1.102607307425247,0.0
1940,3,-3.177487197528174,-1.2655032267237685,0.0
1941,0,0.0,0.0,0.0
1941,1,-1.5958047955606902,0.3091941637773541,0.0
1941,2,-0.7224644263190755,-0.5466906649220802,0.0
1941,3,-1.3609416762353792,-2.4407033488812226,0.0
1942,0,0.0,0.0,0.0
1942,1,1.3853986275748054,-0.0987286034754673,0.0
1942,2,0.04945494798520311,2.100159419587442,0.0
1943,0,0.0,0.0,0.0
1943,1,-1.5694929681672218,-3.292656049632133,0.0
1943,2,-0.5472210143014786,-2.0147886540917694,0.0
1944,0,0.0,0.0,0.0
1944,1,-0.057334175260056075,-1.5396895350707427,0.0
1944,2,-0.9941262023830364,-0.8727614558098995,0.0
1944,3,-1.3753730520847791,-0.831172067719119,0.0
1944,4,-0.9451032405898654,0.3084570906701696,0.0
1944,5,1.3533449446061119,0.9139337832310777,0.0
1945,0,0.0,0.0,0.0
1945,1,-1.46869963035524,-2.580855766458047,0.0
1945,2,-2.965730719926463,-1.1959537271686387,0.0
1945,3,-2.2120189425649137,-0.4050436276238305,0.0
1945,4,-1.3161896605277876,-1.1475358995400537,0.0
1946,0,0.0,0.0,0.0
1946,1,3.972431640407222,-0.2873929756841891,0.0
1946,2,2.0728487243833476,-0.06602809169755508,0.0
1946,3,-0.07972928687117697,2.2877317760395655,0.0
1946,4,-0.9812492985221009,1.7756064037133157,0.0
1946,5,4.181107478723591,1.8956217216128093,0.0
1947,0,0.0,0.0,0.0
1947,1,-0.09563493459462058,-0.09471649960414874,0.0
1947,2,-0.8002399664433361,-0.5971279901296209,0.0
1947,3,0.9186836371927858,1.0140906867168464,0.0
1947,4,1.006557701834438,-0.42794320985581225,0.0
1948,0,0.0,0.0,0.0
1948,1,0.29649882806357686,-1.4212608991993838,0.0
1948,2,2.3228690285517986,0.8045831440894868,0.0
1948,3,1.7068599163858793,1.8550447086385125,0.0
1948,4,2.0146200890975323,2.9966929195559913,0.0
1948,5,2.967009095152941,1.8253487674086826,0.0
1948,6,-0.6545650962570709,3.2028825868402917,0.0
1949,0,0.0,0.0,0.0
1949,1,0.5991385208055054,-1.0056938722577484,0.0
1949,2,0.9043484826209769,-2.0333678874344345,0.0
1949,3,2.1530040704857765,-3.5122878787175305,0.0
1949,4,3.578837415786137,-2.5078744280128493,0.0
1950,0,0.0,0.0,0.0
1950,1,1.2204823030688243,-0.1045464685284857,0.0
1950,2,2.333168499926588,-0.4686481852967399,0.0
1950,3,1.5339941009164058,-1.0916836231195353,0.0
1951,0,0.0,0.0,0.0
1951,1,1.8170770313542688,-2.0524490222206007,0.0
1951,2,-0.5549498137117088,-1.4822194333392507,0.0
1951,3,1.1692856578283048,-2.80929626895692,0.0
1952,0,0.0,0.0,0.0
1952,1,-0.5515096745437946,-1.0421951915785816,0.0
1952,2,0.45094087129048943,0.1531734572874599,0.0
1953,0,0.0,0.0,0.0
1953,1,-0.4631156195966297,-0.3985148532529381,0.0
1953,2,0.39459602583196607,0.41970298467415024,0.0
1953,3,-0.10157606078080894,2.5882595320588933,0.0
1954,0,0.0,0.0,0.0
1954,1,-0.47097275805402966,1.5636621106849,0.0
1954,2,-0.47907846282503097,1.3654364927077085,0.0
1954,3,-3.1466683621863387,1.290239567491698,0.0
1954,4,-0.7552382559552987,1.265719581583749,0.0
1954,5,0.060244393133132124,3.6246762852074084,0.0
1954,6,0.3151346384590258,2.4941301175841546,0.0
1954,7,-0.9282522621174226,-0.498246766845693,0.0
1955,0,0.0,0.0,0.0
1955,1,-1.839262933130811,-0.5660272139026536,0.0
1955,2,-3.0489106797230208,1.157313569855621,0.0
1955,3,-0.4819566150146469,-3.316865953957608,0.0
1956,0,0.0,0.0,0.0
1956,1,0.5288689085075251,-2.815851869631965,0.0
1956,2,1.6705597590204608,-1.9473633080642383,0.0
1956,3,-0.6965619506062539,-1.9065956798208055,0.0
1956,4,2.4371120895904093,-2.201357911092948,0.0
1956,5,1.655578208346449,-3.387143417814881,0.0
1956,6,0.2998697398563605,-3.6536665316751025,0.0
1957,0,0.0,0.0,0.0
1957,1,1.8245163231576162,3.6969810827388465,0.0
1957,2,3.604668942057004,3.0531159865881756,0.0
1957,3,3.8220149352148445,2.3403864402870753,0.0
1957,4,4.26689745972946,2.3110767491366992,0.0
1957,5,3.930121359543026,2.1068211647350714,0.0
1957,6,2.5229927468014086,2.873818914749249,0.0
1957,7,-0.0028993620062545133,2.0139592154055728,0.0
1957,8,-1.6441470626204362,-0.6241819448176597,0.0
1957,9,0.6294679954689766,-0.5164944738098243,0.0
1958,0,0.0,0.0,0.0
1958,1,0.8425409350654592,1.9141213150781777,0.0
1958,2,3.3431412042533046,3.195557662114097,0.0
1958,3,3.4312558325431692,2.1439653759680404,0.0
1959,0,0.0,0.0,0.0
1959,1,1.6770629728813073,1.1928919900763095,0.0
1959,2,-0.9424809578498108,0.9364211235406708,0.0
1959,3,-3.3762236893624986,2.7643451147676874,0.0
1960,0,0.0,0.0,0.0
1960,1,0.5538617568029085,-3.196641585157081,0.0
1960,2,0.9887031343279968,-4.227556309732259,0.0
1960,3,2.7754518690708827,-3.3700176312673995,0.0
1960,4,2.913763555044871,-4.92655337973507,0.0
1961,0,0.0,0.0,0.0
1961,1,-1.2529883598071496,0.4479810876791235,0.0
1961,2,-2.319270742651531,-1.8731956301511241,0.0
1961,3,-2.689129375497976,-1.5142213232305275,0.0
1962,0,0.0,0.0,0.0
1962,1,-0.1774554839634339,1.8441207194334446,0.0
1962,2,-1.863328081469568,-0.17168023407812916,0.0
1963,0,0.0,0.0,0.0
1963,1,2.696841392102171,0.9541289918523295,0.0
1963,2,-0.391798454098216,1.2573902991836354,0.0
1963,3,-0.09246239576630755,0.767118931490598,0.0
1963,4,0.15026150276716077,2.7024436001006915,0.0
1963,5,-0.07114906909611074,3.205061763769118,0.0
1963,6,-0.09047377017812952,2.3348197911664563,0.0
1963,7,-0.8415107864061371,2.9023267607263237,0.0
1964,0,0.0,0.0,0.0
1964,1,0.560769650310881,2.185591011447488,0.0
1964,2,-1.8185240635667779,3.2047397887460436,0.0
1965,0,0.0,0.0,0.0
1965,1,-0.7763176467948095,2.030710189869564,0.0
1965,2,-1.4137332285707807,2.641772698003309,0.0
1966,0,0.0,0.0,0.0
1966,1,-0.6258739574939658,-2.071863307694136,0.0
1966,2,0.7559648802562771,-0.17179543045712187,0.0
1966,3,1.0930683785876758,-1.3322900121295282,0.0
1966,4,1.0753454629670822,-2.412896825305009,0.0
1966,5,0.5484504239976609,-1.6337124978890247,0.0
1967,0,0.0,0.0,0.0
1967,1,0.31490639429932027,2.727281955542246,0.0
1967,2,0.5904328155139114,2.5878383522508335,0.0
1967,3,-0.016027260368294327,1.2521199019296505,0.0
1967,4,1.6735021898850353,2.0986265765243193,0.0
1967,5,1.8179424623079667,2.420823823330318,0.0
1967,6,0.993127404354262,1.2723236352116993,0.0
1967,7,0.5826855756094886,0.47177014716806465,0.0
1968,0,0.0,0.0,0.0
1968,1,-0.447274819251935,0.6815565272915398,0.0
1968,2,-2.221149449512379,1.3080718764202621,0.0
1968,3,-1.9178954208962213,2.2413843184675972,0.0
1968,4,-1.8410016815421018,2.4918547989616373,0.0
1969,0,0.0,0.0,0.0
1969,1,0.07393860849115352,-4.0748012205494275,0.0
1969,2,2.068380149067136,-2.728771820310675,0.0
1969,3,0.09391152623612564,-4.116138975294178,0.0
1970,0,0.0,0.0,0.0
1970,1,1.2438737385589649,-0.7484172566447131,0.0
1970,2,0.5320273435396413,-2.043988512012831,0.0
1971,0,0.0,0.0,0.0
1971,1,1.0033689378958006,1.5907392891823282,0.0
1971,2,-0.7140876091583244,5.946782481680124,0.0
1971,3,-0.6011475332685983,2.7954068498796922,0.0
1972,0,0.0,0.0,0.0
1972,1,4.107947295496319,0.2777536065499058,0.0
1972,2,0.21526794932555637,-0.8973055213426255,0.0
1973,0,0.0,0.0,0.0
1973,1,-1.3509477227623463,-1.7102463469404234,0.0
1973,2,-0.7343206196562007,-1.5446341802378114,0.0
1973,3,-0.441215117990902,-2.6261411873294334,0.0
1973,4,3.8140665633410045,-0.4647677299363624,0.0
1974,0,0.0,0.0,0.0
1974,1,-2.523411693995146,-1.96777925513378,0.0
1974,2,-2.5361048663738406,-3.93155676047104,0.0
1974,3,-2.1913258230815336,-4.193781296979248,0.0
1974,4,-0.626966971951324,-4.55357756814441,0.0
1975,0,0.0,0.0,0.0
1975,1,-0.1678981503403819,0.6566725423327413,0.0
1975,2,-1.3512465557928754,1.0521782449714294,0.0
1975,3,-1.395130782725986,3.074747449604069,0.0
1976,0,0.0,0.0,0.0
1976,1,-0.18507477459085409,-1.576546444946354,0.0
1976,2,1.7169677237251064,-0.8405788821336307,0.0
1976,3,0.24062534435155403,-2.1471901410947742,0.0
1976,4,1.3206536242426372,-3.7250998899195213,0.0
1976,5,0.287911670417766,-3.1005553454859296,0.0
1976,6,-1.6312914651675747,-1.3324745836183778,0.0
1977,0,0.0,0.0,0.0
1977,1,-1.2870340336877542,-0.92019297589666,0.0
1977,2,3.728958785177528,-0.6120664981141595,0.0
1977,3,4.249954380495995,-0.4600058714698783,0.0
1978,0,0.0,0.0,0.0
1978,1,1.5586260501455278,0.7801866377515405,0.0
1978,2,-1.5349570107044561,1.8274093374708824,0.0
1978,3,-1.0484331202135648,-0.46408245144382143,0.0
1979,0,0.0,0.0,0.0
1979,1,0.6717784198453789,-1.4550293070245268,0.0
1979,2,-0.07031313587937671,-0.14996493131281285,0.0
1980,0,0.0,0.0,0.0
1980,1,-1.2063129346058061,0.9397433476543802,0.0
1980,2,-2.785560753506598,1.8915348506750176,0.0
1981,0,0.0,0.0,0.0
1981,1,0.6607045753170182,-0.3619670157423724,0.0
1981,2,1.5757126911584078,-1.232203875059646,0.0
1981,3,-0.18859968392367943,-1.1279628097516983,0.0
1981,4,1.519511913069097,-1.4002247162234212,0.0
1982,0,0.0,0.0,0.0
1982,1,-1.809535395099659,0.11597402612599961,0.0
1982,2,-0.6688838064716893,0.48711133750906477,0.0
1982,3,-1.8519071922333432,1.403699904340812,0.0
1983,0,0.0,0.0,0.0
1983,1,-1.9369969939397507,0.4987077098777589,0.0
1983,2,-2.0382725920699216,1.945446088020368,0.0
1983,3,-1.8393446622399754,1.8274007945197197,0.0
1984,0,0.0,0.0,0.0
1984,1,-0.7478442868087393,-2.6729659513663733,0.0
1984,2,-0.17924568408025598,-0.8418360165463534,0.0
1984,3,1.35627627545048,-0.8680438116742466,0.0
1985,0,0.0,0.0,0.0
1985,1,0.4494923052400715,1.7311128325855398,0.0
1985,2,0.17639810509234138,1.9427473759214542,0.0
1985,3,4.485985728391743,2.7212262575446586,0.0
1986,0,0.0,0.0,0.0
1986,1,0.3092632672434652,-1.6660362097614696,0.0
1986,2,0.37455441817888113,-1.5176921949734181,0.0
1987,0,0.0,0.0,0.0
1987,1,0.9819564773430393,1.2169857090387595,0.0
1987,2,2.445073460890972,-1.891522341644682,0.0
1988,0,0.0,0.0,0.0
1988,1,1.3408815286945586,-0.8617009749797222,0.0
1988,2,-1.2832144937649763,1.462611942492818,0.0
1988,3,1.552147942359121,1.146141230666421,0.0
1988,4,1.3756300780782056,1.701913167600407,0.0
1989,0,0.0,0.0,0.0
1989,1,0.27584170558756377,1.6499300530653522,0.0
1989,2,1.6221630197280494,2.3442351036432947,0.0
1990,0,0.0,0.0,0.0
1990,1,-2.5610546818098574,-0.6954140166257835,0.0
1990,2,-3.318276066997104,-0.7338913803291199,0.0
1990,3,-1.624354793083456,-0.2729950080198301,0.0
1990,4,-4.065236097468638,-0.09330103956764979,0.0
1991,0,0.0,0.0,0.0
1991,1,-0.2863643876033233,-1.9604540108751518,0.0
1991,2,-0.9383599524788581,-4.262844391752578,0.0
1992,0,0.0,0.0,0.0
1992,1,0.3560584865102718,0.9889142773173729,0.0
1992,2,3.279409933785145,1.5844013518856093,0.0
1992,3,3.5941202480051295,1.7681110226333325,0.0
1993,0,0.0,0.0,0.0
1993,1,1.7452166638225406,-0.8343643737789721,0.0
1993,2,0.4090516701733198,-0.4218067143977433,0.0
1993,3,-0.24607111023819694,-1.5629823860293701,0.0
1993,4,0.6032488270697649,-1.5433366232950956,0.0
1994,0,0.0,0.0,0.0
1994,1,-1.888921678204993,-0.1558445714154046,0.0
1994,2,-0.8312842918346075,-0.303462435661552,0.0
1995,0,0.0,0.0,0.0
1995,1,-0.32214232269871435,-0.36514687606271556,0.0
1995,2,-0.7639940055743897,-3.8150092327040963,0.0
1996,0,0.0,0.0,0.0
1996,1,-0.9961479452598299,0.8863810396185754,0.0
1996,2,-0.7566731957290478,2.011353539157207,0.0
1996,3,-0.7760028459848514,-0.3081332240272682,0.0
1996,4,-1.352999715154628,1.4849052701216068,0.0
1997,0,0.0,0.0,0.0
1997,1,-0.3157560352904494,0.33214271228338643,0.0
1997,2,-2.2893862633612465,3.2199905344929105,0.0
1998,0,0.0,0.0,0.0
1998,1,0.7198810884136838,2.4896546851965873,0.0
1998,2,0.5345458698229582,2.242069041746806,0.0
1998,3,0.09588837585864313,4.79375751101067,0.0
1999,0,0.0,0.0,0.0
1999,1,1.1188140045681045,-3.0317718208805085,0.0
1999,2,0.8984608737810502,-1.8466224059583678,0.0
1999,3,-0.26928054130262424,-2.7352770168541216,0.0
2000,0,0.0,0.0,0.0
2000,1,-0.7149362273022839,1.1194117198614477,0.0
2000,2,-1.0543987441892373,1.9921947644077393,0.0
2000,3,-0.006636531262437018,0.7592368656127606,0.0
2000,4,-0.6155536362981819,2.3953224364703907,0.0
2000,5,0.6649551973293448,1.3561301286366527,0.0
2000,6,-0.47260592273896496,0.5149840587211214,0.0
2000,7,-0.8586126597254504,0.0513840727515007,0.0
2001,0,0.0,0.0,0.0
2001,1,2.030093349307018,-0.45848634627921026,0.0
2001,2,0.3987677899987814,-2.306592578581534,0.0
2001,3,0.45069857315620476,-1.1781503539064664,0.0
2001,4,1.5657229641865902,0.3699442106043044,0.0
2001,5,1.2147529470778875,-0.649507857052611,0.0
2002,0,0.0,0.0,0.0
2002,1,-1.6478503239037938,-0.2905904228629117,0.0
2002,2,-0.660954872223471,0.36875133320581566,0.0
2002,3,0.33601780077144117,-1.4553130961785012,0.0
2002,4,0.9577448551196928,-3.114051166494739,0.0
2002,5,0.7059685643684488,-2.3111173796781666,0.0
2002,6,0.3541833160365906,-0.12119593577253363,0.0
2002,7,0.18081182752551106,-2.2016175588003977,0.0
2002,8,1.1029986310237079,-1.170094118500992,0.0
2003,0,0.0,0.0,0.0
2003,1,0.13621478942264276,-1.205750092252297,0.0
2003,2,-1.0143468569869336,0.7256838418528693,0.0
2003,3,-1.0670561697473846,2.0755730604485016,0.0
2004,0,0.0,0.0,0.0
2004,1,-0.5801759784560544,-1.5952337663587661,0.0
2004,2,-0.11496611122483524,-2.2741380583982687,0.0
2005,0,0.0,0.0,0.0
2005,1,-1.701923350175669,1.0840510821733689,0.0
2005,2,-0.9437997241372895,0.01976683431892834,0.0
2005,3,-1.3477007385891953,-0.6660677470933032,0.0
2006,0,0.0,0.0,0.0
2006,1,-1.0443333279034448,0.18002834100197898,0.0
2006,2,-0.733644516810652,-1.0423836562767337,0.0
2006,3,1.4226166469353183,-0.4740125139908989,0.0
2006,4,-0.6899022778331032,-1.2753372927562905,0.0
2006,5,1.3536992688738176,-2.1461305091846556,0.0
2007,0,0.0,0.0,0.0
2007,1,2.275671144571471,1.5324872333166044,0.0
2007,2,1.3969742725183687,1.9477717400920684,0.0
2008,0,0.0,0.0,0.0
2008,1,0.02801765090687003,-3.71338910437158,0.0
2008,2,-1.481436328215258,-4.748505400327999,0.0
2008,3,-2.5194605417124993,-2.8049047564826024,0.0
2009,0,0.0,0.0,0.0
2009,1,-0.921100702900964,0.962836243056401,0.0
2009,2,-1.146435913857398,2.3537366918654143,0.0
2009,3,-1.163633482644821,0.6792130070841396,0.0
2009,4,-1.2093976765252321,-0.16014267312945307,0.0
2010,0,0.0,0.0,0.0
2010,1,-1.6809388503408376,0.025982101052699436,0.0
2010,2,-1.210358236778597,0.23556393460509828,0.0
2011,0,0.0,0.0,0.0
2011,1,-2.4428091740432856,-1.9559107811368337,0.0
2011,2,0.04195395704995131,-0.4531896605840682,0.0
2011,3,0.43898365928778527,-2.523604290423833,0.0
2011,4,-0.8238016461534013,-2.6422821669194234,0.0
2012,0,0.0,0.0,0.0
2012,1,1.0431009219067418,2.550736393658559,0.0
2012,2,-0.19001256623327517,1.930415326856871,0.0
2012,3,0.040726531668825505,2.8976520635201095,0.0
2012,4,-0.4797661349213172,0.583720522552203,0.0
2012,5,-0.5280471885360741,2.229871003332408,0.0
2012,6,-0.05787219354432371,2.0990738064338417,0.0
2013,0,0.0,0.0,0.0
2013,1,-0.9657834667674112,-0.11928430898521465,0.0
2013,2,-0.529446757896286,0.9395116205894836,0.0
2014,0,0.0,0.0,0.0
2014,1,0.7952441557602583,-4.472569157537357,0.0
2014,2,1.4507243950553301,-3.002048549888665,0.0
2014,3,2.7346730842528046,-3.6666912565435057,0.0
2014,4,0.47292972960042445,-1.0104232931778339,0.0
2014,5,-1.2680260198093105,-4.672942883956932,0.0
2015,0,0.0,0.0,0.0
2015,1,-0.25525811419753763,-1.2045183286497778,0.0
2015,2,-2.469299770995823,-0.8765757366590079,0.0
2015,3,-1.4558265142350408,-1.4831931707570822,0.0
2016,0,0.0,0.0,0.0
2016,1,0.9203615394719172,0.0797709183299821,0.0
2016,2,2.3129523337422215,0.6890182416874069,0.0
2016,3,1.8337225730117344,-0.24749619891064703,0.0
2016,4,1.9960652428655492,-0.025250273279099317,0.0
2017,0,0.0,0.0,0.0
2017,1,-1.102052992557801,-0.14976918452926857,0.0
2017,2,0.20807181109419037,0.23364777470056824,0.0
2017,3,1.9039437278973164,1.7426361448098195,0.0
2017,4,-0.5932872663062267,2.471327448932014,0.0
2017,5,-0.4843732749257914,-0.4441316367655834,0.0
2017,6,1.4654255131178633,0.6161613242319846,0.0
2017,7,0.19155363668487158,1.2112744004396994,0.0
2017,8,0.8446779536176399,4.931971248984569,0.0
2018,0,0.0,0.0,0.0
2018,1,-1.054589301989098,-0.5825679450347719,0.0
2018,2,-0.8194200394924962,-0.5146423334680925,0.0
2018,3,-1.9049729865029168,-3.363538158784321,0.0
2018,4,-2.889875858908356,-3.1342651894352467,0.0
2019,0,0.0,0.0,0.0
2019,1,0.1934808048398563,1.4456193342269432,0.0
2019,2,0.8963625653789536,-0.6720701598412672,0.0
2020,0,0.0,0.0,0.0
2020,1,-1.8156410026076482,2.348729427127386,0.0
2020,2,-2.103170871596063,0.9970112927388004,0.0
2021,0,0.0,0.0,0.0
2021,1,0.6361557945591652,-0.13457896207407538,0.0
2021,2,-0.3506502593220735,-1.3831491727250893,0.0
2021,3,-0.18823473379214106,-0.08818166448732856,0.0
2021,4,0.7433527848973307,-1.682227122114376,0.0
2022,0,0.0,0.0,0.0
2022,1,-1.5470875000286424,1.9310076746777136,0.0
2022,2,-1.3669610489335413,1.6905117705412285,0.0
2022,3,-1.854645825778708,2.5819078861382656,0.0
2022,4,-1.851071047675284,4.347876462784056,0.0
2022,5,-0.7418956983032914,2.84757749022551,0.0
2023,0,0.0,0.0,0.0
2023,1,0.34950441323507664,0.16406075768696496,0.0
2023,2,2.2643519703375654,1.726352980064193,0.0
2023,3,3.165325919780998,0.47127007617425254,0.0
2023,4,3.316780903482149,1.6363883027878203,0.0
2023,5,3.00923727266229,2.2664328208039333,0.0
2023,6,4.234980263641716,2.069527545244383,0.0
2023,7,4.99187141772247,1.4792166939548577,0.0
2023,8,1.3578276429412448,2.0656015818152116,0.0
2023,9,2.499341936375977,1.195370961205104,0.0
2023,10,4.447276815932705,1.8426686709765376,0.0
2024,0,0.0,0.0,0.0
2024,1,-0.6754761204652731,2.72293211867016,0.0
2024,2,2.3901239807886965,0.8914807983215056,0.0
2024,3,0.7556199480353935,0.3685862453961437,0.0
2024,4,0.257962074188293,0.7201337552521727,0.0
2025,0,0.0,0.0,0.0
2025,1,0.4388650312412177,2.449794568993479,0.0
2025,2,0.2851383471944884,1.1484268292510504,0.0
2025,3,-0.23854368278814087,0.7730926147832824,0.0
2025,4,0.10926341098453829,1.942961791652134,0.0
2025,5,-0.8889386671985304,0.4694948783795912,0.0
2025,6,-2.958248791934593,-1.1268607502466852,0.0
2026,0,0.0,0.0,0.0
2026,1,0.5827646672803537,1.1731756730959642,0.0
2026,2,-2.1433764922092373,0.6075006814163751,0.0
2026,3,-0.6980792004968457,3.689272349779519,0.0
2026,4,-1.1157903801483986,5.235162904841587,0.0
2026,5,-1.009246389357311,1.4700230211794716,0.0
2026,6,-0.04924918525522193,3.4417529343716637,0.0
2026,7,-0.7264650756376003,2.0647015298596605,0.0
2027,0,0.0,0.0,0.0
2027,1,-0.00657451159444794,2.239266250859993,0.0
2027,2,-0.1844050984604027,1.6468896248481175,0.0
2028,0,0.0,0.0,0.0
2028,1,-0.904441790351906,1.1239671907864033,0.0
2028,2,2.1498350641207833,1.002689857020356,0.0
2029,0,0.0,0.0,0.0
2029,1,-0.6225364641416343,2.162628509200784,0.0
2029,2,-2.3019446460148973,0.6888287649235902,0.0
2029,3,-0.9369297125779431,-0.7511591355453047,0.0
2030,0,0.0,0.0,0.0
2030,1,-0.22991853516146998,-2.6796259132797875,0.0
2030,2,0.03275936978393279,-3.1744444036589714,0.0
2030,3,-2.00345179273953,-3.0441362124671034,0.0
2030,4,-0.9888199124040592,-2.9875593178538935,0.0
2031,0,0.0,0.0,0.0
2031,1,0.4435324796992386,2.3476456312569045,0.0
2031,2,1.3491461501745987,3.1455666320187285,0.0
2031,3,1.6738136993270338,1.5280359008355608,0.0
2031,4,1.0246923982051808,-0.7899639570135691,0.0
2031,5,0.4255792972723691,-1.8120473699757427,0.0
2031,6,3.094221058939568,-1.2262829146640568,0.0
2031,7,1.39568479999604,1.0698905885175543,0.0
2031,8,2.0032501273095353,-0.24574970483686032,0.0
2032,0,0.0,0.0,0.0
2032,1,-0.3252337930468914,-2.5739902448384013,0.0
2032,2,-2.5613333916484233,-1.7027335526608527,0.0
2032,3,-1.2206942799914926,-3.7626114614877153,0.0
2032,4,-2.425369994219226,-2.3311675467029525,0.0
2033,0,0.0,0.0,0.0
2033,1,0.9529564606343963,-0.28522019735296245,0.0
2033,2,-0.8091138515872167,-0.9080875479489094,0.0
2034,0,0.0,0.0,0.0
2034,1,-2.1521196352454197,-0.4657252238817226,0.0
2034,2,-3.519129146178603,0.48735918202809486,0.0
2035,0,0.0,0.0,0.0
2035,1,-1.5337552915996067,-0.6914792934603144,0.0
2035,2,0.6626385652241773,-1.7256250942568243,0.0
2036,0,0.0,0.0,0.0
2036,1,-2.2306792786537577,-1.5949035624702645,0.0
2036,2,-1.4681271851449118,1.2226781301204297,0.0
2037,0,0.0,0.0,0.0
2037,1,1.1112288244953026,0.09828166783353098,0.0
2037,2,1.480149506394697,-0.7720239552049013,0.0
2037,3,0.9788198655336708,-0.218745324803163,0.0
2037,4,0.8559831766857817,-1.8201724567374273,0.0
2037,5,1.1473332541515802,-0.6857762552634474,0.0
2038,0,0.0,0.0,0.0
2038,1,-1.2966673731031182,-0.46705898690357994,0.0
2038,2,-0.34062543336524476,-1.623505428352142,0.0
2038,3,-1.3015282892411457,-2.0904986962602337,0.0
2039,0,0.0,0.0,0.0
2039,1,-1.728945380539729,0.38670255263497055,0.0
2039,2,-0.833558442575193,-0.9738508855212944,0.0
2039,3,0.8875749344386008,-1.8245101099979102,0.0
2040,0,0.0,0.0,0.0
2040,1,-1.3455658290023793,1.7746652126025095,0.0
2040,2,-1.6986613006941789,2.5458443215411233,0.0
2040,3,-1.550988642369307,0.9663829020222852,0.0
2041,0,0.0,0.0,0.0
2041,1,-0.06177406627488649,-0.3538688849913948,0.0
2041,2,0.0047184435992593254,1.5961776557663336,0.0
2042,0,0.0,0.0,0.0
2042,1,0.06508145618142563,0.1692939434527784,0.0
2042,2,-0.9933838364975534,-2.5465242506271766,0.0
2042,3,-1.187706265089953,-2.306650934531488,0.0
2043,0,0.0,0.0,0.0
2043,1,-0.08309634948980071,0.38147107315635465,0.0
2043,2,-0.6748419555841583,-0.8547832576261751,0.0
2044,0,0.0,0.0,0.0
2044,1,-0.4857534122196298,1.270756862831804,0.0
2044,2,3.257098325956113,1.788706620327439,0.0
2044,3,1.5543486278805079,1.4095229503595879,0.0
2045,0,0.0,0.0,0.0
2045,1,0.7357310213422965,-1.0656422084359176,0.0
2045,2,0.48400149077851845,-0.9671974152020184,0.0
2045,3,2.783370622791604,1.179951205689475,0.0
2046,0,0.0,0.0,0.0
2046,1,0.3393604937794904,1.3588819795586429,0.0
2046,2,-0.34354506123946704,1.7918632963734291,0.0
2047,0,0.0,0.0,0.0
2047,1,2.200940774628473,-3.146674127762921,0.0
2047,2,1.180773096682237,-0.709136967638722,0.0
2048,0,0.0,0.0,0.0
2048,1,-0.9086951403939043,-0.6350452238218947,0.0
2048,2,-0.54713538199441,1.6129770057783177,0.0
2048,3,-1.9087936909282002,2.727451250410051,0.0
2048,4,-2.908939442577828,1.799801055979805,0.0
2048,5,-3.41010191391742,3.026886399399344,0.0
2049,0,0.0,0.0,0.0
2049,1,-2.556617383693276,0.7466609115826772,0.0
2049,2,-2.1651151521477927,-0.314980161709967,0.0
2049,3,-1.9818683637129935,-2.6096055619962426,0.0
2050,0,0.0,0.0,0.0
2050,1,0.22473196465021794,-1.6876785372181269,0.0
2050,2,-0.002758191142046451,0.48561373799476204,0.0
2051,0,0.0,0.0,0.0
2051,1,0.24030837682052653,0.16297661515750317,0.0
2051,2,-0.6746210337107843,-0.21413082090904645,0.0
2052,0,0.0,0.0,0.0
2052,1,-3.2386295122509194,-0.3294583563185537,0.0
2052,2,-3.4060295004240873,-0.6194153464637278,0.0
2052,3,-2.9821082498755556,-2.565032191961336,0.0
2052,4,-3.5227548506514585,-0.13788089000124126,0.0
2052,5,-4.013704446689622,-0.7785026352653136,0.0
2052,6,-4.006273127496071,-1.1135497355766593,0.0
2052,7,-1.145102409028861,-0.9011855070594463,0.0
2053,0,0.0,0.0,0.0
2053,1,1.2279684076608472,1.6638089630942767,0.0
2053,2,1.6729970925716777,2.673944874302505,0.0
2054,0,0.0,0.0,0.0
2054,1,-0.4591252669813135,0.7052381132937764,0.0
2054,2,-0.6855516354191218,0.8696225733038889,0.0
2055,0,0.0,0.0,0.0
2055,1,1.5448038822620347,-2.314531686290312,0.0
2055,2,-0.15277372465740857,-5.037076794257522,0.0
2055,3,1.3969111081324594,-1.2288290141166762,0.0
2055,4,1.8034667612777306,-2.293387052870476,0.0
2056,0,0.0,0.0,0.0
2056,1,-0.8672771195843704,1.732527495460817,0.0
2056,2,-1.669309459251475,1.2276076521392008,0.0
2057,0,0.0,0.0,0.0
2057,1,-1.6557234159130978,1.0002534665227483,0.0
2057,2,-2.407236495583347,1.106028544616962,0.0
2058,0,0.0,0.0,0.0
2058,1,2.4528701075512958,-0.009236487355835266,0.0
2058,2,0.17601287763642381,-0.8825427641900196,0.0
2058,3,-1.9322490394248566,2.599120308201754,0.0
2059,0,0.0,0.0,0.0
2059,1,0.7602174139439332,0.9780842863837546,0.0
2059,2,2.4548995293269416,-0.7757792456191314,0.0
2059,3,4.392721618123864,-0.9733376252795753,0.0
2059,4,4.8340154950074945,-1.0234676205314308,0.0
2059,5,6.4216297595839915,0.11854039438816022,0.0
2059,6,7.042754353388383,1.5688691626309397,0.0
2059,7,7.7978348512119595,5.193275607991027,0.0
2059,8,7.770454309985018,5.032206697081595,0.0
2060,0,0.0,0.0,0.0
2060,1,-1.94540143312594,3.3065161540344654,0.0
2060,2,-2.666721438809807,2.525083157522374,0.0
2060,3,-2.305324376915007,3.5778537466720675,0.0
2060,4,-3.1908014311986213,1.2660386116773046,0.0
2060,5,-3.1491232800385194,0.7899326369730212,0.0
2060,6,-4.141461965873191,0.21146463575603458,0.0
2060,7,-1.9121348116158208,-1.3550041344168264,0.0
2061,0,0.0,0.0,0.0
2061,1,0.6874408371006848,-0.9395525850783643,0.0
2061,2,2.908549564328003,-2.5173035727876534,0.0
2062,0,0.0,0.0,0.0
2062,1,0.664673524351344,0.7026227891755155,0.0
2062,2,1.4720457592599363,0.8710461613487444,0.0
2062,3,1.4406299657537076,1.1355329426734735,0.0
2062,4,0.9531972844290878,1.3117534098584263,0.0
2062,5,1.4226452974520443,1.4739833857653877,0.0
2063,0,0.0,0.0,0.0
2063,1,0.8357328617227485,-2.780474911403316,0.0
2063,2,1.541403428629044,0.3847903722773487,0.0
2064,0,0.0,0.0,0.0
2064,1,0.33347033832645634,0.7519868830086007,0.0
2064,2,-0.758796372953533,-2.5942800808199604,0.0
2064,3,-2.200518036428039,-1.7980742363066609,0.0
2064,4,-1.1303604575529598,-1.4439589986463286,0.0
2064,5,-2.072685565411475,-2.5767549224575412,0.0
2064,6,-1.6726219805942282,-5.94436526097911,0.0
2064,7,-1.697345687902342,-3.89511867233629,0.0
2064,8,-2.9263273794196323,-3.792700900292779,0.0
2064,9,-3.4478508614261933,-1.8894176656030197,0.0
2064,10,-3.393144642631473,-2.4044210183221915,0.0
2064,11,-1.6829298833913664,-3.8091217943853786,0.0
2065,0,0.0,0.0,0.0
2065,1,1.087634315656921,0.8792614374018918,0.0
2065,2,-0.27896183546965286,2.1994675232614456,0.0
2066,0,0.0,0.0,0.0
2066,1,2.8780758979514487,0.5601813982636882,0.0
2066,2,1.910285393599291,-2.0060879539826653,0.0
2066,3,-0.5512201722775192,0.6602376340330381,0.0
2067,0,0.0,0.0,0.0
2067,1,2.8229300162668465,0.9188153013993675,0.0
2067,2,3.219556890888942,-0.06693164804371787,0.0
2067,3,1.6176910417000177,0.09514069479257381,0.0
2067,4,1.7336462942347,-0.24066048651166067,0.0
2068,0,0.0,0.0,0.0
2068,1,-1.5374034850698055,0.5312399363976472,0.0
2068,2,-2.4051180710894764,1.2572698669614915,0.0
2069,0,0.0,0.0,0.0
2069,1,2.12547536574705,-2.517712352239839,0.0
2069,2,3.4976121972030954,-1.083544697893204,0.0
2069,3,2.1396908562948527,-2.092077456672221,0.0
2070,0,0.0,0.0,0.0
2070,1,-1.4367998353937712,-2.425801394659498,0.0
2070,2,-0.44604717217007783,-0.2049911495921678,0.0
2071,0,0.0,0.0,0.0
2071,1,-1.6352884693063108,-0.6580365373594548,0.0
2071,2,1.1238642510660126,-0.13569300160559616,0.0
2072,0,0.0,0.0,0.0
2072,1,-2.102735868791611,1.5633110453426056,0.0
2072,2,-2.5377526350935917,2.738983705642193,0.0
2073,0,0.0,0.0,0.0
2073,1,-0.056724292945308,0.9458932681140539,0.0
2073,2,0.838806704612877,1.6591390677670095,0.0
2074,0,0.0,0.0,0.0
2074,1,0.38503502768588493,-0.17283483902008623,0.0
2074,2,0.5990724049193523,0.5947504582338379,0.0
2074,3,-0.5276858471928605,-0.0953860909722648,0.0
2074,4,-1.0719271207491925,0.2891341292641516,0.0
2074,5,-0.01645007797248821,-0.3575835593944223,0.0
2074,6,0.753537999517311,-0.2266418372306127,0.0
2074,7,0.9640929346035927,-0.6625070964986064,0.0
2075,0,0.0,0.0,0.0
2075,1,-0.9057839830664451,3.2709992496466405,0.0
2075,2,-0.7314823414700766,1.183235809915613,0.0
2076,0,0.0,0.0,0.0
2076,1,2.239668228466345,1.676328420075412,0.0
2076,2,2.1789480421079226,0.2084639374093722,0.0
2076,3,2.1525761957136034,-0.6531892332465938,0.0
2076,4,2.5977107402489894,0.35724993412233497,0.0
2076,5,3.962737084302746,-0.226588759127071,0.0
2076,6,4.659279939074317,0.258614329378432,0.0
2076,7,3.7865426923023975,1.6922561452696687,0.0
2076,8,2.7978308074368456,0.2471034648539785,0.0
2077,0,0.0,0.0,0.0
2077,1,-1.1206802169261167,-2.228248826569949,0.0
2077,2,-2.5029385083288185,-1.1853584810018003,0.0
2077,3,-2.2054432416135836,-2.9350731875947487,0.0
2078,0,0.0,0.0,0.0
2078,1,1.1551701314491336,-0.3725235914195477,0.0
2078,2,1.7052408809646136,1.3791956312874558,0.0
2079,0,0.0,0.0,0.0
2079,1,4.458683387427859,0.05704878721932932,0.0
2079,2,2.084427663960574,-0.047940588161413444,0.0
2079,3,3.0607891918077956,-0.665965602034557,0.0
2079,4,2.4746849060681977,0.5929337344553873,0.0
2079,5,6.406724016589205,-0.4046639695002094,0.0
2080,0,0.0,0.0,0.0
2080,1,-0.04070023959699509,2.200483918348676,0.0
2080,2,-0.3606424515763309,2.1295843052763095,0.0
2081,0,0.0,0.0,0.0
2081,1,0.8786249157543224,-1.9121052473955475,0.0
2081,2,2.866410722584094,-0.2568538050016941,0.0
2082,0,0.0,0.0,0.0
2082,1,-1.1098444418368392,0.1939384334139319,0.0
2082,2,-1.6993917259367988,-2.8516609859528916,0.0
2082,3,-0.1353480244016605,-0.05474185192000158,0.0
2082,4,-0.2951157326214,1.3610085359445747,0.0
2082,5,2.411062455684057,0.0018522774867770764,0.0
2082,6,1.111629057925485,-1.1579289015938299,0.0
2082,7,1.6308772347588578,1.6814991896207032,0.0
2083,0,0.0,0.0,0.0
2083,1,-0.7794117410201604,1.5644705815947886,0.0
2083,2,-0.4838772137063776,0.6888511286818312,0.0
2083,3,0.025832117186061484,-1.3357568977940517,0.0
2083,4,0.9842882484089442,-1.3698074911824418,0.0
2084,0,0.0,0.0,0.0
2084,1,-1.0492774405668823,-2.0348261565935473,0.0
2084,2,-0.016605666039613665,0.47668361105906376,0.0
2085,0,0.0,0.0,0.0
2085,1,0.004415267044155291,1.2559624174087092,0.0
2085,2,0.024123377678372693,2.9647997606660432,0.0
2085,3,-0.0621005663233275,1.202832908035988,0.0
2086,0,0.0,0.0,0.0
2086,1,0.7659177651420455,0.6719940075680313,0.0
2086,2,-0.0972679301724706,1.2637848179736122,0.0
2087,0,0.0,0.0,0.0
2087,1,-0.6707050734380403,1.2585172667933884,0.0
2087,2,-0.6619842652790738,0.013421688239026563,0.0
2087,3,-2.7994018002446897,-0.5987466911939038,0.0
2088,0,0.0,0.0,0.0
2088,1,-1.4528178849110978,1.0506806224868237,0.0
2088,2,-2.0231871351577824,2.0137195068107587,0.0
2088,3,-2.360105565194023,3.061413438502635,0.0
2089,0,0.0,0.0,0.0
2089,1,1.4514508335166916,2.326977738331835,0.0
2089,2,2.873838285606817,2.789262431580396,0.0
2089,3,1.3364126288042892,0.9526031578197942,0.0
2090,0,0.0,0.0,0.0
2090,1,0.1670522948771099,-0.20401151502783327,0.0
2090,2,-0.5175108903163429,-1.1806278417135072,0.0
2090,3,-0.9820993989901473,1.4590812782665081,0.0
2090,4,0.7351564634821003,1.1944544539538795,0.0
2091,0,0.0,0.0,0.0
2091,1,-1.9666908682448714,-0.2927835783067473,0.0
2091,2,-2.1290654789518006,-1.52020259354326,0.0
2092,0,0.0,0.0,0.0
2092,1,-1.2838077827917243,1.4126947795082279,0.0
2092,2,-0.5233124151110232,1.1051319112019713,0.0
2092,3,0.33518117526210567,0.1615874366017962,0.0
2093,0,0.0,0.0,0.0
2093,1,0.5788771725460732,-0.5782767222124998,0.0
2093,2,0.3779408636645829,-1.3751947201448407,0.0
2094,0,0.0,0.0,0.0
2094,1,0.35177618095713326,1.9311309244812336,0.0
2094,2,-0.5814824031475447,1.9810236770556864,0.0
2094,3,-1.199120818386533,3.123686814661526,0.0
2095,0,0.0,0.0,0.0
2095,1,-0.9242140566554349,0.5575348625098084,0.0
2095,2,-0.18415404767186183,0.9870984523470745,0.0
2096,0,0.0,0.0,0.0
2096,1,-0.6444067563966394,1.6852503636257277,0.0
2096,2,-1.2114179439057933,2.387409456831333,0.0
2096,3,-1.200789172989361,2.741207464730978,0.0
2097,0,0.0,0.0,0.0
2097,1,-0.6236214958097382,-1.0253451686174055,0.0
2097,2,1.2558797498779088,-0.7578880220683321,0.0
2098,0,0.0,0.0,0.0
2098,1,3.26766182534869,-0.4296648197512305,0.0
2098,2,0.8609548993560743,-2.1635710674151833,0.0
2099,0,0.0,0.0,0.0
2099,1,-0.22336020712594817,1.8012049346518602,0.0
2099,2,-2.5724819930600207,2.0880403460252674,0.0
2100,0,0.0,0.0,0.0
2100,1,0.8516898617321425,-1.9554707927047965,0.0
2100,2,-0.3842424404683453,-2.6408843211252155,0.0
2101,0,0.0,0.0,0.0
2101,1,0.10472840927107607,-0.07841232377391834,0.0
2101,2,3.297945625879099,-1.53487846674385,0.0
2101,3,2.9158371555844,0.26946811732462345,0.0
2102,0,0.0,0.0,0.0
2102,1,-0.8098275799681005,2.43411667628644,0.0
2102,2,-1.1173018595553055,0.8266611885656825,0.0
2103,0,0.0,0.0,0.0
2103,1,1.5018573947215044,-1.5677452015132458,0.0
2103,2,0.4037105328693633,-0.7918140153273241,0.0
2103,3,1.8090968361515531,-2.9995037868781926,0.0
2103,4,0.1774549904289835,0.11826866618331944,0.0
2104,0,0.0,0.0,0.0
2104,1,-1.2821678511239916,1.7462795879356623,0.0
2104,2,-1.1160867010956954,-0.6109620695194216,0.0
2104,3,-2.212316192557649,-0.8576491265118336,0.0
2105,0,0.0,0.0,0.0
2105,1,0.4261334845823763,1.5750203726029262,0.0
2105,2,-1.0189902378293128,2.589576931353784,0.0
2106,0,0.0,0.0,0.0
2106,1,1.6573267344469256,0.5934366028331644,0.0
2106,2,-1.872425633658838,1.1895878690626174,0.0
2106,3,-2.0036354543154293,1.171370926208847,0.0
2107,0,0.0,0.0,0.0
2107,1,-2.010672976610958,-0.5845964101822566,0.0
2107,2,-2.6429104831989023,0.814238475950137,0.0
2107,3,-2.006493631973094,-0.8359971916183208,0.0
2108,0,0.0,0.0,0.0
2108,1,-0.45366774148017985,2.600836183472582,0.0
2108,2,0.18231299013540325,0.7180048785563256,0.0
2109,0,0.0,0.0,0.0
2109,1,3.5725609756443752,0.45227682321153806,0.0
2109,2,1.1081415762261246,-1.5682676261863644,0.0
2109,3,1.1171113530850687,-2.4546941063758063,0.0
2110,0,0.0,0.0,0.0
2110,1,2.1485204980046735,1.2485420214084149,0.0
2110,2,1.1555779115436906,1.4004805471079775,0.0
2111,0,0.0,0.0,0.0
2111,1,0.8021808154659156,-2.0144451316468466,0.0
2111,2,0.025508944331374517,-0.6963558343935161,0.0
2111,3,1.4361021715061786,-0.16459481972627232,0.0
2111,4,0.7975418009762685,-2.170528173545416,0.0
2111,5,1.3982549105245026,-1.567546278794652,0.0
2111,6,0.05031916796055724,-0.5802122609765026,0.0
2112,0,0.0,0.0,0.0
2112,1,0.7280954392052844,-4.834427966660982,0.0
2112,2,0.380065411021138,-0.92890740032073,0.0
2112,3,-2.080978682907526,-3.0377872789058533,0.0
2112,4,-0.9350310231363504,-3.3947918863195223,0.0
2112,5,-3.3248137204300754,-5.120295223478711,0.0
2112,6,-3.0696691783350603,-4.4596327482432025,0.0
2112,7,0.08050195711741426,-4.374227368135006,0.0
2112,8,-2.4038074593656726,-5.5445327784293905,0.0
2112,9,-2.660638056994062,-5.472931634938952,0.0
2112,10,-2.892131845737652,-6.5483893123897925,0.0
2112,11,-5.350930057612674,-5.1545151377065235,0.0
2113,0,0.0,0.0,0.0
2113,1,1.6507561778763262,1.1715158450140688,0.0
2113,2,-0.7194116324721633,3.3272830731024534,0.0
2113,3,0.3748106687443198,0.21532789473243685,0.0
2114,0,0.0,0.0,0.0
2114,1,-1.4734983025169477,-0.17423296138679512,0.0
2114,2,1.1614555550231627,1.4044381589068793,0.0
2114,3,1.871709782982781,-0.23264765735003862,0.0
2114,4,2.2872760985722893,0.991830237798806,0.0
2115,0,0.0,0.0,0.0
2115,1,0.2723085911701786,-0.10607481364177729,0.0
2115,2,-0.22112087428751204,-1.0792400667191147,0.0
2115,3,0.4893807002318843,1.2937580587766537,0.0
2116,0,0.0,0.0,0.0
2116,1,-0.17159465354149228,1.5783845276649409,0.0
2116,2,0.029866000451435948,2.2429456509022723,0.0
2116,3,0.6745630624060635,0.9818057359462484,0.0
2117,0,0.0,0.0,0.0
2117,1,2.539483283650191,1.5085400318980375,0.0
2117,2,1.1577346122315684,3.224138976811263,0.0
2118,0,0.0,0.0,0.0
2118,1,0.3145716574075639,-1.0004167931582038,0.0
2118,2,-0.33207673775045876,-0.1098070174695111,0.0
2118,3,-1.3972365586904574,-0.765497513093458,0.0
2119,0,0.0,0.0,0.0
2119,1,0.857628061724147,0.5572051432486782,0.0
2119,2,-0.5053451159642344,1.353841585243656,0.0
2119,3,0.03214857551324668,-0.046970172268222976,0.0
2120,0,0.0,0.0,0.0
2120,1,-1.0034293337019349,-0.33279668274197244,0.0
2120,2,-3.1371023193932026,0.190067680726757,0.0
2120,3,-0.9006849706016286,1.876910126578069,0.0
2121,0,0.0,0.0,0.0
2121,1,0.45285491515754334,0.6038776549291978,0.0
2121,2,1.4402859397678283,0.30283052387029485,0.0
2121,3,-0.20184686846774647,-0.8453571985809787,0.0
2121,4,-1.0821271611949972,0.697875098294356,0.0
2122,0,0.0,0.0,0.0
2122,1,-0.6351364985623931,-0.18511311923250684,0.0
2122,2,0.3142848978764872,0.7448811747876076,0.0
2123,0,0.0,0.0,0.0
2123,1,1.536770213859833,-0.39958397759302483,0.0
2123,2,1.169549371855093,0.7832009526121526,0.0
2124,0,0.0,0.0,0.0
2124,1,2.0837781152853903,0.8654186709213803,0.0
2124,2,3.575034574253596,2.5540868237939067,0.0
2124,3,2.855117167989803,2.276815426351728,0.0
2125,0,0.0,0.0,0.0
2125,1,1.5913047837615202,-0.10621499299198969,0.0
2125,2,-2.3100219214167277,-0.8949434515423251,0.0
2126,0,0.0,0.0,0.0
2126,1,0.9042408498835042,-5.274585384354883,0.0
2126,2,1.3957574218393154,-4.17392824189616,0.0
2127,0,0.0,0.0,0.0
2127,1,-1.8696689706650238,-0.09661244956879722,0.0
2127,2,-0.09539182709036975,0.9199136273089863,0.0
2128,0,0.0,0.0,0.0
2128,1,-0.7422566572132266,1.9749841340895515,0.0
2128,2,-0.6143223862820216,1.9691178277576955,0.0
2128,3,-0.673512016472021,4.759446239963797,0.0
2129,0,0.0,0.0,0.0
2129,1,1.0224444542796254,0.3086627123526221,0.0
2129,2,2.0228809141080193,-0.008500247735417465,0.0
2129,3,2.59778049015779,-0.031018631733238933,0.0
2130,0,0.0,0.0,0.0
2130,1,-0.3687102056989404,0.7403912115606266,0.0
2130,2,0.24420699626503484,-0.11587164807425854,0.0
2131,0,0.0,0.0,0.0
2131,1,1.092752615791344,1.0618661332470571,0.0
2131,2,0.6386768430927754,1.7839896186812183,0.0
2131,3,0.038579770962330784,0.9598797689733217,0.0
2131,4,0.9214236564961635,2.7787723434147726,0.0
2131,5,-0.563660646470685,2.252194821149378,0.0
2131,6,0.12343286525472186,2.0532540731059004,0.0
2132,0,0.0,0.0,0.0
2132,1,-0.11082171314445599,0.3815914892323401,0.0
2132,2,0.18972154783251582,1.3019244324834776,0.0
2132,3,-1.3158702712019514,-0.21495629860199494,0.0
2133,0,0.0,0.0,0.0
2133,1,-0.18779999211532614,0.11856667437779478,0.0
2133,2,-0.1960283576525296,0.8814634235509333,0.0
2134,0,0.0,0.0,0.0
2134,1,1.9085722292351972,-1.5815820553085906,0.0
2134,2,1.3747881830043727,-2.4328841906402316,0.0
2134,3,-0.5634095948055402,-1.5087997431417741,0.0
2135,0,0.0,0.0,0.0
2135,1,-0.32147964086863695,0.44823975550529727,0.0
2135,2,-1.3375935329583117,0.09166447541280731,0.0
2136,0,0.0,0.0,0.0
2136,1,-1.035878760407899,0.22676126341226488,0.0
2136,2,-2.1047428697879313,-0.22530070550432657,0.0
2136,3,0.7943049316672377,-1.3545028549333011,0.0
2136,4,-0.02067576520515496,-3.362609205751315,0.0
2136,5,-1.1347754523272482,-4.999501262086381,0.0
2137,0,0.0,0.0,0.0
2137,1,-1.6125914376076085,-2.230305892456546,0.0
2137,2,-1.420477490511203,-0.6864233287943271,0.0
2138,0,0.0,0.0,0.0
2138,1,0.011074359263557154,-0.5118270042422732,0.0
2138,2,0.23360179314747398,-0.42866915523594157,0.0
2139,0,0.0,0.0,0.0
2139,1,-1.8189228975573466,-1.8586589230801993,0.0
2139,2,-1.9385983641996143,-2.663756382461684,0.0
2139,3,-2.332900052097053,-4.039046807498978,0.0
2140,0,0.0,0.0,0.0
2140,1,-0.32646271813960537,2.1664841893380253,0.0
2140,2,-3.56202948937989,0.025492498004046293,0.0
2140,3,0.0999614269805762,-0.30385694755365666,0.0
2140,4,1.722869017083275,1.9886399605095133,0.0
2141,0,0.0,0.0,0.0
2141,1,0.32389250192882607,0.2314282854177021,0.0
2141,2,-0.9952722461953052,0.5149020294541449,0.0
2141,3,-2.953498909098717,1.132754660531374,0.0
2141,4,-2.369747132127772,0.9723252930237323,0.0
2142,0,0.0,0.0,0.0
2142,1,2.1778002312022355,0.9471944184411214,0.0
2142,2,1.2260789422919938,1.6331679537930452,0.0
2142,3,4.68149545323882,0.9247032750535837,0.0
2142,4,1.6793284043442656,1.8981493735699337,0.0
2143,0,0.0,0.0,0.0
2143,1,1.4505208973841037,1.2665688782859044,0.0
2143,2,1.228905021508875,1.0202407253303085,0.0
2143,3,1.2597930567391342,-0.6892680609578248,0.0
2144,0,0.0,0.0,0.0
2144,1,-0.3875264444453095,2.030353761023496,0.0
2144,2,-0.11858307345078511,-0.2647763490128151,0.0
2145,0,0.0,0.0,0.0
2145,1,1.7627510357247544,-0.7730756191799099,0.0
2145,2,2.3110227074754794,-0.6930307600490304,0.0
2146,0,0.0,0.0,0.0
2146,1,-0.7451414486552908,1.651773014212449,0.0
2146,2,-2.168928119700963,2.6961385689473913,0.0
2146,3,-0.18915203244425194,3.6457980928215306,0.0
2146,4,-0.4076239103497976,3.2261404275045815,0.0
2147,0,0.0,0.0,0.0
2147,1,-2.7441313207178837,-2.69863023866699,0.0
2147,2,-3.2564518446466098,-0.41411601118607755,0.0
2147,3,-2.6353540201939216,-0.3784164650441154,0.0
2148,0,0.0,0.0,0.0
2148,1,2.1390404309594255,-0.06840757814881882,0.0
2148,2,0.30590005186293756,0.0776666522507296,0.0
2148,3,0.8806783621461627,-1.8331733879701304,0.0
2148,4,2.3463808989023445,-1.631613692674479,0.0
2149,0,0.0,0.0,0.0
2149,1,0.8010156910390799,-1.2587881062594233,0.0
2149,2,1.1175986100329443,-1.6610064816416164,0.0
2150,0,0.0,0.0,0.0
2150,1,0.8541717597091092,-0.9029491724953302,0.0
2150,2,0.4814937426159416,1.2639837106081326,0.0
2151,0,0.0,0.0,0.0
2151,1,-1.1760534644417548,-1.2354661980558952,0.0
2151,2,-2.197306633758045,-1.8747215982697083,0.0
2152,0,0.0,0.0,0.0
2152,1,-0.09269054394626497,-0.550569162124711,0.0
2152,2,0.3749775797381874,-0.7362853207373025,0.0
2153,0,0.0,0.0,0.0
2153,1,-2.3308125599135487,1.9470059608214623,0.0
2153,2,-4.554930100898226,1.5457089710454788,0.0
2153,3,-4.987184783198996,-0.4872811195836617,0.0
2153,4,-3.7500257656593923,1.6404346817862223,0.0
2154,0,0.0,0.0,0.0
2154,1,-1.917061904390997,-1.5366745425949597,0.0
2154,2,-3.284684415240039,0.22311889531757556,0.0
2154,3,-2.2656411765398627,-0.0675540399911474,0.0
2154,4,-2.259684592435166,0.4665497347417775,0.0
2155,0,0.0,0.0,0.0
2155,1,1.5953339746340882,-2.598569275556539,0.0
2155,2,-0.35680093796723567,-0.9622407589267457,0.0
2156,0,0.0,0.0,0.0
2156,1,-0.19114133020105062,-0.7857703403484915,0.0
2156,2,0.45021820904781085,2.019249593586615,0.0
2156,3,0.27548225823708883,2.1277114285169327,0.0
2157,0,0.0,0.0,0.0
2157,1,0.39697511256164053,-1.1974987257997356,0.0
2157,2,0.38250911567527823,-0.6323332666134235,0.0
2157,3,0.5678245007510736,-0.9069610013814788,0.0
2157,4,0.9709078753574409,-2.261314420568432,0.0
2157,5,2.3992133073375754,-3.8526189702982014,0.0
2158,0,0.0,0.0,0.0
2158,1,2.487240878404953,0.8829462426972996,0.0
2158,2,2.799210251757977,-0.8119530503092038,0.0
2159,0,0.0,0.0,0.0
2159,1,-0.3278830699307804,-0.1491618124439037,0.0
2159,2,-2.415242290578253,-1.0630685036825904,0.0
2160,0,0.0,0.0,0.0
2160,1,-3.708592390852089,2.8902576975044796,0.0
2160,2,-5.466465402726817,3.3488528178988313,0.0
2160,3,-3.6524504248235488,1.9930929575018292,0.0
2160,4,-2.2277338048175768,1.4115570951585894,0.0
2161,0,0.0,0.0,0.0
2161,1,1.5467001172464592,2.2990444721724335,0.0
2161,2,2.6334528690840466,0.8177971225034155,0.0
2161,3,-0.10853931486572388,1.3446169151991585,0.0
2162,0,0.0,0.0,0.0
2162,1,-0.31774859985735204,-0.9056761654728417,0.0
2162,2,0.37484822153291186,-0.8930967193990355,0.0
2163,0,0.0,0.0,0.0
2163,1,-1.3133801323137302,0.4182076124353111,0.0
2163,2,-0.7469508224079573,0.6304208666465887,0.0
2163,3,-1.8465469421576417,-2.8082390329298432,0.0
2164,0,0.0,0.0,0.0
2164,1,-0.7678625687829507,0.8368122785366503,0.0
2164,2,-2.4992801298407734,0.19813198065468063,0.0
2165,0,0.0,0.0,0.0
2165,1,1.6247492970316784,-0.9852220542707462,0.0
2165,2,3.4995836491369365,-1.8882982252034641,0.0
2165,3,2.0833594132154865,-1.238213712645289,0.0
2166,0,0.0,0.0,0.0
2166,1,0.23414414331856448,0.8875573486375035,0.0
2166,2,0.5769196635368526,1.247592450106349,0.0
2166,3,-0.7613695812746828,1.6052695269221513,0.0
2167,0,0.0,0.0,0.0
2167,1,1.8043688127642277,1.2251566777219802,0.0
2167,2,0.9472773870847968,-0.879953750238627,0.0
2168,0,0.0,0.0,0.0
2168,1,0.13948574032966676,-0.5005990885516581,0.0
2168,2,-2.0022217718434536,0.07536997161372042,0.0
2169,0,0.0,0.0,0.0
2169,1,-1.078697486565687,1.0778521952055926,0.0
2169,2,-1.1251813192450815,0.7717390499722141,0.0
2170,0,0.0,0.0,0.0
2170,1,-1.250250743804659,0.2534678150692873,0.0
2170,2,-2.1426106287371454,1.399124112790421,0.0
2171,0,0.0,0.0,0.0
2171,1,0.8311744511708167,1.4567648265945001,0.0
2171,2,0.9451374821136568,3.2199650598133367,0.0
2172,0,0.0,0.0,0.0
2172,1,-1.208640151406602,1.1090406925875211,0.0
2172,2,-1.127751139244237,2.4219188528301174,0.0
2172,3,-2.6086565023107857,2.387004041293581,0.0
2172,4,-0.29588952942057567,0.13132244875251176,0.0
2172,5,-1.8810584924606493,-0.8545259816723885,0.0
2172,6,-2.1923508291930616,-2.762867932314209,0.0
2172,7,-2.6259187667369455,-1.0279324545755302,0.0
2173,0,0.0,0.0,0.0
2173,1,0.6328070991744076,0.8555282496700193,0.0
2173,2,2.2566370115270233,0.7060512949351417,0.0
2173,3,0.4397868300101543,0.0994751385844812,0.0
2174,0,0.0,0.0,0.0
2174,1,-2.785979038816659,0.9117925932984625,0.0
2174,2,-0.3226597140540135,2.5779944421294463,0.0
2175,0,0.0,0.0,0.0
2175,1,-0.9179521133116401,2.0446198668897586,0.0
2175,2,-1.4716299312184247,2.338818821314988,0.0
2175,3,-1.5339169344263253,1.33604624920321,0.0
2175,4,-2.37875225932352,1.795889422735376,0.0
2175,5,-3.6985880541589577,0.9491612266968683,0.0
2176,0,0.0,0.0,0.0
2176,1,-1.1419422631711806,0.6062243295062222,0.0
2176,2,0.5880758980458636,2.0563078307912805,0.0
2177,0,0.0,0.0,0.0
2177,1,1.7625818510217268,-0.9506486426065986,0.0
2177,2,-0.19603252924831271,-0.19150127037376818,0.0
2177,3,-0.6346843960840818,-1.4802375820054297,0.0
2178,0,0.0,0.0,0.0
2178,1,-0.5146205561991943,-1.725972928468087,0.0
2178,2,0.6594124423720602,-0.6738310338366398,0.0
2178,3,-1.5366005515876104,0.9905314018325115,0.0
2178,4,-0.446037597835806,-0.9419365069593706,0.0
2179,0,0.0,0.0,0.0
2179,1,1.6439905109668107,-1.3311197656199956,0.0
2179,2,1.2080093464090007,0.6813325563302793,0.0
2179,3,-0.12325898471689278,0.08521081791543808,0.0
2179,4,0.8116504134750393,-1.9186301208681626,0.0
2180,0,0.0,0.0,0.0
2180,1,0.6410891996536914,-1.1566028634815466,0.0
2180,2,0.7645055780613899,0.29578543622653664,0.0
2180,3,0.7151137662977478,0.30214351371364945,0.0
2180,4,1.2407630110684993,1.959472578548,0.0
2181,0,0.0,0.0,0.0
2181,1,1.2201137860060771,0.4520501407498325,0.0
2181,2,0.6608576250271545,0.056896192155611036,0.0
2181,3,0.8098855029916285,-1.2686276181366918,0.0
2182,0,0.0,0.0,0.0
2182,1,0.3233932233763305,0.8599269960857949,0.0
2182,2,-0.8441653661239558,0.3341269415180155,0.0
2183,0,0.0,0.0,0.0
2183,1,1.1792918246015358,3.4103862763216104,0.0
2183,2,-0.2953072952783389,0.814029621981187,0.0
2183,3,0.008606559395937019,0.3956645110622148,0.0
2183,4,-0.3756059276964021,2.3579479767985076,0.0
2184,0,0.0,0.0,0.0
2184,1,1.5095456160003804,-0.1582207339144603,0.0
2184,2,3.2190777744419314,-0.7984463770233377,0.0
2184,3,1.456292143239253,0.34716997740548733,0.0
2185,0,0.0,0.0,0.0
2185,1,-0.19882352113562574,-0.3690606618254251,0.0
2185,2,0.5908920946956248,-2.042260156578962,0.0
2185,3,0.13888272237306498,-0.22021520720987997,0.0
2185,4,1.2146435395088138,-0.7713532541013188,0.0
2185,5,0.9862664533677784,0.3055400231874503,0.0
2186,0,0.0,0.0,0.0
2186,1,-0.03578384684558489,0.1509648869210124,0.0
2186,2,-0.5869642763838052,0.1323735608641693,0.0
2186,3,1.6821677520114746,3.4263311146778452,0.0
2186,4,0.40236769668628514,0.894185144218371,0.0
2187,0,0.0,0.0,0.0
2187,1,-0.8426606520782663,-0.09016369814790401,0.0
2187,2,-0.8368617402607306,-0.8554759755901216,0.0
2187,3,-0.09737663505906657,-0.28498287197535493,0.0
2188,0,0.0,0.0,0.0
2188,1,0.19039319785259867,3.3525171818188237,0.0
2188,2,1.6126907733701994,2.7596291687025083,0.0
2188,3,-0.43592785776673115,3.9246756183497045,0.0
2188,4,0.3743618195160917,3.2966978272123564,0.0
2188,5,2.7137808314391942,5.028882360277677,0.0
2189,0,0.0,0.0,0.0
2189,1,0.9394191202886096,0.8298949290900498,0.0
2189,2,1.3766764693152067,1.5640934415082133,0.0
2189,3,1.5953191856738371,3.356672032217154,0.0
2190,0,0.0,0.0,0.0
2190,1,-2.1265508015244414,0.3232370304404189,0.0
2190,2,-3.7014964401435657,-0.33477693058239577,0.0
2190,3,-2.2474827048584647,-0.27856886932569425,0.0
2191,0,0.0,0.0,0.0
2191,1,-1.3355825205403573,1.523121915085649,0.0
2191,2,-0.6464667656948383,-0.041947293476855,0.0
2191,3,1.1313700461364087,0.9937606033236037,0.0
2191,4,2.110835833147892,1.2186503271321834,0.0
2191,5,2.5011281757674606,2.4516740198397944,0.0
2191,6,1.3176765634722714,0.2959312770425375,0.0
2192,0,0.0,0.0,0.0
2192,1,1.6574618908011458,0.5081727858493474,0.0
2192,2,-0.02447228468529583,1.5050708350540982,0.0
2193,0,0.0,0.0,0.0
2193,1,-1.4020565691084284,2.6022608215885437,0.0
2193,2,-0.09720288967758917,0.4695380622484948,0.0
2194,0,0.0,0.0,0.0
2194,1,1.0759053854916916,-0.3385471963054776,0.0
2194,2,1.295870377674813,0.5013404635000267,0.0
2195,0,0.0,0.0,0.0
2195,1,1.6278468630824205,1.9670761547276348,0.0
2195,2,-1.947444099681896,1.9526714005455579,0.0
2196,0,0.0,0.0,0.0
2196,1,1.432317722596091,-1.6235415885252162,0.0
2196,2,1.2053442943138573,-0.1285941677770634,0.0
2196,3,-0.3694668138585524,-0.3351548623735445,0.0
2196,4,0.19102194329680744,-0.24409540887046272,0.0
2197,0,0.0,0.0,0.0
2197,1,1.9241991846665383,-1.607219523969853,0.0
2197,2,2.4306972309531782,-1.3195761992583277,0.0
2197,3,3.955488727717684,1.1299603840346233,0.0
2197,4,2.541574232285401,-0.3186338767591814,0.0
2197,5,4.065299364905609,0.27564854163691255,0.0
2197,6,3.830992161513175,0.7236696205078319,0.0
2197,7,3.933650034118482,0.9092131806336567,0.0
2197,8,5.017203568291379,-1.4917884179109517,0.0
2197,9,3.6818590506599223,0.6947945486539062,0.0
2197,10,3.756662796520668,0.14010684823561181,0.0
2197,11,2.628051931558019,0.7380156506753734,0.0
2198,0,0.0,0.0,0.0
2198,1,0.7682080629526125,0.8679676968845935,0.0
2198,2,1.5896349442592808,1.8293381572903704,0.0
2199,0,0.0,0.0,0.0
2199,1,0.08909498757867962,0.9946211037497144,0.0
2199,2,-0.08956327918171858,1.3355818450674828,0.0
2200,0,0.0,0.0,0.0
2200,1,-0.1644453198716378,-0.6423049443400628,0.0
2200,2,-0.1527835592974215,3.575570843134521,0.0
2200,3,1.0451157220746952,2.3177205361774362,0.0
2200,4,1.2853950951096802,3.2438357918764043,0.0
2200,5,0.14369105990347353,2.774665227907993,0.0
2201,0,0.0,0.0,0.0
2201,1,0.0812150732860113,-2.3604500493438665,0.0
2201,2,-1.3522415270825352,0.2843548903558264,0.0
2202,0,0.0,0.0,0.0
2202,1,-0.46279631091638995,2.8413041823937233,0.0
2202,2,-1.8156175047941177,0.6920543317952228,0.0
2202,3,-1.8160469025814987,0.3935567831277475,0.0
2202,4,-3.0926762412841713,3.305511855609785,0.0
2202,5,-2.4550055785092946,1.7408033249102481,0.0
2203,0,0.0,0.0,0.0
2203,1,-0.5509272618329404,-0.6799401998601927,0.0
2203,2,-0.6156007405827137,-0.9475339600949348,0.0
2203,3,-0.8072141558683508,-0.6904065354683964,0.0
2203,4,-0.35507578113127103,-0.5140626122825565,0.0
2203,5,-1.6357337922986759,0.9567806193830863,0.0
2203,6,1.1930353653937136,-2.1987124908930045,0.0
2204,0,0.0,0.0,0.0
2204,1,-0.04175249778639467,-0.13421061008919644,0.0
2204,2,-0.520871119750421,0.08436317161270912,0.0
2204,3,2.3263804310365934,1.2996642678089703,0.0
2204,4,-0.6759732827126138,3.120170954855854,0.0
2205,0,0.0,0.0,0.0
2205,1,0.08474715618391071,-0.8596263917589188,0.0
2205,2,-1.9104052669426108,0.36549975349001823,0.0
2206,0,0.0,0.0,0.0
2206,1,-0.5878506565414316,-1.1455025093545288,0.0
2206,2,-1.7354728540854745,-0.7339466501189614,0.0
2206,3,-0.31244757232644166,0.326194054571436,0.0
2207,0,0.0,0.0,0.0
2207,1,-1.317496637626088,0.6437124530459839,0.0
2207,2,-0.6815087034254688,0.5861893929597226,0.0
2208,0,0.0,0.0,0.0
2208,1,-2.444899800201893,0.6855054332056534,0.0
2208,2,-2.3007786333366482,0.7933492899521712,0.0
2208,3,-3.1083525060843398,2.8376695795981326,0.0
2208,4,-3.6323823221162486,-1.260998660960802,0.0
2208,5,-3.3216760800102696,0.6057443482445786,0.0
2209,0,0.0,0.0,0.0
2209,1,-0.42221524182845294,-2.385516345422273,0.0
2209,2,0.7899594428023163,-3.2352216747551656,0.0
2209,3,1.1750144573266237,-1.4443136619936845,0.0
2209,4,1.3895537810168377,-1.0337076344594718,0.0
2210,0,0.0,0.0,0.0
2210,1,-1.5445781759556951,-0.5849587901919469,0.0
2210,2,0.9473949718921173,2.0146944509984164,0.0
2211,0,0.0,0.0,0.0
2211,1,-0.7243604552881546,0.23642836349988025,0.0
2211,2,-0.9462750654827954,1.9653570863088454,0.0
2212,0,0.0,0.0,0.0
2212,1,-2.028970316472959,-0.45002939324851665,0.0
2212,2,-0.6160797699501508,-0.7848195463479661,0.0
2213,0,0.0,0.0,0.0
2213,1,1.4156320293182583,0.06260046786433593,0.0
2213,2,1.6275403377500501,-0.47122468226238423,0.0
2213,3,3.8654742544724234,-1.1108716796909408,0.0
2213,4,3.9331642584578432,-2.524724662540553,0.0
2213,5,2.586433910617963,0.43775302755469436,0.0
2214,0,0.0,0.0,0.0
2214,1,-2.4761139593284764,-1.9381154060242731,0.0
2214,2,-0.9596657111320357,0.952426845400884,0.0
2214,3,-1.3506339104971188,2.7408384893616384,0.0
2214,4,-2.5038701643606927,1.8101218783844004,0.0
2215,0,0.0,0.0,0.0
2215,1,0.4076304174138057,1.150402445728114,0.0
2215,2,-2.1175358074881867,-1.206311749361249,0.0
2215,3,-2.9234522247321304,-3.236953839158896,0.0
2215,4,-4.159634045294011,-0.08949475315989863,0.0
2216,0,0.0,0.0,0.0
2216,1,-1.5123835056234365,-0.40302231234165975,0.0
2216,2,-0.317703574356917,-0.6510218232630076,0.0
2216,3,-0.6950166714066679,-3.0056093917215,0.0
2217,0,0.0,0.0,0.0
2217,1,1.4870375404394613,-1.196366179001506,0.0
2217,2,-0.14648908795386573,0.21643267775560004,0.0
2217,3,1.1063717202633223,-0.6840866154209523,0.0
2217,4,1.259951790332493,-1.076969066579934,0.0
2218,0,0.0,0.0,0.0
2218,1,-1.4580827855926957,-0.2985158913667142,0.0
2218,2,0.04202624264504551,1.6910918075080015,0.0
2219,0,0.0,0.0,0.0
2219,1,2.085339884803324,1.9347645914825784,0.0
2219,2,0.48490016435813377,3.1220759208018425,0.0
2220,0,0.0,0.0,0.0
2220,1,0.32661082593518975,0.007577370848335541,0.0
2220,2,2.2778040046155166,1.1374886143481822,0.0
2220,3,2.395642068960683,1.6517726552237135,0.0
2220,4,1.7685318906265217,2.181255842114985,0.0
2220,5,-0.2715998997046385,2.4066504061045135,0.0
2221,0,0.0,0.0,0.0
2221,1,-2.158639764311473,0.3518925690947118,0.0
2221,2,-2.0094359512836752,-0.027988064811681368,0.0
2221,3,1.3810822757037826,-2.5147309537927782,0.0
2221,4,-0.7205772183230269,-1.9022466890101093,0.0
2221,5,0.10058709624459264,-3.0381807061733137,0.0
2222,0,0.0,0.0,0.0
2222,1,0.30721693473906786,2.797708856731236,0.0
2222,2,1.024231240464755,1.641886444594405,0.0
2222,3,-0.9559703343387727,3.948834106487279,0.0
2223,0,0.0,0.0,0.0
2223,1,-2.8219508790979484,-0.5714574189123378,0.0
2223,2,-0.4560533923324961,-1.3889921999767854,0.0
2224,0,0.0,0.0,0.0
2224,1,-1.0207551809576796,1.3740660432937515,0.0
2224,2,-1.5518200040346397,1.8200175913859507,0.0
2225,0,0.0,0.0,0.0
2225,1,-0.6954543175820308,0.13835503018903683,0.0
2225,2,0.3690806325817774,-0.48798833462234037,0.0
2225,3,0.2788736251341936,1.7113105533749995,0.0
2225,4,1.0062967019278204,2.2486433953757916,0.0
2226,0,0.0,0.0,0.0
2226,1,0.7341444346016444,-1.6009764953391585,0.0
2226,2,0.43867803493050306,-2.7180478268782773,0.0
2227,0,0.0,0.0,0.0
2227,1,-0.914947997565775,-0.03556133000013517,0.0
2227,2,0.9220153816481065,-1.437513293607864,0.0
2227,3,1.899513633445999,-2.976549718344641,0.0
2228,0,0.0,0.0,0.0
2228,1,-0.996477134867173,0.33551213358435117,0.0
2228,2,-3.930374152986215,-1.7895252459530018,0.0
2228,3,-3.473961414928255,-0.7203831258125035,0.0
2228,4,-3.2097403100417967,-3.4331164089581914,0.0
2228,5,-1.498325418412843,-4.780209965042978,0.0
2228,6,-0.4279442595017413,-3.7028002828895654,0.0
2229,0,0.0,0.0,0.0
2229,1,-0.6185442275343096,-1.969949075697637,0.0
2229,2,1.0374291780254388,-1.8374495301775586,0.0
2230,0,0.0,0.0,0.0
2230,1,-0.45274457624685094,1.72366608381071,0.0
2230,2,-0.13541294924178682,0.7453744856332977,0.0
2231,0,0.0,0.0,0.0
2231,1,2.8968827871873475,-0.3603583449162524,0.0
2231,2,2.284382517756793,1.0425527252397746,0.0
2232,0,0.0,0.0,0.0
2232,1,0.0974583363806123,1.087542586541449,0.0
2232,2,-2.2530967733175857,1.6069574053214957,0.0
2232,3,0.2070011086562653,-0.4354407087371508,0.0
2232,4,-1.5156440104719697,0.48128573838948285,0.0
2232,5,-0.8367696458225595,1.1460240924450786,0.0
2232,6,-0.2847856107256048,-0.23155800784392389,0.0
2232,7,-1.4496801773202703,-1.5676124422614472,0.0
2232,8,-1.989451665195411,0.773321686134296,0.0
2232,9,-0.6867985719447108,0.10767623005577964,0.0
2233,0,0.0,0.0,0.0
2233,1,2.269713372669459,0.46023921157433634,0.0
2233,2,-0.5364771325952193,0.8259693017758345,0.0
2233,3,2.107471589883706,-0.642074088327389,0.0
2233,4,0.7516888341191488,-1.5586073790308523,0.0
2233,5,0.45522713578989715,-2.0857381682300358,0.0
2233,6,-0.4369524742433124,-1.8239409788163063,0.0
2233,7,0.1689506889196135,-1.7222013007327401,0.0
2234,0,0.0,0.0,0.0
2234,1,0.6633195992685434,0.7851149838890517,0.0
2234,2,0.43216324994847155,2.0374730782889037,0.0
2234,3,2.629352607725476,0.7478066976127848,0.0
2234,4,1.4570980315722732,1.1875053892614142,0.0
2235,0,0.0,0.0,0.0
2235,1,-0.10679403753001215,1.264170757460875,0.0
2235,2,-0.06495301535783415,0.5149725914618319,0.0
2236,0,0.0,0.0,0.0
2236,1,0.6834102123995298,0.233918746341772,0.0
2236,2,0.5197662700359942,-0.09442087217640749,0.0
2236,3,1.3992866149390149,-0.5504259394725994,0.0
2236,4,3.237586601275406,2.685778771864285,0.0
2236,5,0.6858053883580699,1.9105940715973104,0.0
2237,0,0.0,0.0,0.0
2237,1,-0.32900551620989127,-0.36523433221988016,0.0
2237,2,-0.34868584471308217,-1.0112203931736088,0.0
2238,0,0.0,0.0,0.0
2238,1,2.7483868413322683,1.631356256278471,0.0
2238,2,2.7797382446015404,5.394007897272793,0.0
2238,3,2.799603221641646,4.955714943473575,0.0
2239,0,0.0,0.0,0.0
2239,1,1.1702744327893786,0.3239948024321146,0.0
2239,2,1.2618675299173545,-2.044808593102207,0.0
2240,0,0.0,0.0,0.0
2240,1,-0.6665526263366615,0.33674952667283803,0.0
2240,2,-1.1347957942011329,0.9021858300515341,0.0
2241,0,0.0,0.0,0.0
2241,1,-0.3549192252346056,0.6243536510396548,0.0
2241,2,-0.9850492330600567,-0.5068036454341447,0.0
2241,3,-2.6632173920075384,0.8548279737253637,0.0
2242,0,0.0,0.0,0.0
2242,1,0.850811784619589,-1.7424301349126678,0.0
2242,2,2.133396418907604,0.21485095394777165,0.0
2243,0,0.0,0.0,0.0
2243,1,-0.7311765746681154,1.9539447692011305,0.0
2243,2,0.2673366342981649,1.5301390438177211,0.0
2243,3,-1.7849835920428023,3.1542885200490396,0.0
2244,0,0.0,0.0,0.0
2244,1,-0.389797514858095,0.8627883202898141,0.0
2244,2,-0.8689452393123375,1.7411728800681443,0.0
2245,0,0.0,0.0,0.0
2245,1,0.7703518263085288,-0.5616444159828318,0.0
2245,2,-0.8078742769246442,-1.2136183973423373,0.0
2246,0,0.0,0.0,0.0
2246,1,0.7903092891761822,1.7920489825989643,0.0
2246,2,1.6381454027803213,2.5371758464496077,0.0
2246,3,-0.7938668632186823,-0.443933466963337,0.0
2246,4,-0.24950824457655962,-0.7197442068032263,0.0
2246,5,-1.699570495961626,-0.7699573941538305,0.0
2246,6,-1.2705226809762178,1.9811099914363848,0.0
2247,0,0.0,0.0,0.0
2247,1,2.058075192571421,-0.8403773755307817,0.0
2247,2,1.6170295905830696,-0.3932780600280801,0.0
2248,0,0.0,0.0,0.0
2248,1,0.2022800428202176,0.4070586076169529,0.0
2248,2,2.0735085686082586,1.068377472807474,0.0
2249,0,0.0,0.0,0.0
2249,1,0.5470143749496238,-1.1627980050783426,0.0
2249,2,1.0102009711605588,-1.332013883008763,0.0
2250,0,0.0,0.0,0.0
2250,1,-3.2454485075481974,-0.6843855004025331,0.0
2250,2,-3.8304376680101964,-2.5026846892805272,0.0
2250,3,-3.490569628596651,-0.5975031831643062,0.0
2251,0,0.0,0.0,0.0
2251,1,0.41994608334154016,0.8849905244227323,0.0
2251,2,0.44172887331349625,2.1789444606159885,0.0
2252,0,0.0,0.0,0.0
2252,1,-1.923283010245314,1.6812810997390768,0.0
2252,2,-0.5616721658290326,0.9898631278830909,0.0
2253,0,0.0,0.0,0.0
2253,1,0.06411238074048706,-1.280661298860309,0.0
2253,2,-2.125777906860024,-2.3036744619176295,0.0
2253,3,-2.2015667782714234,1.3143045310167165,0.0
2253,4,0.6587403911410817,0.5592285084877844,0.0
2253,5,-1.7380496399721868,1.1736902855427525,0.0
2254,0,0.0,0.0,0.0
2254,1,0.3128585581505986,-2.480729710399287,0.0
2254,2,-0.8550380881259273,-0.006980932040671517,0.0
2255,0,0.0,0.0,0.0
2255,1,0.6175493269892753,1.2039054878904827,0.0
2255,2,-2.1827276933581365,0.9558036253132706,0.0
2255,3,-0.6346741303933903,-0.30823660221249904,0.0
2255,4,-3.105453959878839,0.30048362194801936,0.0
2255,5,-1.1887023053421442,-0.33742702922718626,0.0
2255,6,-0.7205699705911504,-0.6261267764995261,0.0
2256,0,0.0,0.0,0.0
2256,1,-0.6235352777317831,-0.7761213992122946,0.0
2256,2,-0.29314520580383996,0.47809538353880954,0.0
2257,0,0.0,0.0,0.0
2257,1,0.4748870480134141,0.9437837432520664,0.0
2257,2,0.539160655579883,0.8141711801664744,0.0
2257,3,-1.102829911963154,-1.2821161225551785,0.0
2257,4,-2.516072182835333,1.2041983670530245,0.0
2257,5,-0.525684277218265,-0.6610787214935163,0.0
2258,0,0.0,0.0,0.0
2258,1,3.0994853920203003,-0.08114905631022373,0.0
2258,2,3.2050435110242144,2.1449234219893634,0.0
2258,3,1.8471374855553435,1.1343916025382483,0.0
2259,0,0.0,0.0,0.0
2259,1,2.3744786801517854,2.096499074846255,0.0
2259,2,0.9671918004616622,-1.3339207387865557,0.0
2260,0,0.0,0.0,0.0
2260,1,2.0735019107358603,-1.5679248433216182,0.0
2260,2,-1.3187947268178153,-0.6548994426756327,0.0
2261,0,0.0,0.0,0.0
2261,1,0.9357239422211725,-0.16857321336442288,0.0
2261,2,-0.191975897030086,-1.0816622631739803,0.0
2261,3,-1.6444465803721195,-1.504234523212277,0.0
2262,0,0.0,0.0,0.0
2262,1,-1.3599184657644334,-3.220785955770365,0.0
2262,2,0.2587369011418654,-1.3900863931428962,0.0
2263,0,0.0,0.0,0.0
2263,1,-0.11529555520728918,-0.9093332182842353,0.0
2263,2,0.43863151503062503,1.033788025640106,0.0
2264,0,0.0,0.0,0.0
2264,1,0.30523301118988755,0.10277339276036485,0.0
2264,2,-1.712314485851635,-2.1297168158664475,0.0
2264,3,-1.1391605792165942,-2.6560162014028497,0.0
2265,0,0.0,0.0,0.0
2265,1,0.1212283039991392,0.2416975219323183,0.0
2265,2,-0.8336506220281691,-0.3454893455919654,0.0
2265,3,-1.4853815887723276,-1.7538645107441204,0.0
2265,4,-2.0656114723370553,1.623557936433686,0.0
2265,5,-1.3519040875998805,2.047716261402474,0.0
2265,6,-2.1176458072110025,1.363232178781261,0.0
2265,7,-1.118660046948952,1.9614278577869269,0.0
2265,8,-3.683976993943216,2.163074823780041,0.0
2265,9,-3.9644667924447736,1.2281154405046464,0.0
2265,10,-3.9412749014715702,2.1576951655199483,0.0
2265,11,-2.163542691117268,0.021221584876536914,0.0
2265,12,-3.5892575942785108,0.9892918444693303,0.0
2266,0,0.0,0.0,0.0
2266,1,0.005037427070970102,-0.40507766988180594,0.0
2266,2,-2.7385554406300088,-2.683718415775175,0.0
2266,3,0.3054634507966829,0.06385943312662601,0.0
2266,4,-0.358965909884182,0.9772319550940916,0.0
2267,0,0.0,0.0,0.0
2267,1,-0.986527897725551,1.5231988003577905,0.0
2267,2,-1.0857044140078713,-1.2941122760818238,0.0
2268,0,0.0,0.0,0.0
2268,1,-0.44508129336737756,-0.7385100796769741,0.0
2268,2,-0.45497999389430865,-0.7473869865021299,0.0
2268,3,-0.7707250432624078,0.3645247145626014,0.0
2269,0,0.0,0.0,0.0
2269,1,0.531071188543137,-0.6289542767727558,0.0
2269,2,1.1615586777390168,1.4091395220508367,0.0
2270,0,0.0,0.0,0.0
2270,1,-0.6194633560957625,-1.1449483071596624,0.0
2270,2,0.601758444574972,-0.03902490107792156,0.0
2271,0,0.0,0.0,0.0
2271,1,1.597258956548909,-0.30332155155299545,0.0
2271,2,-0.3833515757425292,-0.8229878612287165,0.0
2272,0,0.0,0.0,0.0
2272,1,0.5727528004855131,1.0048248104944073,0.0
2272,2,0.824577770102854,0.960303491744674,0.0
2272,3,-0.6182616935140388,-2.196780025926267,0.0
2273,0,0.0,0.0,0.0
2273,1,-1.1342726632361992,0.6706870812307953,0.0
2273,2,0.8867454535563615,-1.2025625275547003,0.0
2274,0,0.0,0.0,0.0
2274,1,0.7220167306442532,-0.15381442588814087,0.0
2274,2,0.26084563323665916,-1.9617080368984299,0.0
2275,0,0.0,0.0,0.0
2275,1,0.027023168675252673,0.06251552700727325,0.0
2275,2,1.290557907853684,-2.566798236131344,0.0
2276,0,0.0,0.0,0.0
2276,1,-0.13688613384854875,0.38614963415080195,0.0
2276,2,-1.4312611213600512,1.493061616177996,0.0
2276,3,0.6406778827938384,1.2732289471859752,0.0
2276,4,-0.5601955011507294,1.5908646974641114,0.0
2276,5,1.8007878177593566,2.8068690200718294,0.0
2276,6,0.20746015614333313,2.2231172903689496,0.0
2276,7,-1.0291032775989046,1.8738033808167647,0.0
2277,0,0.0,0.0,0.0
2277,1,0.5156636989233332,-1.7423575083459983,0.0
2277,2,1.0760152651797195,-1.106706104518047,0.0
2277,3,-1.3067150360733109,-1.1291599219378838,0.0
2277,4,0.4412112245912265,-0.19602788982996217,0.0
2277,5,-1.1931809751139173,-2.8346677044810824,0.0
2277,6,-1.2859398051399038,-0.09864603907538833,0.0
2278,0,0.0,0.0,0.0
2278,1,1.105232703754309,-0.07888296208359961,0.0
2278,2,-0.20974487791306018,-1.9211135878751635,0.0
2278,3,-1.2890339378971434,-2.118820834814748,0.0
2279,0,0.0,0.0,0.0
2279,1,1.856121385344436,-0.3710941941850529,0.0
2279,2,0.756520311928468,-1.0532576248004775,0.0
2280,0,0.0,0.0,0.0
2280,1,0.30279209048323974,0.18839229857710704,0.0
2280,2,-1.0333753526147107,1.9903715885938027,0.0
2280,3,0.2443640198063164,1.0226631880127703,0.0
2280,4,-1.5830187060333964,2.3410219949030364,0.0
2281,0,0.0,0.0,0.0
2281,1,-1.5666616730398188,-1.5350320560941282,0.0
2281,2,-0.8898760025081947,-0.5659412270238178,0.0
2281,3,-1.9377115431403675,-0.031853637023726386,0.0
2282,0,0.0,0.0,0.0
2282,1,1.2172763075792967,0.2830418252081152,0.0
2282,2,0.6867301855415486,0.9013355251819466,0.0
2282,3,1.153828526979109,-1.229536866759064,0.0
2282,4,0.3790547278564955,-0.08784068937593081,0.0
2282,5,-1.9892260092033682,-1.1257132867025113,0.0
2282,6,-0.27006239001924626,-0.057031362374504124,0.0
2282,7,-0.2311942629191701,-1.4878618192349666,0.0
2282,8,-1.2984420557481484,-1.3095433877974654,0.0
2283,0,0.0,0.0,0.0
2283,1,-0.25144514666355666,-0.4410178862722181,0.0
2283,2,1.1524017521538583,2.263361726892051,0.0
2284,0,0.0,0.0,0.0
2284,1,-0.7380076347883524,0.6758893570265098,0.0
2284,2,-1.2669588783649972,0.6748204142973252,0.0
2285,0,0.0,0.0,0.0
2285,1,-0.9688759080816434,-0.7529016974334056,0.0
2285,2,3.1678885829676524,0.705590924806195,0.0
2286,0,0.0,0.0,0.0
2286,1,-2.3669965347792785,-1.2297732379137067,0.0
2286,2,-1.9214666385570274,-3.0366223861438955,0.0
2287,0,0.0,0.0,0.0
2287,1,-0.8488744442072715,1.720474996874296,0.0
2287,2,1.464304331748969,2.213810962476252,0.0
2287,3,1.8601975453671757,3.9996704141307533,0.0
2287,4,2.327406516269077,5.831515498917673,0.0
2287,5,3.6769370184811274,7.183908437408996,0.0
2288,0,0.0,0.0,0.0
2288,1,1.0464776952645842,1.4448160374227208,0.0
2288,2,1.4563737815950355,0.37654857152473364,0.0
2288,3,3.8413387664129632,0.9244865728220716,0.0
2288,4,3.144801399867589,3.794464417951019,0.0
2288,5,2.177098010273781,0.7251204315450981,0.0
2288,6,3.2827151343013106,-0.8611758288991056,0.0
2288,7,4.121304078381099,-1.6368806180165059,0.0
2289,0,0.0,0.0,0.0
2289,1,-1.39633296103,2.712222540513413,0.0
2289,2,-3.4567234059776304,0.06647853718153396,0.0
2289,3,-1.8618119214501578,0.5797857585087889,0.0
2290,0,0.0,0.0,0.0
2290,1,-0.22881471574181705,1.251653721968599,0.0
2290,2,1.7833693957964656,2.131882974742504,0.0
2290,3,-1.9078210986646582,2.2119372781778006,0.0
2291,0,0.0,0.0,0.0
2291,1,-3.2636107405722647,-0.8419846734092362,0.0
2291,2,-2.532786655877098,-3.7672573522296458,0.0
2291,3,-2.1304312922924016,-2.8079345712017623,0.0
2292,0,0.0,0.0,0.0
2292,1,-2.6333661545986886,0.04412414996899522,0.0
2292,2,-2.0545170290083057,-0.5843266435399139,0.0
2292,3,-1.84011234905614,1.213907494644828,0.0
2292,4,-0.29204467394893857,-0.9727839236583518,0.0
2293,0,0.0,0.0,0.0
2293,1,-0.04281406746561167,-1.2131248791981606,0.0
2293,2,-0.15636148528581284,-1.198592625767218,0.0
2294,0,0.0,0.0,0.0
2294,1,0.9908184100450685,3.123400745519142,0.0
2294,2,-0.4320879393149273,1.8278912002839816,0.0
2294,3,-1.2147047185967361,3.1504795574779356,0.0
2294,4,-2.2143727685048775,3.2021781881587135,0.0
2294,5,-2.568048049373964,2.3621600991149108,0.0
2294,6,-0.8658823837270866,0.7487028816017937,0.0
2294,7,-2.2848312600691054,-0.5809972973761474,0.0
2294,8,-3.5843186577988173,1.752037429554222,0.0
2294,9,-1.5688797015555966,1.6921853096983797,0.0
2294,10,-1.2646316898029606,1.1712322890218165,0.0
2295,0,0.0,0.0,0.0
2295,1,-2.2040050266030002,1.0815347688695112,0.0
2295,2,1.5531365907824415,0.5746617065996258,0.0
2296,0,0.0,0.0,0.0
2296,1,-1.3598093139593062,-0.8242043471046346,0.0
2296,2,-1.7526953163576355,-1.6585577345387914,0.0
2297,0,0.0,0.0,0.0
2297,1,-0.13147142776409027,-0.8317240685653171,0.0
2297,2,-0.7761455733924543,-0.5934632101168125,0.0
2298,0,0.0,0.0,0.0
2298,1,0.3042652279745106,0.5109415167218833,0.0
2298,2,-0.25529387298462036,0.5428615967188114,0.0
2298,3,0.3156435905916388,1.3912426459445726,0.0
2298,4,1.2790720603708665,0.9595755141176191,0.0
2298,5,1.1166356891264326,1.33174570988287,0.0
2299,0,0.0,0.0,0.0
2299,1,0.4564688491198037,0.9762177515776976,0.0
2299,2,-0.7172970356123376,0.5588881347712054,0.0
2299,3,1.1989030409182726,0.468449068644344,0.0
2299,4,0.5539977950682096,1.2888987062852277,0.0
2300,0,0.0,0.0,0.0
2300,1,-0.7089449020508022,0.9661924554499117,0.0
2300,2,-2.974265578575756,1.2655031541789252,0.0
2301,0,0.0,0.0,0.0
2301,1,0.17498856629205362,-0.8388661392301439,0.0
2301,2,-1.239431026697972,-1.4888106883890169,0.0
2301,3,1.8293343262911126,-0.1936936280343612,0.0
2301,4,-0.026550819570081652,-0.32494696823705216,0.0
2301,5,0.447577578340965,-1.8154220347699495,0.0
2301,6,0.05049179578002083,-1.8678186537856702,0.0
2301,7,0.8520167354841562,-1.5036473890195015,0.0
2302,0,0.0,0.0,0.0
2302,1,2.6786732478744404,-1.777044541243742,0.0
2302,2,1.5174539017498134,-0.7928421087170308,0.0
2303,0,0.0,0.0,0.0
2303,1,-1.5643833761859651,-1.6157503839184775,0.0
2303,2,-3.8103796100454623,-1.3952731016824802,0.0
2303,3,-2.3180251382656376,-2.6224340718660306,0.0
2303,4,-4.138907198433884,-0.7541821334721546,0.0
2303,5,-3.5051496006619796,-0.557686531894295,0.0
2304,0,0.0,0.0,0.0
2304,1,0.5636444449594427,2.3479347693256423,0.0
2304,2,0.8339525370220382,2.322666666252562,0.0
2304,3,0.626533382043114,1.960932958688565,0.0
2304,4,-0.46578267963844144,1.8115775397134695,0.0
2304,5,-0.6740502775369914,0.6152409785171855,0.0
2305,0,0.0,0.0,0.0
2305,1,1.77710051676828,0.37566627653742446,0.0
2305,2,0.8956610885573822,-0.085242961318581,0.0
2305,3,0.5064846163887134,-2.112023583696073,0.0
2305,4,-0.5822778714064614,-1.1254401407336385,0.0
2305,5,0.7701872927679605,-0.08356054652874295,0.0
2305,6,1.8369765959570412,0.3189975001160093,0.0
2306,0,0.0,0.0,0.0
2306,1,-0.34618440873539824,0.6688259597445818,0.0
2306,2,1.0201943267484699,2.625873907548935,0.0
2306,3,3.002667467080551,1.5698482160748755,0.0
2307,0,0.0,0.0,0.0
2307,1,0.23278392730008812,-0.08594310607224642,0.0
2307,2,-0.31059697974530875,2.1574036422993745,0.0
2307,3,-0.3049786675986579,2.6400657555362024,0.0
2307,4,-1.9722777653701922,2.4056892258472495,0.0
2307,5,0.21766915329327885,2.7596163849032127,0.0
2308,0,0.0,0.0,0.0
2308,1,-0.2337609571592214,0.23401219388128136,0.0
2308,2,1.195653092017149,1.1925326722049594,0.0
2308,3,0.44559940683517496,-0.09176965070591003,0.0
2308,4,-1.4807558986782763,-0.1376933451282798,0.0
2308,5,-1.7000492755389371,-3.130266887189287,0.0
2309,0,0.0,0.0,0.0
2309,1,0.5938124584506539,-0.7650910305292331,0.0
2309,2,-0.9068694078449169,-3.2065959905147814,0.0
2310,0,0.0,0.0,0.0
2310,1,-2.4201313487907306,2.6211355521824875,0.0
2310,2,-0.6184586286468716,2.8963279883313096,0.0
2310,3,0.492899104041975,3.6913938936053454,0.0
2311,0,0.0,0.0,0.0
2311,1,1.809075141717057,0.7866618714383965,0.0
2311,2,2.3764903891964053,1.6241189015123423,0.0
2312,0,0.0,0.0,0.0
2312,1,0.13015140833123406,0.7772970714927427,0.0
2312,2,0.1872494186418081,2.4508217342117633,0.0
2312,3,-0.15767600847218088,-1.1990354064903972,0.0
2312,4,2.78739061615038,-3.006666735408426,0.0
2312,5,2.710785656573222,-1.9690669159865561,0.0
2312,6,3.694126982816467,-3.7963256425171257,0.0
2312,7,3.4648474542040444,-3.801501200257458,0.0
2313,0,0.0,0.0,0.0
2313,1,-1.7678190335077737,-0.9236462180363154,0.0
2313,2,-0.5787991470634251,-0.7197693360131275,0.0
2313,3,-3.023537955887171,-0.15708334323583345,0.0
2313,4,-0.34049128657133343,1.5214584073003092,0.0
2314,0,0.0,0.0,0.0
2314,1,0.2510651126763624,-1.0261526093947226,0.0
2314,2,0.25613163624803204,0.008233016749494837,0.0
2314,3,0.8807920238615818,-2.2923298519535686,0.0
2315,0,0.0,0.0,0.0
2315,1,0.520953044217636,-0.10305985992490463,0.0
2315,2,0.3367673278785641,-2.8168025956511418,0.0
2315,3,-1.5659634528955382,-2.833821607887759,0.0
2315,4,0.17009446158302866,-4.626208516473299,0.0
2315,5,-0.13750331734293098,-2.581420221330148,0.0
2316,0,0.0,0.0,0.0
2316,1,-1.2504015367965549,-1.9242602183764308,0.0
2316,2,-0.358909125146771,0.1032211801621219,0.0
2317,0,0.0,0.0,0.0
2317,1,0.41511777443564446,1.678812837070546,0.0
2317,2,0.22404141103594988,-0.7767152509103004,0.0
2317,3,3.470131927671393,-0.5849265062903928,0.0
2317,4,0.9980954958654977,-1.1946457880275032,0.0
2318,0,0.0,0.0,0.0
2318,1,-2.9467659884867907,1.0036751110368038,0.0
2318,2,-0.027183906586499162,0.34342297578994047,0.0
2318,3,1.2232342687300612,1.7040247508377981,0.0
2318,4,0.4187032722687385,1.3056620194657496,0.0
2318,5,0.33702185096384585,3.377846677516743,0.0
2319,0,0.0,0.0,0.0
2319,1,-0.3221701357352149,-0.5332832884580133,0.0
2319,2,-0.8211422812081983,-1.2357060587538646,0.0
2319,3,-1.847065750412425,-1.6150950377097797,0.0
2319,4,1.088375698503639,-4.457866556406095,0.0
2320,0,0.0,0.0,0.0
2320,1,-0.6118414035237649,-0.8290507200834124,0.0
2320,2,-2.145923439156917,0.0255676033121357,0.0
2321,0,0.0,0.0,0.0
2321,1,1.0873051022477964,-0.15636991407915057,0.0
2321,2,-0.8275997204756937,3.2916765560470034,0.0
2321,3,1.6077179085505902,0.8753814402124118,0.0
2321,4,3.579731272616952,1.271189567922369,0.0
2321,5,4.014349686060042,2.5604287426414256,0.0
2321,6,4.874095199746243,4.184447685806417,0.0
2321,7,3.2600295111443796,3.1385881551325086,0.0
2322,0,0.0,0.0,0.0
2322,1,0.6931987975419968,0.344691838649259,0.0
2322,2,0.25355612182178466,2.7674045839392476,0.0
2322,3,2.5926691685124483,2.622303192616432,0.0
2323,0,0.0,0.0,0.0
2323,1,0.18939619027456156,1.3120289490085422,0.0
2323,2,1.2962399621649943,0.9412645445184231,0.0
2324,0,0.0,0.0,0.0
2324,1,-0.9850100864425886,-0.19944485354565544,0.0
2324,2,2.4909235535140506,-0.09225018790882333,0.0
2324,3,1.5258536830499836,0.31096790605700986,0.0
2324,4,2.514018204405655,-0.3251200826707856,0.0
2324,5,2.157829306026555,0.14352620680576567,0.0
2325,0,0.0,0.0,0.0
2325,1,-1.6979573093583458,1.4288568335456016,0.0
2325,2,-1.5083712138643612,0.2399942102055217,0.0
2326,0,0.0,0.0,0.0
2326,1,1.0090613934705823,1.3695509606174567,0.0
2326,2,0.7450632822152699,1.8832778342698477,0.0
2326,3,-0.29482154983162356,1.1557949770103269,0.0
2326,4,0.8632718979848684,1.019275649809455,0.0
2326,5,1.8832783490961356,2.462683418364416,0.0
2326,6,1.4208890950346036,0.5233414029248618,0.0
2326,7,4.733968394529093,-0.9238192311879616,0.0
2327,0,0.0,0.0,0.0
2327,1,1.5158672990164304,0.33368005060572825,0.0
2327,2,1.8971024582306917,-0.504055711453165,0.0
2327,3,2.376784326944814,3.1651304995472733,0.0
2328,0,0.0,0.0,0.0
2328,1,-0.5439078540223733,-2.044823286136893,0.0
2328,2,0.16971437414965518,0.7892984518934374,0.0
2328,3,0.4641965341503931,0.9127870518456604,0.0
2329,0,0.0,0.0,0.0
2329,1,1.0118311556445163,-3.1602892277690073,0.0
2329,2,-1.6433530163218943,-2.580630575880747,0.0
2330,0,0.0,0.0,0.0
2330,1,-0.37368616395050286,-2.022344862897273,0.0
2330,2,-1.0098414584255269,-2.2615885921992938,0.0
2330,3,1.8240627667998215,-1.642404894012366,0.0
2331,0,0.0,0.0,0.0
2331,1,0.9341537920386394,0.00042839540089678607,0.0
2331,2,0.8319784779860817,1.4905563851080608,0.0
2332,0,0.0,0.0,0.0
2332,1,-0.33795061431307344,0.10183529304746175,0.0
2332,2,1.1747051302006908,-1.0339579368202678,0.0
2333,0,0.0,0.0,0.0
2333,1,0.8673343089327242,-1.8609899836904455,0.0
2333,2,0.10555237671132145,-0.7587901750057305,0.0
2333,3,-0.03591803912686192,1.1318042591131747,0.0
2334,0,0.0,0.0,0.0
2334,1,-1.2927396632219492,-0.15262127658889985,0.0
2334,2,-0.40440073360824,1.2948287493238946,0.0
2335,0,0.0,0.0,0.0
2335,1,0.6446302493198286,1.1984826502505572,0.0
2335,2,1.8585831970647737,-0.3810307047047419,0.0
2335,3,0.446021224361683,0.5254752604243478,0.0
2336,0,0.0,0.0,0.0
2336,1,0.4494337268671622,2.110938138628115,0.0
2336,2,0.6458921867373357,0.8356091185710041,0.0
2336,3,-0.2614901188074384,0.6946906198155084,0.0
2336,4,0.6795200362399509,1.4259462253231887,0.0
2336,5,0.9871596940298175,1.4507036163070364,0.0
2337,0,0.0,0.0,0.0
2337,1,1.218606674026861,1.9313277307362475,0.0
2337,2,-1.0515788410818774,1.7605857852305555,0.0
2337,3,-0.9766868010197544,0.7871188541773347,0.0
2337,4,2.1193295858802914,2.866906444940742,0.0
2337,5,0.17102027194293568,3.246686816632593,0.0
2338,0,0.0,0.0,0.0
2338,1,-1.8464378044832506,0.000992413424813543,0.0
2338,2,0.7013425064928729,-2.1209326483696773,0.0
2338,3,-0.15805693794379258,-2.7999831626804403,0.0
2339,0,0.0,0.0,0.0
2339,1,0.22490624500454118,0.9193188026944354,0.0
2339,2,-1.691210068523823,1.6995671130459111,0.0
2340,0,0.0,0.0,0.0
2340,1,-0.8681911311683213,-0.5055465060374374,0.0
2340,2,-1.8526352233942023,1.3099702778215991,0.0
2340,3,-1.0323228770047082,2.6502622449748827,0.0
2341,0,0.0,0.0,0.0
2341,1,0.08418665208665066,0.3646991449948309,0.0
2341,2,-2.5670900373451935,2.449368497858947,0.0
2342,0,0.0,0.0,0.0
2342,1,0.7248908255752452,-1.6073925635244615,0.0
2342,2,-0.7337267260006746,-1.8772015544683376,0.0
2342,3,-0.837201124333625,-2.113932601784774,0.0
2343,0,0.0,0.0,0.0
2343,1,-2.197370927511926,-0.629125062221949,0.0
2343,2,0.18458421289526572,-0.47294386377973185,0.0
2343,3,-1.0864568794849603,-0.3798924536997121,0.0
2343,4,-0.8949067436095273,-0.20982954034590648,0.0
2344,0,0.0,0.0,0.0
2344,1,0.9530410199093774,0.8745526521115341,0.0
2344,2,-0.1465855123179539,3.5810938671327164,0.0
2344,3,-1.6163888371987305,0.9405044839535361,0.0
2344,4,-0.5549903239359716,1.355939683231356,0.0
2345,0,0.0,0.0,0.0
2345,1,-3.663980302994539,0.07224081125344761,0.0
2345,2,-1.8170694974698756,1.5669972623854689,0.0
2346,0,0.0,0.0,0.0
2346,1,-1.5950148674218851,0.7987772877141891,0.0
2346,2,-1.471882251548324,1.4556439915818689,0.0
2347,0,0.0,0.0,0.0
2347,1,-1.3448347388850943,0.638652325457632,0.0
2347,2,0.7873299562405915,2.296992727541005,0.0
2348,0,0.0,0.0,0.0
2348,1,0.2977385368735044,3.2342943284307752,0.0
2348,2,-1.6785238118421955,1.955304690669202,0.0
2348,3,-1.1863577082202865,1.0344995730016828,0.0
2349,0,0.0,0.0,0.0
2349,1,2.4581297296716955,-0.7441606021650573,0.0
2349,2,1.2184937409292869,-0.9400374417353956,0.0
2349,3,0.6629353692885994,-0.7069162895907257,0.0
2349,4,-1.2082960715366025,1.1472079526411405,0.0
2350,0,0.0,0.0,0.0
2350,1,0.35085015031247363,-0.36529425926597914,0.0
2350,2,1.1569473620698298,0.9616818697452099,0.0
2350,3,0.798976057578096,0.5831622577630662,0.0
2351,0,0.0,0.0,0.0
2351,1,0.6518857081645655,1.655661003060055,0.0
2351,2,-1.0935967009932501,0.9372172178124465,0.0
2351,3,-1.2869874891958237,3.0333994955371164,0.0
2352,0,0.0,0.0,0.0
2352,1,-1.2412174208275508,0.8956080635161366,0.0
2352,2,-1.0290310847801825,1.6896747754858432,0.0
2352,3,1.306752568280848,-2.0098066716803658,0.0
2352,4,-0.6369096235910423,-1.9998486159620876,0.0
2353,0,0.0,0.0,0.0
2353,1,-3.133958176824317,1.4078282959913844,0.0
2353,2,-1.6404539420653,0.23992575710110975,0.0
2353,3,-2.4290391706004018,-0.9126075648396763,0.0
2353,4,-3.6400541783007685,-1.6339841172528402,0.0
2353,5,-6.1444685241601,-1.8130803651227518,0.0
2354,0,0.0,0.0,0.0
2354,1,1.6530914438367703,1.0372826767779886,0.0
2354,2,4.008867513895652,-0.6082960247034316,0.0
2354,3,2.942961438623337,0.9986254863129757,0.0
2355,0,0.0,0.0,0.0
2355,1,-0.33527655431648884,-0.044521668138828185,0.0
2355,2,0.26706706278156545,-0.03469598465476709,0.0
2355,3,-1.1334987906206637,3.1068873184830914,0.0
2355,4,1.443694780045958,2.0547019495496897,0.0
2356,0,0.0,0.0,0.0
2356,1,1.8490865004419166,2.223400921502025,0.0
2356,2,3.3583537571287927,1.5457106775922813,0.0
2356,3,4.163608234175936,0.43694846211507693,0.0
2356,4,2.571983348127694,-0.9409770694111554,0.0
2357,0,0.0,0.0,0.0
2357,1,1.1504782471765895,-1.4003499831819204,0.0
2357,2,3.064518546743455,-0.6118139126031296,0.0
2357,3,0.5719943149650487,-0.37111691403452585,0.0
2357,4,-1.330474194190828,-1.5645210903545874,0.0
2357,5,-0.8321827810779451,-1.6882456689499732,0.0
2357,6,-2.2354156113634547,-1.297058292023739,0.0
2357,7,-1.3137490136682501,0.41821957329265946,0.0
2357,8,0.30475750283157066,0.14083249286451638,0.0
2358,0,0.0,0.0,0.0
2358,1,-4.567438202018687,0.017618251928981143,0.0
2358,2,-3.00011704263746,1.1990736348759243,0.0
2359,0,0.0,0.0,0.0
2359,1,3.3999317255059562,0.1721818943691802,0.0
2359,2,4.60120654277098,0.23107417276013864,0.0
2359,3,4.5057328559264,-0.5371607749422802,0.0
2359,4,3.355598659446304,0.6499511795006492,0.0
2360,0,0.0,0.0,0.0
2360,1,-0.022688528067636993,0.19175680611298418,0.0
2360,2,0.6955199708074538,0.49836850719484893,0.0
2361,0,0.0,0.0,0.0
2361,1,0.9800590540792823,1.4532557461913957,0.0
2361,2,0.37002802480626173,0.6192898489679983,0.0
2361,3,0.9861924951578004,0.6067223505292954,0.0
2362,0,0.0,0.0,0.0
2362,1,-0.3933470955684113,0.693001725430874,0.0
2362,2,1.0190912581531935,-0.514348474468374,0.0
2363,0,0.0,0.0,0.0
2363,1,-0.882773260165177,-0.5158944256652569,0.0
2363,2,-0.1784249277240697,0.6775285620261363,0.0
2363,3,0.6774269259714935,-1.1936252915208971,0.0
2363,4,1.2705029773997967,-0.39112289397219047,0.0
2364,0,0.0,0.0,0.0
2364,1,1.8730900890204918,0.8294556975551071,0.0
2364,2,-0.14371606783678992,-1.4783871700166349,0.0
2364,3,2.5991098485030744,-0.311658513013368,0.0
2364,4,-0.6262821815913462,1.1808184975154423,0.0
2364,5,-0.41261963732443263,2.173433663323003,0.0
2364,6,0.3893747894610746,3.0982419303189577,0.0
2365,0,0.0,0.0,0.0
2365,1,1.2716908236490219,0.8440585760021888,0.0
2365,2,1.9561163618083013,2.0688525544842133,0.0
2365,3,-0.3031704989840298,2.4333974766693447,0.0
2365,4,-2.2299312129572324,1.190654627680401,0.0
2365,5,-2.1892469744955667,0.336913473165919,0.0
2365,6,-1.5964584301549616,2.41206908231634,0.0
2366,0,0.0,0.0,0.0
2366,1,-1.6777020123819044,0.7151691825017806,0.0
2366,2,-2.673527472483486,-0.2100603234743934,0.0
2367,0,0.0,0.0,0.0
2367,1,1.9965281490333167,-0.8581592517393484,0.0
2367,2,1.712270474831445,0.9734926684720754,0.0
2368,0,0.0,0.0,0.0
2368,1,-2.2673566788669692,0.13037823796235204,0.0
2368,2,-0.2520020201583959,1.8484776480973188,0.0
2368,3,-0.3423238365131791,0.6370859332167625,0.0
2368,4,0.02595604345344471,-0.5867759596781433,0.0
2368,5,-1.9954746441315727,1.8563349737810388,0.0
2369,0,0.0,0.0,0.0
2369,1,-1.0111868390731256,1.3863590202361251,0.0
2369,2,-0.17642278080196772,-0.02729386059486002,0.0
2369,3,0.7753716006735835,1.3478839313237192,0.0
2369,4,0.801723939258744,0.17962168900590017,0.0
2370,0,0.0,0.0,0.0
2370,1,-0.841932444147951,-3.131792176318494,0.0
2370,2,0.6484379789104602,-3.9647386009650356,0.0
2370,3,0.8229192653237261,-1.4531857805278137,0.0
2370,4,2.3846075731416176,-3.6603192517287737,0.0
2370,5,2.0366886145115073,-2.6767565817660364,0.0
2370,6,1.5774230753779197,-4.586466978786785,0.0
2370,7,2.3219507077231802,-2.6796778514441852,0.0
2371,0,0.0,0.0,0.0
2371,1,1.2802016792833109,-1.756325695785659,0.0
2371,2,0.15481684065163281,1.3943802033940134,0.0
2372,0,0.0,0.0,0.0
2372,1,0.563513730310299,1.4953862372807787,0.0
2372,2,1.2946735782277587,1.1020152164616777,0.0
2373,0,0.0,0.0,0.0
2373,1,-0.1753685158975382,-2.019109052136249,0.0
2373,2,1.8618711455800363,-2.686229041236491,0.0
2373,3,1.6504910223909284,-1.4599748833083521,0.0
2373,4,0.8445679239952657,-2.3968530920419244,0.0
2374,0,0.0,0.0,0.0
2374,1,0.8674166279091773,0.17881463079691917,0.0
2374,2,-1.2561838300652013,0.6392921032937755,0.0
2375,0,0.0,0.0,0.0
2375,1,1.8713663642107854,-0.05057162333966181,0.0
2375,2,-1.4982897148355026,-0.4921225243394029,0.0
2375,3,0.25281308444167294,0.8692718560235013,0.0
2375,4,2.2334086936971236,0.17471114724123454,0.0
2376,0,0.0,0.0,0.0
2376,1,0.2253533004834014,1.33396090319376,0.0
2376,2,0.2707034960319902,1.6508416026592094,0.0
2377,0,0.0,0.0,0.0
2377,1,-2.339420052258015,-0.35400705945982613,0.0
2377,2,-1.755923213528348,1.0597094577457453,0.0
2377,3,-3.3749907459176187,-0.28255924098183627,0.0
2377,4,-2.29550810199002,-1.333087312155334,0.0
2377,5,-3.093257992377371,-3.0902094382165637,0.0
2377,6,-2.54570913765789,-3.324090900142346,0.0
2377,7,-2.3872572166512853,-1.670189889481494,0.0
2377,8,-2.176854618103487,-2.0491994374317293,0.0
2378,0,0.0,0.0,0.0
2378,1,0.005231082683413768,-1.8724092389300182,0.0
2378,2,-0.537091850496417,-2.0899400915685766,0.0
2378,3,0.21327348523462486,-3.242300173317699,0.0
2378,4,-1.504166492937387,-2.0073281573116946,0.0
2378,5,-0.7501906542842264,-2.455144568943628,0.0
2378,6,-0.9481146864825217,-2.668229729676492,0.0
2378,7,-0.367204689393557,-2.5968956382348485,0.0
2378,8,1.5698576508642725,-0.40259363091645417,0.0
2378,9,2.284436165458126,-2.0913820510224688,0.0
2379,0,0.0,0.0,0.0
2379,1,1.3369025067369895,1.3489330306155323,0.0
2379,2,1.8439454023394668,2.0668333150958906,0.0
2379,3,0.7450369431304003,3.116466811543968,0.0
2380,0,0.0,0.0,0.0
2380,1,-0.2517487653225623,0.46975170762508184,0.0
2380,2,-1.015079974254613,1.825890140736738,0.0
2381,0,0.0,0.0,0.0
2381,1,-0.9188938431847549,-2.068488572706095,0.0
2381,2,-0.20068458892016783,-1.9783952856893898,0.0
2382,0,0.0,0.0,0.0
2382,1,0.5439886590224741,1.686586787649301,0.0
2382,2,1.7418925974590609,-0.27596227343776336,0.0
2382,3,-0.7311293339862668,2.1898107935236637,0.0
2382,4,-3.4170320090410664,-0.5789767585581367,0.0
2382,5,-0.9882778555395686,0.03548571672397394,0.0
2382,6,-2.132166035619592,-1.1815862652638307,0.0
2382,7,-2.4951484762817064,-0.782409972482609,0.0
2382,8,-0.20613053697000439,-2.0620164893951802,0.0
2382,9,-1.8228520463137965,-1.974082325169163,0.0
2383,0,0.0,0.0,0.0
2383,1,0.317427609589742,-1.394186378606098,0.0
2383,2,0.2107746123801309,-3.3094027328643585,0.0
2384,0,0.0,0.0,0.0
2384,1,-2.3802981110235333,-0.019828877152315183,0.0
2384,2,-1.0837627776828265,-1.681311126269282,0.0
2384,3,0.24948753063249107,0.27810231671161323,0.0
2384,4,-1.1163269773477653,0.36801872800841506,0.0
2384,5,-2.9033131670030308,1.5799434117294022,0.0
2385,0,0.0,0.0,0.0
2385,1,-0.682740889507671,0.38298473329687166,0.0
2385,2,-0.8926842343391842,-1.707454769301619,0.0
2385,3,0.35722553528843237,-2.948040818981048,0.0
2386,0,0.0,0.0,0.0
2386,1,-0.0832351904978994,0.2462877377827828,0.0
2386,2,-1.8110052452443097,0.6227439435114308,0.0
2387,0,0.0,0.0,0.0
2387,1,-1.1288233231494065,0.9621395786663794,0.0
2387,2,1.5741413082768156,-2.687569926523664,0.0
2387,3,1.2526382518787635,-2.828307331395881,0.0
2388,0,0.0,0.0,0.0
2388,1,0.13251088631024754,-0.5259054636357365,0.0
2388,2,-1.327486901212796,0.5576619841411434,0.0
2389,0,0.0,0.0,0.0
2389,1,0.19361831071734248,0.2320635288707886,0.0
2389,2,2.2256073952273665,1.0935873355071415,0.0
2389,3,-0.4941944727342622,2.512391178779747,0.0
2389,4,-0.5494630805725393,1.0321957192954652,0.0
2389,5,1.0940613985951786,0.9085994408038456,0.0
2389,6,1.7475063919653693,0.968627656026006,0.0
2390,0,0.0,0.0,0.0
2390,1,1.679107745824025,-1.8320501587170395,0.0
2390,2,0.6871450217148809,-4.538886353048752,0.0
2390,3,0.1927570452956845,-2.0597110234532927,0.0
2390,4,2.382538546571511,-1.6665923071516477,0.0
2390,5,0.6834032717425251,-3.6550137801079883,0.0
2390,6,2.019195625789613,-4.041479968420017,0.0
2391,0,0.0,0.0,0.0
2391,1,-0.9002348748359097,3.4009418667166447,0.0
2391,2,1.3719492826127753,-0.4469583641748547,0.0
2391,3,0.8854280119401543,-0.16751807883272596,0.0
2391,4,-1.0048861277828451,1.5683753865636407,0.0
2391,5,-1.8008915890454484,2.5583097922401823,0.0
2391,6,-2.813499127533275,1.293972826220952,0.0
2391,7,-1.963147677370158,2.8161822989688097,0.0
2391,8,-2.5347281461969757,2.3008407151421357,0.0
2391,9,-1.6238090016020656,2.925379341891619,0.0
2391,10,-2.5814438552419543,2.4383700771731602,0.0
2392,0,0.0,0.0,0.0
2392,1,1.8295175799258958,-0.4386623525957269,0.0
2392,2,3.252657127264796,-0.9317006736192106,0.0
2392,3,5.614247714062961,-3.366112287295631,0.0
2393,0,0.0,0.0,0.0
2393,1,-2.781885245916669,-0.6574206603571513,0.0
2393,2,-4.189466141821367,-0.48020665153733866,0.0
2393,3,-2.728125327596434,-0.32500878504708686,0.0
2393,4,-2.0599978468033173,-2.360032377111609,0.0
2393,5,-1.426653962021959,0.6273915473110141,0.0
2394,0,0.0,0.0,0.0
2394,1,1.066195257428088,-0.13481641949890538,0.0
2394,2,-1.5175364576375314,0.024859286259512337,0.0
2395,0,0.0,0.0,0.0
2395,1,0.0998234259420787,2.3534908592235717,0.0
2395,2,-1.1588579214635006,-0.8074113441511623,0.0
2395,3,-1.6304698568711147,0.6999465073493487,0.0
2395,4,-1.4238156640605932,2.184966980179256,0.0
2395,5,-0.7609372797416697,1.0620793119524814,0.0
2396,0,0.0,0.0,0.0
2396,1,-0.5625544230642516,-2.350308772446744,0.0
2396,2,0.12232954884623037,-2.774410728203894,0.0
2396,3,1.1481147602876742,-4.202301797419599,0.0
2397,0,0.0,0.0,0.0
2397,1,0.13988795139406207,0.18341071779360268,0.0
2397,2,1.7661660633796554,-0.6894387931215136,0.0
2398,0,0.0,0.0,0.0
2398,1,4.225806555594761,1.3750189683392608,0.0
2398,2,3.3769243807035902,-0.7453638869312373,0.0
2399,0,0.0,0.0,0.0
2399,1,-0.16121704592137176,0.30276573382019556,0.0
2399,2,0.5886490879745341,0.6214051163120569,0.0
2399,3,0.2962557047467569,-0.3586516457652704,0.0
2399,4,-0.7969303845240376,2.33518712415331,0.0
2399,5,-1.065841923062509,2.392706535789992,0.0
2400,0,0.0,0.0,0.0
2400,1,-2.7559233190413504,-1.5446104379218688,0.0
2400,2,-1.8746222368498453,-2.000187871642513,0.0
2400,3,-3.721690473223368,-1.460544598409254,0.0
2401,0,0.0,0.0,0.0
2401,1,-1.5245776089208631,3.953195169963134,0.0
2401,2,-1.1839727464572063,1.946691660040274,0.0
2401,3,-0.3799506758159341,2.2371721991137132,0.0
2402,0,0.0,0.0,0.0
2402,1,-1.3686022288136117,0.6443006523424526,0.0
2402,2,-0.05136930432109674,-1.7094600633820145,0.0
2403,0,0.0,0.0,0.0
2403,1,1.9734097905035455,0.1658528324468973,0.0
2403,2,2.0846273827171373,-1.017184628628434,0.0
2404,0,0.0,0.0,0.0
2404,1,0.3191818150924046,0.7921935481990925,0.0
2404,2,1.2951210693479933,-1.8922094891056833,0.0
2404,3,1.899604094240707,-2.1453177539823045,0.0
2404,4,4.717093825063489,-3.658437876150946,0.0
2404,5,3.723551549677224,-1.086609685107137,0.0
2404,6,2.3518485757026975,-0.11226712050228471,0.0
2404,7,2.2573978576562452,-0.7950846024143521,0.0
2404,8,3.9973411911040935,-2.845112591756397,0.0
2404,9,2.9468765838419446,-3.7451316661215563,0.0
2404,10,2.4524664094233337,-2.981086679384127,0.0
2405,0,0.0,0.0,0.0
2405,1,0.5156239239686615,-1.926313878118386,0.0
2405,2,2.3838319540524244,1.1013219031659525,0.0
2406,0,0.0,0.0,0.0
2406,1,1.2441101433509294,0.19086648581875165,0.0
2406,2,0.07791236450166328,0.3973484752279419,0.0
2407,0,0.0,0.0,0.0
2407,1,-1.4859421386115488,-0.6533618805715413,0.0
2407,2,-4.990758978978337,1.7155793508704464,0.0
2407,3,-2.3566263643051393,0.2665104607673896,0.0
2407,4,-2.8294303033602017,2.175209531930032,0.0
2407,5,-2.3196064916117294,0.06798703658020089,0.0
2408,0,0.0,0.0,0.0
2408,1,0.5031332241620294,0.20588974133504356,0.0
2408,2,-0.4216785756422732,-1.417761255952968,0.0
2408,3,-1.4569409870181966,1.141266171913374,0.0
2408,4,-0.4970794023629952,-0.6991151773806386,0.0
2409,0,0.0,0.0,0.0
2409,1,0.5352393823029092,0.42615225480750274,0.0
2409,2,1.0235874319542295,0.5178578067398796,0.0
2409,3,1.0786720783665311,1.3850435287037521,0.0
2409,4,2.097022880304357,1.7789649691406297,0.0
2410,0,0.0,0.0,0.0
2410,1,0.8591400852238452,2.3330291795854765,0.0
2410,2,0.33606828205216355,3.584719851066586,0.0
2411,0,0.0,0.0,0.0
2411,1,0.07681496197427218,2.286105408938291,0.0
2411,2,-1.1866698967463087,3.9204626983519453,0.0
2412,0,0.0,0.0,0.0
2412,1,-0.5561395149178527,-1.2520617376432988,0.0
2412,2,0.05077926167263147,-0.12017618512077943,0.0
2412,3,-1.4123452400286773,-1.9288965737432302,0.0
2413,0,0.0,0.0,0.0
2413,1,1.4343344764757526,1.2693698287147535,0.0
2413,2,2.720401806919023,0.16875270183383123,0.0
2413,3,3.6523510991047674,0.41542208190525015,0.0
2413,4,1.777490845303761,0.4078893371199634,0.0
2413,5,1.5695954914013224,0.08997002239733376,0.0
2413,6,1.7634286543964488,1.7957013749004216,0.0
2414,0,0.0,0.0,0.0
2414,1,-2.02626004552528,1.1243745977490005,0.0
2414,2,-0.30692280630413765,-0.15875662314820227,0.0
2415,0,0.0,0.0,0.0
2415,1,0.307193200507471,1.2503020309378632,0.0
2415,2,0.3809471529227778,2.9102649708021695,0.0
2415,3,2.054307078053632,3.6368707022334816,0.0
2415,4,1.5363554476005303,4.08781703676368,0.0
2416,0,0.0,0.0,0.0
2416,1,0.8628698714857118,0.8798212652954928,0.0
2416,2,1.2455100789922322,-1.0440105006121714,0.0
2416,3,3.1373111019497175,-2.3764732134596604,0.0
2416,4,-0.11122848958489762,-3.081309492150392,0.0
2417,0,0.0,0.0,0.0
2417,1,1.0144813657422653,0.20963847781475808,0.0
2417,2,-1.2718455135000322,-0.8611870767694546,0.0
2418,0,0.0,0.0,0.0
2418,1,1.8895760289540182,1.2839505351486806,0.0
2418,2,1.7768414230385754,0.6951403286341645,0.0
2419,0,0.0,0.0,0.0
2419,1,0.5638937288473398,2.1794596724666078,0.0
2419,2,3.1528965902764017,2.2296815532140086,0.0
2420,0,0.0,0.0,0.0
2420,1,-2.486127046576656,0.06633875766917496,0.0
2420,2,-2.237213616696973,0.12157322560769623,0.0
2420,3,-2.326828396381522,1.9089515399540256,0.0
2420,4,-1.900484245924271,3.6448226265261994,0.0
2420,5,-2.2023239618043746,3.245072777549481,0.0
2420,6,-0.9813942583273512,0.8200812408077467,0.0
2420,7,0.6906135350437654,0.12798818020268188,0.0
2420,8,-0.8316943952368752,1.7274352141404128,0.0
2421,0,0.0,0.0,0.0
2421,1,1.3703658529596456,-0.38257516115911083,0.0
2421,2,1.6978686241676364,-4.0336414562422975,0.0
2421,3,3.0166522798883935,-2.971973289794186,0.0
2421,4,3.5046073927913706,-1.0212126880113852,0.0
2421,5,0.869670180405298,-3.6341199411287954,0.0
2421,6,0.27717799229534634,-2.1535035429424596,0.0
2422,0,0.0,0.0,0.0
2422,1,-2.7528342179610696,1.4979381396304328,0.0
2422,2,-2.4080460168717215,-0.04783385944594659,0.0
2422,3,-1.7893631504168614,-1.0402056153301484,0.0
2422,4,-3.4542645458581935,0.10749238900609576,0.0
2422,5,-1.4816224225277739,-0.721831945361,0.0
2422,6,-1.9704879451321924,-0.4754172661935222,0.0
2423,0,0.0,0.0,0.0
2423,1,-0.08305760680194874,0.22820677782060825,0.0
2423,2,-1.7342607235941747,2.336192772388588,0.0
2424,0,0.0,0.0,0.0
2424,1,-1.5055521595355954,0.993478210075832,0.0
2424,2,-2.966465205861202,-0.7321322773184363,0.0
2424,3,-1.1417580322688925,-0.4747424799141524,0.0
2425,0,0.0,0.0,0.0
2425,1,-1.2768671251387065,-0.8633774889244324,0.0
2425,2,-1.503268860979395,0.1894532031232703,0.0
2426,0,0.0,0.0,0.0
2426,1,-0.6100796111461,-1.2688381083243128,0.0
2426,2,-0.5934269690358638,0.13651810072469783,0.0
2426,3,-1.2284705993248268,2.0306009213516942,0.0
2426,4,-3.1953909333055175,1.4435289894342804,0.0
2426,5,-2.0087974195512004,1.4670375647901035,0.0
2426,6,-3.135879337452745,1.110735674932076,0.0
2426,7,-3.0272020563413884,0.45865714097712385,0.0
2426,8,-3.2587703986422265,0.05404156645045077,0.0
2426,9,-4.2497205516597845,-0.052936199583404564,0.0
2426,10,-3.4748970664895404,-0.7090146014137699,0.0
2426,11,-2.4379866267959027,-0.01827207278227405,0.0
2426,12,-2.476833527586802,0.6364259097578859,0.0
2426,13,-3.728380272817338,1.7190526425234207,0.0
2427,0,0.0,0.0,0.0
2427,1,1.7246602920545278,-0.7980645467765419,0.0
2427,2,1.9620342670257718,1.657759276295924,0.0
2428,0,0.0,0.0,0.0
2428,1,-0.9488307214780852,-1.3451905224339828,0.0
2428,2,-0.6825763531620086,-1.296092148605497,0.0
2428,3,-0.25840784967654495,-0.9602249125254845,0.0
2428,4,-1.3385847211294954,-3.577335141656889,0.0
2428,5,-1.1307649677839136,-3.0919726723869,0.0
2428,6,0.3614862681231563,-3.3947269682065984,0.0
2428,7,3.8279053629205326,-1.1437902012517962,0.0
2428,8,2.334300744796171,-2.0130759452961975,0.0
2428,9,0.32197844823496036,-2.6954491794377176,0.0
2429,0,0.0,0.0,0.0
2429,1,-3.0634483624064655,-0.9193624201203336,0.0
2429,2,-1.819509978261273,-0.44203317112165613,0.0
2429,3,-1.8493757386522653,-0.9646035495267486,0.0
2430,0,0.0,0.0,0.0
2430,1,-1.5421262906358995,0.599447877055677,0.0
2430,2,-0.7093590003288638,1.7738748333170111,0.0
2430,3,-1.5360924372977278,2.018439442285128,0.0
2431,0,0.0,0.0,0.0
2431,1,-2.560259610535535,-1.4756402725259434,0.0
2431,2,-0.6948211267609801,1.533049889686097,0.0
2431,3,-0.26427969195372203,0.6567266884402068,0.0
2431,4,0.0922782523978618,-2.0140348996706776,0.0
2431,5,-1.8608352352178226,-0.761316021220963,0.0
2431,6,0.33150040343472154,-0.8122703099692677,0.0
2431,7,-3.279294622990901,-1.7180064103508372,0.0
2432,0,0.0,0.0,0.0
2432,1,0.7565233903708466,0.917491252006227,0.0
2432,2,0.7450081581057976,-0.4606316722752992,0.0
2433,0,0.0,0.0,0.0
2433,1,-0.33205912305633856,0.7084568544464747,0.0
2433,2,-2.4791641862803946,-1.1730129613765636,0.0
2433,3,0.4148585946061836,-1.5618499420175151,0.0
2433,4,-2.357042506582937,-0.7561479053856508,0.0
2433,5,-2.48352586091974,-0.6419802606189822,0.0
2433,6,-1.8219584715521746,-1.2045819531887934,0.0
2434,0,0.0,0.0,0.0
2434,1,-2.6437172916855527,-1.1754476613771419,0.0
2434,2,-0.5995291870340307,-2.4560357302893387,0.0
2435,0,0.0,0.0,0.0
2435,1,0.7588774062449881,-1.5132173809912812,0.0
2435,2,-0.9442935501226917,-1.983113790667954,0.0
2435,3,-0.5543850501434089,-2.3917055583969065,0.0
2435,4,-0.288335989405035,1.3291140260686811,0.0
2435,5,-2.734996427140255,0.47605316465469305,0.0
2435,6,-1.064870289539837,1.8966477059657423,0.0
2436,0,0.0,0.0,0.0
2436,1,-1.5236797665345054,-1.4107820439894865,0.0
2436,2,0.36781009038971746,-2.154535537971044,0.0
2436,3,1.4132833722286176,-3.100479565654109,0.0
2437,0,0.0,0.0,0.0
2437,1,1.7148265070201651,-0.6518498864561251,0.0
2437,2,-2.0261747651697504,0.04728860657050715,0.0
2438,0,0.0,0.0,0.0
2438,1,1.5679131324211752,-1.1542202926326521,0.0
2438,2,2.483816854567601,0.936390775230749,0.0
2438,3,3.7481565178211635,-0.5485253281198696,0.0
2439,0,0.0,0.0,0.0
2439,1,0.7588641915653587,-1.0420080390073176,0.0
2439,2,0.07260179129874089,-3.0090901086335746,0.0
2440,0,0.0,0.0,0.0
2440,1,0.5034425454453734,-1.920118474305894,0.0
2440,2,0.595953616778656,-0.43025567933962067,0.0
2441,0,0.0,0.0,0.0
2441,1,-1.3862902622404716,-0.1304164866851817,0.0
2441,2,-1.3233873534494338,-0.14726964135922338,0.0
2441,3,0.009333877795750456,1.8238784528527021,0.0
2441,4,-0.35455193099166904,2.5592765703052054,0.0
2442,0,0.0,0.0,0.0
2442,1,-1.6659211487396959,-2.1021276151052364,0.0
2442,2,-0.8372276680513503,-0.0633250051883176,0.0
2442,3,0.14335016256104346,0.22991388818734357,0.0
2442,4,-2.6929956463433147,2.7133404570341275,0.0
2442,5,-0.15211616712213985,0.6708735540056212,0.0
2442,6,-0.18348537964287326,1.6817761124579285,0.0
2442,7,0.193139046623333,-0.780381180385397,0.0
2442,8,-2.0604674698464063,1.741796833096458,0.0
2443,0,0.0,0.0,0.0
2443,1,-1.445584222971203,-0.6448735128721972,0.0
2443,2,-0.4441822958392575,0.27949542065391797,0.0
2444,0,0.0,0.0,0.0
2444,1,-2.4557455543178373,1.7130695322262088,0.0
2444,2,-2.8213958773249184,2.599600336113319,0.0
2445,0,0.0,0.0,0.0
2445,1,-0.7261357593716314,-1.2647069704808935,0.0
2445,2,0.05100098126900132,-2.8680921584853576,0.0
2445,3,0.09496230368703773,-1.0528883197450016,0.0
2445,4,-0.6099457875425071,0.9893126777493413,0.0
2446,0,0.0,0.0,0.0
2446,1,-0.31121810419390683,2.116522193170399,0.0
2446,2,-0.14559423810051664,0.3256202648220392,0.0
2446,3,0.479045380384532,0.2545109325951458,0.0
2446,4,-0.616382068506189,1.685821013460552,0.0
2447,0,0.0,0.0,0.0
2447,1,-3.036928947050672,-1.217311938945142,0.0
2447,2,-1.4652262926582502,-0.1462829741155906,0.0
2448,0,0.0,0.0,0.0
2448,1,1.6422181098743458,0.6775913887320453,0.0
2448,2,-0.3053719136696569,0.08153254775339153,0.0
2449,0,0.0,0.0,0.0
2449,1,0.6173313288884711,1.5044946582063858,0.0
2449,2,-1.2788792778479725,0.179388986315135,0.0
2450,0,0.0,0.0,0.0
2450,1,0.9581301625428911,1.4737259146277066,0.0
2450,2,1.4434164322763752,0.6735113789013732,0.0
2451,0,0.0,0.0,0.0
2451,1,1.7052651139512436,0.8530247052649684,0.0
2451,2,1.5224094424676062,1.9448447844187484,0.0
2451,3,1.0469905631774163,0.9051876562299436,0.0
2452,0,0.0,0.0,0.0
2452,1,-0.4745140507531391,-0.402870652448188,0.0
2452,2,-1.280900630046628,1.5151309900852357,0.0
2452,3,1.1269446593778312,-0.05696411965089432,0.0
2452,4,-0.27060225055815756,2.2628112582332793,0.0
2453,0,0.0,0.0,0.0
2453,1,2.2125071752807024,1.387715718587978,0.0
2453,2,1.2445752917536383,1.2775517245073753,0.0
2453,3,1.874734357962478,0.054112240746745144,0.0
2454,0,0.0,0.0,0.0
2454,1,0.6994912912505821,3.1598895510326557,0.0
2454,2,-0.4580079026040432,0.3949329035494765,0.0
2455,0,0.0,0.0,0.0
2455,1,-1.7383837135712992,0.8999304152196523,0.0
2455,2,0.5743268501018304,-0.48372076539958986,0.0
2455,3,-1.5226602521084454,0.9262397983063217,0.0
2456,0,0.0,0.0,0.0
2456,1,1.0021734822620283,-2.0868799048767057,0.0
2456,2,0.6717055162123884,-1.0588528227804426,0.0
2457,0,0.0,0.0,0.0
2457,1,-1.4815046377726762,1.316089951890351,0.0
2457,2,0.27764106959586754,0.9682984696395245,0.0
2458,0,0.0,0.0,0.0
2458,1,-0.2721558964646337,-0.792554558264659,0.0
2458,2,0.21850400551681515,-0.7692798508014811,0.0
2458,3,1.4992302305050895,-2.260639390324548,0.0
2458,4,-0.48768767803919133,0.006569351425240955,0.0
2458,5,1.2280385231861008,1.5776266351319417,0.0
2458,6,-0.5929531271191532,-0.4510081954716125,0.0
2458,7,0.021146061152152784,1.2487641310348487,0.0
2458,8,3.331387612820571,1.1642902554330155,0.0
2458,9,2.785835121996018,1.343679446329694,0.0
2459,0,0.0,0.0,0.0
2459,1,0.23367178087406115,-0.7612379072861755,0.0
2459,2,0.6345548840738855,-0.9508386336906212,0.0
2459,3,-1.1440883496177032,-1.667474507294333,0.0
2460,0,0.0,0.0,0.0
2460,1,0.07525638891942199,-0.038459162039395395,0.0
2460,2,3.217069062813626,1.8576646102631882,0.0
2460,3,3.694444585453003,2.2856825816046973,0.0
2461,0,0.0,0.0,0.0
2461,1,1.2973186369228118,-1.2350312629519757,0.0
2461,2,1.2570561353537975,0.7124834041505448,0.0
2461,3,0.5882455958745433,0.8381398438957444,0.0
2461,4,1.8522112537810336,-1.179676739362427,0.0
2462,0,0.0,0.0,0.0
2462,1,0.663143317371942,0.0649144548488918,0.0
2462,2,3.510294165756294,1.7034790665206554,0.0
2462,3,0.8123500249780444,3.7806384554584485,0.0
2463,0,0.0,0.0,0.0
2463,1,-1.0633907505876423,0.731400470368254,0.0
2463,2,-0.08798284770874609,1.8849326710108483,0.0
2463,3,-0.10665930454011496,3.7217055095179217,0.0
2463,4,0.6012281872885646,2.9216369446585078,0.0
2464,0,0.0,0.0,0.0
2464,1,2.146371423665605,-0.053947594131695725,0.0
2464,2,2.25146569226133,-1.3094693596529239,0.0
2465,0,0.0,0.0,0.0
2465,1,0.05393570924801225,-0.6106930307645948,0.0
2465,2,0.6496209389525327,-0.4911275383857359,0.0
2465,3,0.398638678456551,-1.133320694637969,0.0
2465,4,1.5640421636696804,-2.7439944604572974,0.0
2465,5,1.2312694739308163,-1.5030744670103924,0.0
2466,0,0.0,0.0,0.0
2466,1,0.4632705232985172,-1.3046094611774162,0.0
2466,2,-0.3206842498364997,0.8184486835312546,0.0
2467,0,0.0,0.0,0.0
2467,1,1.9010994736269375,0.5681310678522116,0.0
2467,2,-0.5064889515594468,1.9194196842921416,0.0
2467,3,0.48251850510198346,2.538783789715918,0.0
2467,4,-1.567897986483591,2.1433774938932295,0.0
2467,5,0.6159018111153751,-0.023058694862207796,0.0
2468,0,0.0,0.0,0.0
2468,1,-0.9467401465303305,0.6551402802741393,0.0
2468,2,-0.16438565570192384,-2.382608971288035,0.0
2469,0,0.0,0.0,0.0
2469,1,3.416195599703473,-0.33104622643764725,0.0
2469,2,3.9201618381943875,-1.2947280431460118,0.0
2469,3,2.857457833285285,-0.11377395218034381,0.0
2470,0,0.0,0.0,0.0
2470,1,-0.02541795434229077,1.3208712860096457,0.0
2470,2,0.15201003026373128,2.090980881383302,0.0
2471,0,0.0,0.0,0.0
2471,1,0.0016443188878574322,-0.9328735172372176,0.0
2471,2,-0.8347268332189473,-1.2378823198360922,0.0
2471,3,-0.6689102814806305,-1.5626007953913454,0.0
2471,4,-2.0149891546681546,-1.740577990413514,0.0
2471,5,-2.0704182182713087,-1.083452996032806,0.0
2471,6,-2.667728517518851,-0.800502451189345,0.0
2472,0,0.0,0.0,0.0
2472,1,-0.1327070070621803,1.0986093657899625,0.0
2472,2,1.8231925927453492,2.449563674566156,0.0
2473,0,0.0,0.0,0.0
2473,1,0.2988143840465647,2.4902696279414034,0.0
2473,2,0.6667068480944891,1.3178196363081114,0.0
2473,3,0.7286084685276732,-1.9655403991343134,0.0
2474,0,0.0,0.0,0.0
2474,1,-3.42213347887505,2.0112024310019865,0.0
2474,2,-4.428961316404938,3.0208806291911765,0.0
2475,0,0.0,0.0,0.0
2475,1,-1.9020899518280583,2.3574155805170522,0.0
2475,2,-1.5891273427494688,1.7579122038444934,0.0
2475,3,-1.6596801278431645,1.4682865478906821,0.0
2476,0,0.0,0.0,0.0
2476,1,0.40430006144820924,3.1211949063814353,0.0
2476,2,1.2147089702110527,2.7736880629786813,0.0
2477,0,0.0,0.0,0.0
2477,1,-0.17707920621002227,-1.014090287268182,0.0
2477,2,1.244488053621491,-0.8101453432229802,0.0
2477,3,-2.5096990833535138,-2.3345963066422115,0.0
2478,0,0.0,0.0,0.0
2478,1,-1.534144854556097,-0.38075939253663504,0.0
2478,2,-1.2150688773463958,-4.060847631619511,0.0
2478,3,-1.7758740743200252,-2.5609302669340144,0.0
2479,0,0.0,0.0,0.0
2479,1,1.383724693124625,1.96236351576031,0.0
2479,2,0.4232768014632742,4.565700686924854,0.0
2479,3,1.188816753158528,5.7043966416074205,0.0
2479,4,0.7409285976284008,3.976949686163711,0.0
2480,0,0.0,0.0,0.0
2480,1,-1.3780948907899104,-0.5621531925744642,0.0
2480,2,-0.4303300955584344,0.6900976464065905,0.0
2480,3,0.9213547420042771,-0.7523829790883448,0.0
2481,0,0.0,0.0,0.0
2481,1,-1.9108221193127317,-0.7563186007731276,0.0
2481,2,-2.418080103785924,1.333536391571927,0.0
2482,0,0.0,0.0,0.0
2482,1,1.3957278848137622,2.0610256235704685,0.0
2482,2,-0.2951216927594007,-1.1822829056383841,0.0
2483,0,0.0,0.0,0.0
2483,1,0.9158095532169387,1.4004621650797582,0.0
2483,2,-0.765283392991554,0.5030819611539878,0.0
2483,3,-1.5316348799472896,1.454388102848936,0.0
2483,4,0.8326157030572979,3.422315965368805,0.0
2483,5,0.4395488058673348,2.348220765884608,0.0
2483,6,-0.5153614982355605,2.6111569811042776,0.0
2483,7,-1.8914798070883156,2.2068201706315858,0.0
2483,8,-2.3603883658677636,0.830690321589712,0.0
2484,0,0.0,0.0,0.0
2484,1,-0.014378612507908617,0.39652392119976665,0.0
2484,2,-1.5127073458749547,-0.20773641496051165,0.0
2485,0,0.0,0.0,0.0
2485,1,-0.4493044324766366,-0.5492873701836383,0.0
2485,2,-0.7131034602812707,-0.5050737046573992,0.0
2486,0,0.0,0.0,0.0
2486,1,-0.316619813383725,1.8971847875893084,0.0
2486,2,0.9850456520461535,0.6476658192879008,0.0
2487,0,0.0,0.0,0.0
2487,1,-0.7297972935929709,0.5086690194541783,0.0
2487,2,-3.0632876728702483,1.3184325306265416,0.0
2487,3,-1.35521346855467,0.5768701945055597,0.0
2487,4,-2.155954214334276,0.2780467968813385,0.0
2487,5,-0.6645236148999238,0.4849099455731414,0.0
2487,6,1.3560096381151574,0.9064864573787885,0.0
2488,0,0.0,0.0,0.0
2488,1,1.6754878179083712,-0.18307252134402985,0.0
2488,2,1.4915759033368063,-1.5953118802422208,0.0
2489,0,0.0,0.0,0.0
2489,1,0.33619516077479217,-2.2069519930953705,0.0
2489,2,1.4500920685594312,-1.529243087432197,0.0
2490,0,0.0,0.0,0.0
2490,1,-0.5273807398963535,-0.18752172338821782,0.0
2490,2,-0.6933137383627695,-0.336162043641714,0.0
2490,3,0.06641853139653509,0.400594053769579,0.0
2490,4,-0.12790314291427862,-2.243451589026935,0.0
2490,5,2.4103941310878327,-0.9462671210482579,0.0
2490,6,0.7801140160447695,-0.37255163104020994,0.0
2490,7,1.1984431509075306,0.5662581403653856,0.0
2490,8,1.6009128757944886,-0.2078571418871541,0.0
2490,9,4.35500420003377,0.8583888123582052,0.0
2491,0,0.0,0.0,0.0
2491,1,-3.056790823895181,-0.9703125849301392,0.0
2491,2,-2.574685574945745,0.7066166441702543,0.0
2492,0,0.0,0.0,0.0
2492,1,-1.0818730450277656,-1.6226337093489103,0.0
2492,2,-0.6587200016678225,-0.24221865593516256,0.0
2492,3,0.8848819125008663,1.7524400447434925,0.0
2493,0,0.0,0.0,0.0
2493,1,-1.8460566532201872,1.8069332728850518,0.0
2493,2,-1.6520357208423384,2.7637322865450873,0.0
2494,0,0.0,0.0,0.0
2494,1,0.03743706988361806,-0.3493324332932799,0.0
2494,2,0.5524628326946476,0.7009434839354407,0.0
2494,3,0.5666422249106559,3.3759973069276397,0.0
2494,4,-0.36238171520071993,0.2083768086451272,0.0
2494,5,1.6283201054086276,1.0033590197151012,0.0
2494,6,2.0271110552644265,2.4963581890708513,0.0
2494,7,0.8415905905055158,1.6210166822463883,0.0
2495,0,0.0,0.0,0.0
2495,1,0.6725057136556967,-0.4780380214424431,0.0
2495,2,0.760235492687938,0.6394749420076942,0.0
2496,0,0.0,0.0,0.0
2496,1,1.3902710551259814,0.40162224617076747,0.0
2496,2,1.0849756247953268,1.5530825970541826,0.0
2496,3,-0.7074016087444663,2.572564985539003,0.0
2496,4,1.1761031242050817,0.7226429799611109,0.0
2497,0,0.0,0.0,0.0
2497,1,1.5501778569537685,-0.17274589621600622,0.0
2497,2,0.9635995697526705,-3.3146998950778332,0.0
2498,0,0.0,0.0,0.0
2498,1,-1.2260643539878298,0.12226915063228438,0.0
2498,2,-2.2329250165755306,1.603885607288249,0.0
2498,3,-1.474403180480734,0.9053517698590343,0.0
2498,4,0.03274927547255668,2.4048650712802058,0.0
2499,0,0.0,0.0,0.0
2499,1,-0.6464042115511598,0.8439482264317811,0.0
2499,2,-1.5006729063571402,1.5511906238049957,0.0
2499,3,-2.649460825617836,-1.0993038893540725,0.0
2499,4,-2.457130677388695,-0.7227458615779079,0.0
2500,0,0.0,0.0,0.0
2500,1,-0.10537948550803933,2.5680641660436456,0.0
2500,2,-2.5639203141627647,2.998165790341801,0.0
2500,3,-0.9753014688016276,3.4394186591433202,0.0
2501,0,0.0,0.0,0.0
2501,1,0.0013735173803004486,-0.12916683284542974,0.0
2501,2,-0.7217740436919018,0.3788060752871335,0.0
2502,0,0.0,0.0,0.0
2502,1,0.20344689048023162,1.2018517530124764,0.0
2502,2,0.9423723322899364,0.19433274843757564,0.0
2502,3,0.1388811349037185,-0.47648442431509785,0.0
2502,4,-0.6844359746719253,-1.4880275206092237,0.0
2503,0,0.0,0.0,0.0
2503,1,-0.542114289293032,-1.3454287622470362,0.0
2503,2,-2.6489158100504646,-0.2141942312507097,0.0
2503,3,-0.33046933918185584,-0.311036755527609,0.0
2503,4,-1.3412753159359312,0.18049023380398577,0.0
2504,0,0.0,0.0,0.0
2504,1,-1.1286717999022604,0.8532951585443267,0.0
2504,2,1.3190567541774358,3.4115608819499963,0.0
2504,3,0.6694458291050216,3.379420671461787,0.0
2505,0,0.0,0.0,0.0
2505,1,-0.6927315650655483,0.17264544861037434,0.0
2505,2,0.8661408367863732,1.3461652196329716,0.0
2505,3,0.4416360136375608,-0.20146784514938987,0.0
2505,4,0.3421317378766733,0.49694561224109113,0.0
2505,5,2.3456660135910714,0.7064789869511474,0.0
2505,6,1.8889307172226117,0.08776947051086226,0.0
2506,0,0.0,0.0,0.0
2506,1,0.4943143682526805,1.1777366055326637,0.0
2506,2,-1.7792326312229192,-0.3297581940788153,0.0
2506,3,0.11886432092738353,-0.5032255222816393,0.0
2506,4,0.4455546619968938,-2.45640520868098,0.0
2506,5,2.5664040847405665,-1.1106697643365684,0.0
2507,0,0.0,0.0,0.0
2507,1,-1.0529408507980047,1.5655433898302198,0.0
2507,2,-1.2689076185203492,-0.5712125742016354,0.0
2507,3,0.4713958885373246,2.036936476056002,0.0
2508,0,0.0,0.0,0.0
2508,1,0.1154906109968977,-0.22276256793782903,0.0
2508,2,0.2891528896801818,-0.12114103855022335,0.0
2508,3,1.301849123912897,-1.0343216589546413,0.0
2509,0,0.0,0.0,0.0
2509,1,1.531889142793763,1.9686184462785548,0.0
2509,2,3.5591592083862915,2.665199143294344,0.0
2510,0,0.0,0.0,0.0
2510,1,-1.3667056604746168,-0.12617911980789565,0.0
2510,2,-3.271049336552516,0.3895455491044646,0.0
2510,3,-0.34643589757412707,-1.609707355872421,0.0
2511,0,0.0,0.0,0.0
2511,1,0.3226059147573417,-0.40495360679198367,0.0
2511,2,-0.14970702383947931,-3.4791574840714925,0.0
2511,3,0.788557609464105,-1.620240839025631,0.0
2511,4,-1.1911846012552663,-4.355845845232892,0.0
2511,5,0.20426653356727442,-3.0162493244330673,0.0
2511,6,-0.5428992372566741,1.1841716631139825,0.0
2511,7,-1.9348563914363175,-0.8346986649581019,0.0
2512,0,0.0,0.0,0.0
2512,1,-1.375933521152929,-0.709472353243231,0.0
2512,2,-0.6245112075688507,-2.13429554647905,0.0
2513,0,0.0,0.0,0.0
2513,1,0.4786709095713779,-0.5225436595523059,0.0
2513,2,-1.512521390406998,0.893871825446789,0.0
2514,0,0.0,0.0,0.0
2514,1,1.9217852471127759,-1.5085669488641094,0.0
2514,2,2.5477772375904366,0.883716345263077,0.0
2514,3,2.4644593233503054,2.415492815965925,0.0
2514,4,1.3844840431372178,-1.3539095091595343,0.0
2514,5,3.649337011899518,-1.7499031041011408,0.0
2514,6,2.8834153798248128,-3.9064573769431847,0.0
2515,0,0.0,0.0,0.0
2515,1,-1.3231190678928761,1.2259480101901108,0.0
2515,2,-0.15334892658238686,0.941357579317085,0.0
2516,0,0.0,0.0,0.0
2516,1,0.06998740691775507,-0.10791385730471015,0.0
2516,2,0.22245989891090112,0.3923319250754717,0.0
2516,3,0.464395906764937,-0.6804166682148413,0.0
2517,0,0.0,0.0,0.0
2517,1,-0.5520349271209364,1.7632988039321589,0.0
2517,2,0.6518303250666113,-0.6448936236874894,0.0
2517,3,2.1907559546908235,-1.1684752613189793,0.0
2517,4,-2.76158567127493,-2.8085200729742694,0.0
2518,0,0.0,0.0,0.0
2518,1,1.195279366783996,0.5858546520595769,0.0
2518,2,-0.4721713635715925,0.3973050987719138,0.0
2518,3,-0.22541811966777292,-0.782031225846263,0.0
2518,4,-1.704493044553392,0.2544191035713199,0.0
2519,0,0.0,0.0,0.0
2519,1,0.44986242499057055,3.9397407900858235,0.0
2519,2,-0.18972264777709125,1.94619619534907,0.0
2519,3,0.47740507997280435,3.107278126930863,0.0
2519,4,1.6949278075290846,3.03793494698282,0.0
2519,5,1.8398898479268333,3.9784102824814322,0.0
2520,0,0.0,0.0,0.0
2520,1,0.22522068518577854,-0.714787140082406,0.0
2520,2,0.33023718687391046,-2.038780900314681,0.0
2520,3,0.08948781022051078,-0.91650559563428,0.0
2521,0,0.0,0.0,0.0
2521,1,1.3022180509239845,0.9501492856326474,0.0
2521,2,1.4193162317468297,-0.615015208895419,0.0
2522,0,0.0,0.0,0.0
2522,1,2.8760279358912206,-0.9886563215883813,0.0
2522,2,3.947509706635408,-2.477625176030717,0.0
2522,3,1.490942242678845,-2.4422615480830077,0.0
2523,0,0.0,0.0,0.0
2523,1,-0.5692684044579979,0.9359698789291807,0.0
2523,2,0.11272946488152114,-1.0602899782076394,0.0
2524,0,0.0,0.0,0.0
2524,1,1.05890668057888,-1.2122869954100013,0.0
2524,2,0.825921076623546,-2.9434447584044996,0.0
2525,0,0.0,0.0,0.0
2525,1,2.8677555198496014,-0.3377909808238936,0.0
2525,2,3.0824990616867445,0.7077223885159435,0.0
2526,0,0.0,0.0,0.0
2526,1,-0.7788578774715209,0.8207952914088823,0.0
2526,2,-1.6864318889718997,-1.809182118409105,0.0
2526,3,-0.7566181474801406,1.1791633359013134,0.0
2526,4,-0.991457977241367,-0.5400086465199831,0.0
2527,0,0.0,0.0,0.0
2527,1,0.06527752509123463,1.262829995936145,0.0
2527,2,-0.92172023508332,-0.8492235418243399,0.0
2527,3,-0.495556302000824,-1.0661803539073689,0.0
2527,4,-0.6252995274342283,-0.8938147590382964,0.0
2528,0,0.0,0.0,0.0
2528,1,1.3471205123525605,0.20784101867809057,0.0
2528,2,1.4179001291017024,-2.036572804872062,0.0
2528,3,0.6516897161966526,-3.5179513321750093,0.0
2529,0,0.0,0.0,0.0
2529,1,2.8576906414374195,-1.5831932358356064,0.0
2529,2,1.615896566939611,-0.18684714760029975,0.0
2530,0,0.0,0.0,0.0
2530,1,0.44169174862213056,1.0225179762644427,0.0
2530,2,-0.8112253715700228,1.7172683612260324,0.0
2530,3,0.9263075751220402,0.6354982255447762,0.0
2530,4,2.5814728543913956,0.16447708044516496,0.0
2530,5,3.54453368854307,0.24231669441904313,0.0
2530,6,2.9846605465286746,0.5641584901877935,0.0
2531,0,0.0,0.0,0.0
2531,1,3.1909429120571957,-3.161148221650592,0.0
2531,2,-0.6670886717983705,-1.9966550887768142,0.0
2531,3,0.3479624994331324,-2.691177132450703,0.0
2531,4,-0.17864741530508502,-2.2949812489823835,0.0
2532,0,0.0,0.0,0.0
2532,1,-0.060716908859508145,-1.6458795047324737,0.0
2532,2,1.2757122163972432,-2.5930642743685466,0.0
2532,3,-0.26891590024573186,0.32551300070119393,0.0
2533,0,0.0,0.0,0.0
2533,1,-1.131358100867897,1.5555647377296544,0.0
2533,2,0.134822122872565,2.1743953284379227,0.0
2533,3,0.05274962883807799,1.6922071332976432,0.0
2533,4,0.3003189090369893,2.235007929330828,0.0
2534,0,0.0,0.0,0.0
2534,1,-1.2042290673977087,0.370759289407665,0.0
2534,2,-0.8361865245004794,-0.5422641399951666,0.0
2535,0,0.0,0.0,0.0
2535,1,1.0891578109615663,-0.9075058352828314,0.0
2535,2,3.0152173839696417,-0.6198310280394153,0.0
2535,3,2.723199131939121,-0.5492370631953183,0.0
2536,0,0.0,0.0,0.0
2536,1,-0.47770839190659053,-0.02678173032883524,0.0
2536,2,-0.4851644217426627,0.8485171115306924,0.0
2537,0,0.0,0.0,0.0
2537,1,-0.07044246712316493,-1.3872509477215136,0.0
2537,2,-0.11246918841614661,2.6205586062422714,0.0
2538,0,0.0,0.0,0.0
2538,1,1.7643368203100036,-0.419693266713391,0.0
2538,2,3.1946286950368346,-0.2779024251294187,0.0
2538,3,2.212330578729644,-0.9738327835684237,0.0
2538,4,3.23186998352987,-2.5445678558642406,0.0
2538,5,2.947953727441733,-1.4577165009450075,0.0
2538,6,2.886383378034314,-0.3530062427225294,0.0
2539,0,0.0,0.0,0.0
2539,1,1.2339862739507717,-1.6228717048815702,0.0
2539,2,3.8221130013711555,-2.4306344400522306,0.0
2539,3,2.47072820566302,-4.233247986088937,0.0
2539,4,5.41802680258509,-2.3426500607543175,0.0
2539,5,3.5384830363925266,-4.21309131481221,0.0
2539,6,2.855183743191433,-3.899847350759858,0.0
2539,7,5.271335419422396,-2.924086394114938,0.0
2539,8,2.5725389309060316,-2.7573240137110124,0.0
2540,0,0.0,0.0,0.0
2540,1,-0.11180258415321825,0.35199299271032397,0.0
2540,2,-2.7549871168293008,0.5685838395890943,0.0
2540,3,-1.2649844134462884,1.324013528101145,0.0
2541,0,0.0,0.0,0.0
2541,1,0.13554218308409993,-0.9868806161258091,0.0
2541,2,1.259626208007996,-0.45914096971182705,0.0
2541,3,1.3765313931431686,-0.4814356111698451,0.0
2541,4,-0.47291189839285863,-1.6904941965206748,0.0
2541,5,-0.5197359961745478,0.665100317208603,0.0
2541,6,0.7068190995034207,-0.35207132120394014,0.0
2541,7,2.4001992577826434,2.7725427728955983,0.0
2541,8,-1.6355999571107849,0.7970547528449035,0.0
2541,9,-1.7901535008895535,-0.6157022387181847,0.0
2542,0,0.0,0.0,0.0
2542,1,-1.633435330161947,-0.011627488666194452,0.0
2542,2,0.5326835796221654,0.8533600692773537,0.0
2543,0,0.0,0.0,0.0
2543,1,-1.3185686459534673,-1.3934254050108645,0.0
2543,2,1.3272476785505802,-2.7216869350590986,0.0
2543,3,-1.0261065050463023,-0.7697232238906767,0.0
2544,0,0.0,0.0,0.0
2544,1,3.6434869583170273,1.2035740361283405,0.0
2544,2,2.296885356535633,1.2245387875389866,0.0
2544,3,1.227257116004926,3.6340743490606036,0.0
2545,0,0.0,0.0,0.0
2545,1,1.395645352461627,-1.154344834549606,0.0
2545,2,3.9285826723154154,-2.1728308180429954,0.0
2545,3,1.4116621501292501,0.06637848700920206,0.0
2545,4,2.8434726719898933,0.2326033938384911,0.0
2546,0,0.0,0.0,0.0
2546,1,-0.9835599006156024,0.6392309794397835,0.0
2546,2,-0.579961318068954,2.0617271192048037,0.0
2547,0,0.0,0.0,0.0
2547,1,1.2961211140065982,-1.8232902990787951,0.0
2547,2,1.3372384260732204,-0.06161055545605354,0.0
2548,0,0.0,0.0,0.0
2548,1,0.7606764260301078,-0.032359876038653645,0.0
2548,2,2.56527602590608,-1.1225417751611402,0.0
2549,0,0.0,0.0,0.0
2549,1,-1.8587834836341466,1.0359259501730058,0.0
2549,2,-0.8337856024132718,0.590889503955246,0.0
2549,3,-0.12236308788951808,0.28887743007642674,0.0
2549,4,1.4040811589330908,1.7905831613026302,0.0
2549,5,0.5157774791110085,-0.1156144973351172,0.0
2550,0,0.0,0.0,0.0
2550,1,-1.0114895398741548,-0.931748298459739,0.0
2550,2,-0.4485679813498018,-2.0480430033219093,0.0
2550,3,-0.9883619104680575,-3.418140926252183,0.0
2550,4,-1.0123187057674325,-3.9337636210125875,0.0
2550,5,0.5116133949102456,-5.456000982344135,0.0
2551,0,0.0,0.0,0.0
2551,1,-3.021229195216089,-1.1691861133923112,0.0
2551,2,-1.0467116124757239,-1.12157510985795,0.0
2552,0,0.0,0.0,0.0
2552,1,0.11534744247160991,-2.3327419129306,0.0
2552,2,0.44336127578798146,-1.2336740225414966,0.0
2553,0,0.0,0.0,0.0
2553,1,0.5893001071494879,1.0856108899425114,0.0
2553,2,1.0008897093659657,1.6289226857648682,0.0
2553,3,2.0891019183168584,-0.7866820381250125,0.0
2553,4,0.9872413404921925,1.1426782108381985,0.0
2553,5,-1.49352558386521,0.9681550112433773,0.0
2553,6,-0.9805832975005475,0.6801698264314299,0.0
2553,7,0.5539586240861933,2.8554197866312467,0.0
2554,0,0.0,0.0,0.0
2554,1,1.0230308403706172,-0.031250135226694856,0.0
2554,2,-0.6860162706539241,0.01819971257959979,0.0
2555,0,0.0,0.0,0.0
2555,1,1.26710862965727,-0.799528758668552,0.0
2555,2,2.112378205531389,0.2498462004842743,0.0
2555,3,0.49850215919193674,1.88449940895709,0.0
2555,4,3.0653530786239527,0.7520404891718053,0.0
2555,5,1.6865135735990313,-2.1478856234663195,0.0
2555,6,2.615969048324039,-1.3542320012752196,0.0
2555,7,-0.1879574792354528,-0.35629997076871023,0.0
2555,8,1.060343240121714,0.14734560035287858,0.0
2556,0,0.0,0.0,0.0
2556,1,0.8033660163409708,0.2911555986947546,0.0
2556,2,-0.13977851062082136,1.9572998148454115,0.0
2557,0,0.0,0.0,0.0
2557,1,-0.2480818603961643,2.916588457458026,0.0
2557,2,1.220488124946323,2.788716655244176,0.0
2558,0,0.0,0.0,0.0
2558,1,-2.0787005223975172,-1.125326430147617,0.0
2558,2,-3.4606668714877746,0.5042765678282972,0.0
2558,3,-4.520997553859791,-0.23568852918407268,0.0
2558,4,-6.19749687871373,0.5517577216225429,0.0
2559,0,0.0,0.0,0.0
2559,1,1.451773411158699,-0.2723733618669396,0.0
2559,2,2.233400421322211,1.024450374609243,0.0
2559,3,1.3994841109905702,1.2420587295336805,0.0
2559,4,0.362103104096989,4.166676236541432,0.0
2560,0,0.0,0.0,0.0
2560,1,-1.226731802501352,0.2544705494786928,0.0
2560,2,-0.3594439357152406,-0.5040429444228427,0.0
2560,3,-3.255746533504562,-1.7380843767431302,0.0
2560,4,-3.319785294123897,-1.8555983698157585,0.0
2560,5,-2.1004089635715357,-3.5782817983069295,0.0
2560,6,-1.8946423651883806,-1.0125383897304037,0.0
2560,7,-4.36073492452579,0.7639650241777767,0.0
2561,0,0.0,0.0,0.0
2561,1,1.915479025353479,-1.8126742945184047,0.0
2561,2,1.803400874975669,-2.0104908717751577,0.0
2562,0,0.0,0.0,0.0
2562,1,-0.9094272897390239,-1.9486985747189212,0.0
2562,2,-0.7113672147909564,-0.6362107111672133,0.0
2562,3,0.373853111809646,-0.2440886798471178,0.0
2563,0,0.0,0.0,0.0
2563,1,-1.4920226120715427,1.1039412157108808,0.0
2563,2,-0.5818101716335173,-0.07520461845032236,0.0
2564,0,0.0,0.0,0.0
2564,1,0.9079397031584733,1.3000559069653657,0.0
2564,2,1.482113390678474,2.529314980526749,0.0
2564,3,1.9802940641625104,2.998016580205399,0.0
2564,4,2.290191010840552,5.667969773851574,0.0
2565,0,0.0,0.0,0.0
2565,1,1.5749383384812115,-0.12829683375843293,0.0
2565,2,0.577173628428576,-0.7444694412424848,0.0
2565,3,2.212009421262027,-1.499056530183216,0.0
2566,0,0.0,0.0,0.0
2566,1,0.8850336112672634,0.5858242908359954,0.0
2566,2,0.8749357564129434,0.302293983091523,0.0
2566,3,2.001428289494599,-1.787948362350145,0.0
2567,0,0.0,0.0,0.0
2567,1,-0.5761668861437541,-0.12833829634321148,0.0
2567,2,0.8753893693770116,-2.675813092368468,0.0
2568,0,0.0,0.0,0.0
2568,1,0.2604879829274943,0.3003899701727549,0.0
2568,2,0.7125507725900317,-0.24782466365478473,0.0
2568,3,1.5196965026114146,0.7528459738972672,0.0
2569,0,0.0,0.0,0.0
2569,1,1.8667977065962618,1.0787200131465635,0.0
2569,2,2.7290853711388214,1.1899374118270645,0.0
2569,3,5.549202057799403,0.13854820515926203,0.0
2569,4,2.94684229862071,0.36757872379741885,0.0
2570,0,0.0,0.0,0.0
2570,1,0.5109833601506282,-1.9970224617069146,0.0
2570,2,-0.2736259306550515,-0.764960238744419,0.0
2570,3,1.942178096560122,-0.8693057791339429,0.0
2570,4,4.953386047415731,-2.575150120345901,0.0
2570,5,3.6211153024527087,-2.202048541774289,0.0
2570,6,2.9277500241454435,-2.3393049298904973,0.0
2570,7,2.589667952339659,-1.4105297347550392,0.0
2570,8,4.00933585030053,-3.422544110801571,0.0
2570,9,-0.3213554721292733,-0.4361231307263316,0.0
2570,10,-0.4824158218174339,0.2390538358831279,0.0
2570,11,1.1898288634171175,-0.10406583616589193,0.0
2570,12,0.31603851868858857,1.2632133573072106,0.0
2570,13,0.04036058461964176,1.6427666714307085,0.0
2570,14,0.564204832002978,3.015692188639866,0.0
2570,15,-0.17453364778008007,0.8679159013761433,0.0
2570,16,-0.627872547343906,2.2644239201373355,0.0
2571,0,0.0,0.0,0.0
2571,1,-0.7836298290886925,0.05884031490145858,0.0
2571,2,-1.3525138501323828,0.7718091315762947,0.0
2572,0,0.0,0.0,0.0
2572,1,-0.47354016964634704,-0.08311649278648806,0.0
2572,2,-1.5716704158624457,-1.0251583296844096,0.0
2572,3,-0.12929794677967887,-1.9642831681559865,0.0
2573,0,0.0,0.0,0.0
2573,1,1.9297941794036146,-0.030961132093314025,0.0
2573,2,-0.651008530544831,1.168175267977921,0.0
2574,0,0.0,0.0,0.0
2574,1,-1.823724221418181,2.7464472809248908,0.0
2574,2,0.11301311646062229,2.12250686368598,0.0
2575,0,0.0,0.0,0.0
2575,1,0.29396889667669523,0.26942800176692394,0.0
2575,2,-0.1897532947844245,1.0008993294370612,0.0
2576,0,0.0,0.0,0.0
2576,1,0.7268449649961702,-0.09950289018323999,0.0
2576,2,-0.5098394023338514,0.08874999192208843,0.0
2577,0,0.0,0.0,0.0
2577,1,1.7299076571280598,1.3526408163907735,0.0
2577,2,4.328743794992833,0.8471759812534243,0.0
2578,0,0.0,0.0,0.0
2578,1,2.102765814785959,0.3031170209592098,0.0
2578,2,-0.3574123863715696,2.1580719425390757,0.0
2579,0,0.0,0.0,0.0
2579,1,-1.2694323717772324,-0.3103424497808313,0.0
2579,2,-1.17160243007393,-3.027153333979677,0.0
2579,3,0.049417521714920254,-4.546809484323351,0.0
2579,4,-2.0277745475134887,-5.812723643991202,0.0
2579,5,-0.9272288393810917,-2.4680942062326334,0.0
2580,0,0.0,0.0,0.0
2580,1,1.182600467035428,-1.8378152593437027,0.0
2580,2,1.0338766569352211,-2.3322910331630133,0.0
2581,0,0.0,0.0,0.0
2581,1,1.4510517398437113,-0.3382177612681425,0.0
2581,2,1.015352639929874,1.2423605683514791,0.0
2582,0,0.0,0.0,0.0
2582,1,0.5666919459073518,2.580639757402081,0.0
2582,2,0.8237907881908357,0.8311228658811558,0.0
2583,0,0.0,0.0,0.0
2583,1,0.020963610692550483,-1.5528937103228089,0.0
2583,2,-1.7107951311711431,-2.076043392601836,0.0
2583,3,-2.081811465900212,-2.776696640053829,0.0
2584,0,0.0,0.0,0.0
2584,1,-0.2121832199143221,1.006392251473064,0.0
2584,2,-0.20857089374629845,-1.4041753839589517,0.0
2584,3,3.3016486756290666,-0.20893131016518582,0.0
2584,4,2.95968618591131,-0.18425907551743698,0.0
2584,5,2.2640586214521385,-0.9857484499693654,0.0
2584,6,1.3549056283109562,1.2610379148914606,0.0
2585,0,0.0,0.0,0.0
2585,1,0.8478625465761653,0.5700070082328794,0.0
2585,2,1.0980428501804957,0.021202757414591766,0.0
2585,3,-0.2353604759173642,0.7090424067467411,0.0
2585,4,0.5505457663068828,1.1900513243611297,0.0
2586,0,0.0,0.0,0.0
2586,1,-1.1215599613474818,1.6327003491345804,0.0
2586,2,-1.5705867328104792,1.4836889109720268,0.0
2587,0,0.0,0.0,0.0
2587,1,0.13865627180658058,-2.791937342461889,0.0
2587,2,1.3692874446287,-0.1306762229156706,0.0
2587,3,-0.7380946742673163,-2.0249854818950386,0.0
2587,4,0.38662443090458665,-1.2476827629327667,0.0
2588,0,0.0,0.0,0.0
2588,1,0.46562104324224685,1.4683300979749194,0.0
2588,2,-0.48570046580668014,1.0131641460191136,0.0
2588,3,1.9303795789082583,1.0132666562441583,0.0
2589,0,0.0,0.0,0.0
2589,1,1.164176513346373,-2.9150768518739922,0.0
2589,2,0.07597254647409657,-1.7446985232438994,0.0
2590,0,0.0,0.0,0.0
2590,1,-0.45660406788428576,1.9533248048236425,0.0
2590,2,0.144590050504386,-0.4127720689976362,0.0
2590,3,1.1097518938113322,-1.6416979954896096,0.0
2590,4,0.8217996217911805,-0.7795350188218758,0.0
2591,0,0.0,0.0,0.0
2591,1,-3.9107651247176305,-0.28469392659679427,0.0
2591,2,-1.3248528642193047,0.7981992721104776,0.0
2591,3,-2.0040907542305826,2.368548838428782,0.0
2591,4,-2.887328733672562,1.9259765257270263,0.0
2592,0,0.0,0.0,0.0
2592,1,3.004599852971464,1.0812600704106188,0.0
2592,2,2.0165192638313654,-0.33237179851038356,0.0
2592,3,3.6472296863343923,0.6096037753153751,0.0
2592,4,2.562409062245966,1.3784052678799918,0.0
2593,0,0.0,0.0,0.0
2593,1,-0.15596684848832498,-1.0038765096889275,0.0
2593,2,2.1478749770972048,-0.1468658369379945,0.0
2593,3,2.7963236095273625,-1.0412790455601417,0.0
2594,0,0.0,0.0,0.0
2594,1,0.8486221481065468,1.4511572620871176,0.0
2594,2,1.6583328794413903,1.5824596039598844,0.0
2594,3,-1.4009071511218374,1.9682737763073022,0.0
2594,4,-1.8543966035725457,0.9982289815533432,0.0
2594,5,-4.026061737105056,1.2209788903998051,0.0
2594,6,-3.900616809299326,3.0521636956637734,0.0
2594,7,-1.706777747092103,0.8809566818277279,0.0
2594,8,0.330734020436263,1.1632765431897591,0.0
2595,0,0.0,0.0,0.0
2595,1,0.27009983498695145,0.19930823745300108,0.0
2595,2,3.3470649653474256,-0.17108238761381644,0.0
2595,3,2.7325649449164,-3.4570353278304458,0.0
2596,0,0.0,0.0,0.0
2596,1,-0.507296199344625,-1.3068426329438172,0.0
2596,2,3.9208394292076045,0.7640676434522264,0.0
2597,0,0.0,0.0,0.0
2597,1,0.1747272025436421,1.1256039206777853,0.0
2597,2,0.305501464947935,1.3829375199876484,0.0
2598,0,0.0,0.0,0.0
2598,1,0.14664861791597872,-0.629786345728393,0.0
2598,2,0.5836589157563928,1.618406539484984,0.0
2598,3,-0.34268840511288484,2.817298493347405,0.0
2598,4,-0.1540300723091002,1.5750021007946566,0.0
2598,5,0.7992368313983843,1.5766833821602506,0.0
2599,0,0.0,0.0,0.0
2599,1,-2.0749679299840476,-0.05552169503674831,0.0
2599,2,-2.4940318827397525,1.6509276664085446,0.0
2599,3,-0.6792248436951419,1.9806376955158171,0.0
2600,0,0.0,0.0,0.0
2600,1,2.500290592858767,-0.03488877108837113,0.0
2600,2,3.9939117183415296,1.2868368641349954,0.0
2600,3,2.077486151830025,2.1801862716103653,0.0
2601,0,0.0,0.0,0.0
2601,1,1.1457931793061435,-0.35929997074479136,0.0
2601,2,2.2654317207000867,2.5895357889581643,0.0
2601,3,1.6745697313595793,1.2573149316824517,0.0
2601,4,2.4048305610964253,0.23648361156288156,0.0
2601,5,1.8604438600577389,0.4900664589347544,0.0
2602,0,0.0,0.0,0.0
2602,1,-2.355921605050225,-1.177481229755057,0.0
2602,2,-0.60740578993174,-1.217455593007886,0.0
2603,0,0.0,0.0,0.0
2603,1,1.1261364917485617,-0.1393288314412071,0.0
2603,2,1.6949040850410393,0.09954461367996004,0.0
2603,3,1.5789016070152897,0.7393528850472759,0.0
2603,4,-0.5723325766373799,0.9509657505731453,0.0
2604,0,0.0,0.0,0.0
2604,1,-0.4546204451468828,-1.9009735760713378,0.0
2604,2,-0.046279910142959624,-0.37276744552113605,0.0
2604,3,-0.7962128674241696,-3.273949281992959,0.0
2605,0,0.0,0.0,0.0
2605,1,-0.39551476583229195,0.9852855638539624,0.0
2605,2,-0.44027241300575204,0.0018781504239875346,0.0
2606,0,0.0,0.0,0.0
2606,1,-1.0926410397308135,0.503216174017988,0.0
2606,2,0.2760737962679509,1.175995420814349,0.0
2606,3,-1.1855278626765184,-0.6899618483266451,0.0
2607,0,0.0,0.0,0.0
2607,1,1.6193160675211709,0.53811279834167,0.0
2607,2,0.9960875733132419,0.46548088902093276,0.0
2607,3,-0.8527430094148287,1.1369743083077333,0.0
2608,0,0.0,0.0,0.0
2608,1,-1.619487785467086,0.17410880947173596,0.0
2608,2,1.9451304529171818,2.9530690867117024,0.0
2608,3,1.0296934780085933,1.9969111398220438,0.0
2609,0,0.0,0.0,0.0
2609,1,-1.8274322295005911,0.9246883908322483,0.0
2609,2,-1.6036146754369789,0.02411592924640482,0.0
2609,3,-1.28687886980017,-0.13261987518822504,0.0
2610,0,0.0,0.0,0.0
2610,1,0.5644477003581811,2.761987646094608,0.0
2610,2,-0.35547270264122155,4.1064696226665,0.0
2611,0,0.0,0.0,0.0
2611,1,0.2860798058672867,-0.7699795114602727,0.0
2611,2,1.0543727257374789,0.054880136479838915,0.0
2611,3,1.8545215772574126,-0.6191394150588693,0.0
2612,0,0.0,0.0,0.0
2612,1,-0.9501036881713293,-0.3222749985783445,0.0
2612,2,-0.8187627985445279,-0.49401756314075806,0.0
2613,0,0.0,0.0,0.0
2613,1,2.5536329398865276,-0.8809262510948599,0.0
2613,2,3.134058823778798,0.5353274760391893,0.0
2613,3,0.8041686267888032,1.3374573666996907,0.0
2613,4,-0.27121121952252747,-0.5991176818367931,0.0
2614,0,0.0,0.0,0.0
2614,1,-0.03158960906385433,1.2641972947878852,0.0
2614,2,-0.1492035092988857,1.9846658389896368,0.0
2614,3,-0.9045991006512963,3.280577137558426,0.0
2614,4,0.3641909073727403,2.671515444602201,0.0
2615,0,0.0,0.0,0.0
2615,1,-0.6344983597119885,1.365969206791719,0.0
2615,2,0.0959923911786702,0.44053892312129683,0.0
2615,3,0.05874806438181701,-0.2590487458802162,0.0
2615,4,-1.7505563931785137,1.0083707746562163,0.0
2615,5,-0.6738617103020355,-0.628406370807082,0.0
2615,6,0.8633248214991947,0.05468522729398506,0.0
2616,0,0.0,0.0,0.0
2616,1,1.068277484661088,-0.9814239910509552,0.0
2616,2,-0.44545070126400144,-0.04305085057515391,0.0
2616,3,-1.7210472207209058,0.3254075500624706,0.0
2617,0,0.0,0.0,0.0
2617,1,2.1229596290100785,1.171230012870308,0.0
2617,2,-0.5115619691588165,0.06509049220076824,0.0
2617,3,-0.9074207843907768,-0.3195488648673745,0.0
2617,4,-1.5842538617184574,1.820351344419814,0.0
2618,0,0.0,0.0,0.0
2618,1,0.5963188145296369,0.29000264303493783,0.0
2618,2,-0.16472064685653764,2.5918202176923257,0.0
2618,3,-0.8916838470573878,1.1986343924913887,0.0
2619,0,0.0,0.0,0.0
2619,1,0.1834876528605729,1.002837215380445,0.0
2619,2,3.1196732911009675,0.5327165510777551,0.0
2619,3,3.3849004296361174,1.6431718414319367,0.0
2620,0,0.0,0.0,0.0
2620,1,-0.417265361797952,-0.14636244654000297,0.0
2620,2,-2.0665167425530595,1.4001631779687291,0.0
2621,0,0.0,0.0,0.0
2621,1,-1.7083461058018787,0.093237912376507,0.0
2621,2,0.6719801974402428,0.028365936661881808,0.0
2621,3,-0.7128399541254695,-1.381648046684007,0.0
2621,4,-1.3150088044580306,0.49777649412291447,0.0
2622,0,0.0,0.0,0.0
2622,1,2.061049210265825,1.1688902286979521,0.0
2622,2,1.6711398601995222,1.5331293055746251,0.0
2622,3,4.095874760137516,0.5227230676259054,0.0
2623,0,0.0,0.0,0.0
2623,1,-2.286099453337348,-0.39973314915604674,0.0
2623,2,-0.9655430791910267,0.12082560615724813,0.0
2624,0,0.0,0.0,0.0
2624,1,-1.0206010589340744,0.9514648391566057,0.0
2624,2,-0.5176200564488085,2.806433159228989,0.0
2624,3,0.5095774286263102,4.13643798787775,0.0
2624,4,-1.9001336628087957,2.1609738191059846,0.0
2624,5,-2.003331954719905,4.314388498213965,0.0
2624,6,-1.963243677667084,4.302808817138922,0.0
2625,0,0.0,0.0,0.0
2625,1,3.069910966525721,1.7962016518426758,0.0
2625,2,-1.2532943071207612,0.6904543223692886,0.0
2626,0,0.0,0.0,0.0
2626,1,-1.4080399042222116,-2.8516878951797433,0.0
2626,2,-1.0179603817960463,-3.1280456290137404,0.0
2626,3,-0.597872944281804,-2.2527140682161355,0.0
2626,4,-0.43482700063448587,-3.757162177462028,0.0
2627,0,0.0,0.0,0.0
2627,1,-0.7830876107847453,0.21810623449220612,0.0
2627,2,-3.0611742024337403,2.3025871938205023,0.0
2627,3,-0.8585629875810217,2.0670443419924016,0.0
2627,4,0.9077529629600762,0.5552751738839908,0.0
2627,5,0.2867131388226174,-0.3401546157169909,0.0
2628,0,0.0,0.0,0.0
2628,1,0.49590389059234674,0.25659166800946204,0.0
2628,2,-0.5488045546809206,-0.25493150057329883,0.0
2628,3,0.7475064282175758,1.0565075546915395,0.0
2629,0,0.0,0.0,0.0
2629,1,-2.31882575008782,-0.6794310626709262,0.0
2629,2,-0.05339912213123599,0.19228245223891438,0.0
2630,0,0.0,0.0,0.0
2630,1,0.1654904910108801,1.4786353470906162,0.0
2630,2,-0.07278261317253576,0.6201740088629069,0.0
2631,0,0.0,0.0,0.0
2631,1,-1.2336697310288338,3.0558485844486167,0.0
2631,2,2.3788200237455697,2.517296743401697,0.0
2632,0,0.0,0.0,0.0
2632,1,-2.5501714086735006,0.07870990791707666,0.0
2632,2,1.3507009228821776,0.8587218542807501,0.0
2632,3,0.7707437997664166,1.1475416357420811,0.0
2633,0,0.0,0.0,0.0
2633,1,-0.1408177053181412,1.669876499085528,0.0
2633,2,1.2958010665149418,1.1163561226727152,0.0
2633,3,3.224423266731577,0.9984110852084604,0.0
2633,4,2.8403540252135135,1.7520067089337266,0.0
2633,5,0.8193079984453402,2.0650394154060767,0.0
2634,0,0.0,0.0,0.0
2634,1,1.4163891641382458,1.0465745408059675,0.0
2634,2,0.8902341388792414,0.9131481337996821,0.0
2634,3,-0.7570220467458779,1.7905868779900758,0.0
2634,4,0.5384648463093435,2.4301859775536636,0.0
2635,0,0.0,0.0,0.0
2635,1,0.36338114053971093,0.5403420363346663,0.0
2635,2,0.704564390961175,1.7305123089882484,0.0
2635,3,0.32921171919924497,2.4859827640146612,0.0
2635,4,1.2997749761518151,0.4491132887168212,0.0
2635,5,3.160897053548469,0.5597968198206347,0.0
2635,6,4.423528384380779,1.4547093832373017,0.0
2636,0,0.0,0.0,0.0
2636,1,0.6257302490148725,-2.7809732736561226,0.0
2636,2,0.028088313683310995,0.542934670784474,0.0
2637,0,0.0,0.0,0.0
2637,1,-3.3712259619079403,-2.445391486971716,0.0
2637,2,-2.020493892491335,-1.167829844137182,0.0
2637,3,-1.2855206223986384,1.464139020203765,0.0
2637,4,1.0769569949905624,0.06497548857301544,0.0
2637,5,1.3549200084366806,0.847552093974955,0.0
2637,6,0.7975943087957419,1.7476512762163035,0.0
2638,0,0.0,0.0,0.0
2638,1,-0.7940111352586344,1.2373895430235402,0.0
2638,2,-2.7743659307720945,-0.1501369511620172,0.0
2638,3,-0.6690656083221347,-1.2178623489216847,0.0
2639,0,0.0,0.0,0.0
2639,1,0.33777941445069926,-0.403161673752892,0.0
2639,2,-1.9562361428451864,0.6009398984812846,0.0
2639,3,1.2115941705509021,0.9358944973662957,0.0
2639,4,-1.18655902128083,0.8225993107091303,0.0
2639,5,-0.3428637160542106,-0.3188633994303256,0.0
2640,0,0.0,0.0,0.0
2640,1,1.0263258864416986,0.4102285477815082,0.0
2640,2,-0.5083786186655397,0.2851786388230959,0.0
2640,3,2.815716807034098,0.06747520999174483,0.0
2641,0,0.0,0.0,0.0
2641,1,0.457601471064616,1.5028477351339224,0.0
2641,2,2.1280797757062113,1.5534006483627167,0.0
2641,3,0.4818874600471958,-0.1707683233367311,0.0
2642,0,0.0,0.0,0.0
2642,1,0.8995120691180025,-1.0843471313467774,0.0
2642,2,-2.1067009793519307,-0.5683975690156913,0.0
2643,0,0.0,0.0,0.0
2643,1,-0.6904407105655805,-2.5547811433114447,0.0
2643,2,-1.7959573427705822,-1.6619734271238547,0.0
2644,0,0.0,0.0,0.0
2644,1,0.254660378267889,-2.48978451310235,0.0
2644,2,-1.7162986116209216,-1.8833637034077455,0.0
2644,3,-0.37323823144402113,-1.2139377410230239,0.0
2644,4,-1.8814053473378158,-0.12089241533777528,0.0
2644,5,1.3977068656078044,0.39400061143438936,0.0
2645,0,0.0,0.0,0.0
2645,1,-0.7941133333572193,1.188722408565028,0.0
2645,2,0.6484074674120354,-0.3813725557616259,0.0
2645,3,1.056125954683126,-0.5957756615184482,0.0
2645,4,-0.33193379552455193,-0.1128725210150292,0.0
2646,0,0.0,0.0,0.0
2646,1,3.4694956746987233,0.9955172182918878,0.0
2646,2,0.16568048315015727,2.1878463004544573,0.0
2647,0,0.0,0.0,0.0
2647,1,0.2738188843132652,0.31580799163381024,0.0
2647,2,-0.6241373850068718,0.5339738033264817,0.0
2648,0,0.0,0.0,0.0
2648,1,-0.04245769286791168,-0.9185417205535868,0.0
2648,2,-0.08653766795496187,-0.8356958822723173,0.0
2648,3,1.5186118069747987,-0.5780101571467267,0.0
2648,4,2.806108880877575,0.23489958934103428,0.0
2648,5,3.3426907998649553,0.9498753495431669,0.0
2648,6,2.145298797750195,2.2103209869299834,0.0
2649,0,0.0,0.0,0.0
2649,1,2.6465861392250987,-0.12546963548309364,0.0
2649,2,3.756641543729542,0.16170664786851463,0.0
2649,3,3.871551166136807,-2.21532156520294,0.0
2650,0,0.0,0.0,0.0
2650,1,0.49971417396633955,0.2367212863551147,0.0
2650,2,-0.049429248532876,0.51795316658795,0.0
2650,3,2.1219987169907824,0.8116873396174238,0.0
2650,4,0.4567611280383834,1.0178271377962937,0.0
2650,5,0.6337986126278095,1.5080929963322443,0.0
2651,0,0.0,0.0,0.0
2651,1,-1.0944449154744653,-0.7388513054176609,0.0
2651,2,-1.9423946576320223,-2.6595668034162196,0.0
2652,0,0.0,0.0,0.0
2652,1,-1.7269605315577472,-0.08281971509098862,0.0
2652,2,0.22774802558726148,-0.35441353898845107,0.0
2652,3,-2.619299795224099,-2.993408191396367,0.0
2652,4,0.8201889620967697,0.903862695946384,0.0
2652,5,-1.8313790677451078,-1.0890258781253668,0.0
2652,6,1.4163345446924493,-1.0679845910122745,0.0
2652,7,-1.2272589286022542,-3.2104793353899828,0.0
2652,8,1.5670808890692114,-0.9573067873478507,0.0
2652,9,2.3043522831286847,0.7142810019066508,0.0
2653,0,0.0,0.0,0.0
2653,1,2.216635885569785,1.3342990689934118,0.0
2653,2,1.1492895640346705,2.8136848111092867,0.0
2654,0,0.0,0.0,0.0
2654,1,1.7879229390347082,-1.9826389227856853,0.0
2654,2,3.0507021502364404,-4.712193047437319,0.0
2654,3,2.7706720652076138,-2.4078543797383825,0.0
2655,0,0.0,0.0,0.0
2655,1,1.7102652395681028,0.29513525525182205,0.0
2655,2,1.4121020609249335,2.754796516695853,0.0
2655,3,-1.054577985124109,3.2350041270453005,0.0
2655,4,0.020375188973550618,0.6191643902231654,0.0
2656,0,0.0,0.0,0.0
2656,1,-1.2584370386969914,-0.1731265573736107,0.0
2656,2,-0.40293363440097263,-0.7724338595594247,0.0
2656,3,-0.9819683855371553,-0.2159505468937466,0.0
2656,4,-2.498673818039123,-1.086564933242186,0.0
2656,5,-1.785647396987325,-0.9623772842908702,0.0
2656,6,-1.4097748173255598,-0.9332713028499222,0.0
2656,7,-0.8045375232018563,-3.0410543537494776,0.0
2656,8,-1.3119945969871953,-1.1503317799730137,0.0
2656,9,-3.4254795950725674,-1.7674951709164364,0.0
2656,10,0.17435191481137657,-0.42468497282754747,0.0
2656,11,0.46593949969036563,-2.219617082906235,0.0
2656,12,-1.0429842236707543,-3.368445551502088,0.0
2657,0,0.0,0.0,0.0
2657,1,1.0921420861468465,0.84008894356238,0.0
2657,2,-0.23072835388560176,-1.2706053164596955,0.0
2657,3,-0.6289572097489823,0.27510352556308826,0.0
2657,4,-0.5227595000383559,-1.2698165861742285,0.0
2657,5,-0.16540545203776913,-2.2196926588577255,0.0
2658,0,0.0,0.0,0.0
2658,1,0.03582757395018188,3.0688782233503953,0.0
2658,2,-1.0228307681197768,2.694195140832557,0.0
2659,0,0.0,0.0,0.0
2659,1,2.195681819496002,0.9320590896440084,0.0
2659,2,-0.21120960676104839,0.2076966685934143,0.0
2659,3,0.39673644817384845,-2.2099889683224165,0.0
2660,0,0.0,0.0,0.0
2660,1,1.432875232069351,0.316262887981126,0.0
2660,2,3.1909238472235346,-0.0968679823425358,0.0
2660,3,0.11943490843223725,-0.16958699703327662,0.0
2660,4,2.8419014310512907,-0.43501698703616754,0.0
2660,5,2.914842320210015,0.3841132124445008,0.0
2661,0,0.0,0.0,0.0
2661,1,-0.710904732107636,2.2389351001933933,0.0
2661,2,-0.5844604920353125,2.3787595403065525,0.0
2662,0,0.0,0.0,0.0
2662,1,-0.21656938791971747,0.01683849941582566,0.0
2662,2,1.5538850822706463,1.1204680442549197,0.0
2663,0,0.0,0.0,0.0
2663,1,0.4058451007744833,-1.242572045633781,0.0
2663,2,-0.09685049629307707,-3.0162444341641503,0.0
2664,0,0.0,0.0,0.0
2664,1,-1.9919744112526792,1.0043451895360969,0.0
2664,2,-1.0831397112259353,0.9242705348301778,0.0
2665,0,0.0,0.0,0.0
2665,1,1.0310840136623654,-0.3129515904898734,0.0
2665,2,-1.5053459577593742,-1.4720643994327922,0.0
2665,3,0.5572312568644068,-3.3430637900352895,0.0
2665,4,0.14582533639906659,-3.2073224505136473,0.0
2666,0,0.0,0.0,0.0
2666,1,-0.4595276117319056,-0.02606974355735793,0.0
2666,2,-1.6165212445075796,-2.645019458114189,0.0
2667,0,0.0,0.0,0.0
2667,1,1.2140411052638675,1.664818595219405,0.0
2667,2,1.9285012632908194,1.870878912921965,0.0
2667,3,-0.03762770443219998,0.8785282625160661,0.0
2667,4,-0.8503965857567665,1.32941173374447,0.0
2667,5,0.6977223020816783,2.595742116674237,0.0
2668,0,0.0,0.0,0.0
2668,1,-1.1867072149951632,-1.1312973429998,0.0
2668,2,-1.3086849108796303,-2.532961302775642,0.0
2668,3,-1.0461256349833794,-2.2434553567207214,0.0
2668,4,-1.9187833243647798,0.9202519719874931,0.0
2668,5,-1.553731333161839,0.27534496898715544,0.0
2668,6,-2.0078662640777387,-1.6304464633268183,0.0
2668,7,-1.103238234786762,-1.0538864375809989,0.0
2669,0,0.0,0.0,0.0
2669,1,-0.014951603598468588,-0.3223409894652507,0.0
2669,2,2.2150286487773454,-0.7858044255005598,0.0
2669,3,3.2852633753380447,-0.9639619457170263,0.0
2670,0,0.0,0.0,0.0
2670,1,0.2982144074420077,0.9599329844320159,0.0
2670,2,0.15032809510187842,-0.8348920737206034,0.0
2670,3,-1.2468942112036245,-1.139286171579705,0.0
2671,0,0.0,0.0,0.0
2671,1,-0.4729411765422602,-0.03897271692427762,0.0
2671,2,0.37467425891457506,-1.5485000964824254,0.0
2672,0,0.0,0.0,0.0
2672,1,-0.6008994589743364,-0.1033090397924703,0.0
2672,2,-0.5691931983858041,1.2990673614821024,0.0
2672,3,0.21850680824719937,1.2217678789896058,0.0
2672,4,-2.1852863676432523,-0.0501506227204459,0.0
2673,0,0.0,0.0,0.0
2673,1,-2.3647313610428817,-0.3447043201450385,0.0
2673,2,-3.4711320909260035,-2.0844757306598822,0.0
2673,3,-1.2814582967618178,-3.231564399571094,0.0
2673,4,-2.451449906107941,-2.4040962732332933,0.0
2673,5,-3.3738971018543973,0.07273450306023166,0.0
2674,0,0.0,0.0,0.0
2674,1,-1.0269487199385163,-1.605657092659344,0.0
2674,2,-0.3569810792018556,-3.346634036783774,0.0
2674,3,-2.8934816526429974,-4.995378416600447,0.0
2674,4,-0.6527145778531357,-3.185873556730031,0.0
2674,5,-0.6433221929061655,-1.8149478772461247,0.0
2675,0,0.0,0.0,0.0
2675,1,-3.03746567496385,-1.2464391041305782,0.0
2675,2,-3.3022192886953454,-2.5953932466378924,0.0
2675,3,-4.963894010776613,-1.8720837835401076,0.0
2675,4,-5.318172187764085,-0.29255406619721935,0.0
2675,5,-6.153933159413536,0.862375998596426,0.0
2676,0,0.0,0.0,0.0
2676,1,-1.5359241517890332,1.2261279185836804,0.0
2676,2,0.7717163616240854,0.5308949476163812,0.0
2676,3,1.1030553237454224,-1.3857774642772955,0.0
2677,0,0.0,0.0,0.0
2677,1,1.073060714588884,-1.210850726701676,0.0
2677,2,0.380163781940557,-2.047375206589735,0.0
2677,3,1.0260691418059933,0.35424821517923655,0.0
2677,4,1.5023815452136664,-4.576821691878802,0.0
2678,0,0.0,0.0,0.0
2678,1,1.3872842736220985,-0.5418577130804834,0.0
2678,2,2.6391981101306583,-0.07670897095620877,0.0
2678,3,4.0016365505785885,-0.2540305668520695,0.0
2678,4,4.3129161687665105,0.07645036739132571,0.0
2679,0,0.0,0.0,0.0
2679,1,-2.9372420795089647,1.0036343499541742,0.0
2679,2,-0.9747325511030701,1.2976044230789026,0.0
2680,0,0.0,0.0,0.0
2680,1,1.5231967139715636,-0.939161865018006,0.0
2680,2,-0.7561767416604188,1.779235085374924,0.0
2680,3,-0.8203612132648366,-0.36993555766503594,0.0
2681,0,0.0,0.0,0.0
2681,1,0.06822846260448051,0.5349108235557045,0.0
2681,2,0.5775513127978786,1.5631272159633043,0.0
2682,0,0.0,0.0,0.0
2682,1,0.01904976715730977,0.6305459953310467,0.0
2682,2,-1.1875625562495389,-0.21238454524555264,0.0
2683,0,0.0,0.0,0.0
2683,1,1.0234247613707432,-0.6179101867105431,0.0
2683,2,1.4271171866389414,-1.1329625083329886,0.0
2684,0,0.0,0.0,0.0
2684,1,1.5925076351968086,0.03147807246000722,0.0
2684,2,-0.22181813460279454,0.585317249372612,0.0
2684,3,-0.926488951911731,0.4832958955269302,0.0
2684,4,0.1957895613041345,-1.4443593570050655,0.0
2684,5,-0.24840490037251994,-0.9787131865528085,0.0
2684,6,1.367104586365086,-0.0658206527259414,0.0
2684,7,0.5978206278863818,1.3390918728365055,0.0
2684,8,1.9580223033338344,-0.8871943184362667,0.0
2684,9,1.6397910163941198,3.1548883507245558,0.0
2685,0,0.0,0.0,0.0
2685,1,-3.1545840418183753,-1.3484181012197094,0.0
2685,2,-2.309390218058331,0.7303363128362848,0.0
2685,3,-3.223278829416415,-0.06704229585328303,0.0
2685,4,-3.7648007852315315,-0.38151159546404045,0.0
2685,5,-1.8088134090174044,-1.9345452242816585,0.0
2685,6,-0.008265297896574486,-2.4100992731666673,0.0
2686,0,0.0,0.0,0.0
2686,1,-0.9488592990609217,1.4283130103858277,0.0
2686,2,1.1946385907015957,2.5133122367873897,0.0
2686,3,2.3009433313325243,1.785605592213998,0.0
2686,4,1.5107632244977123,0.9040265710494805,0.0
2686,5,1.6822714746135081,2.093314049533958,0.0
2686,6,1.6736144199524472,5.279334161150404,0.0
2687,0,0.0,0.0,0.0
2687,1,0.913476103429264,0.008350761122331574,0.0
2687,2,0.5268064926648927,1.3634692253463183,0.0
2687,3,0.9155355805957375,-0.1699152559641426,0.0
2687,4,0.41766373339444646,1.82900302726887,0.0
2687,5,1.1359351066911811,0.9560450755474568,0.0
2687,6,0.28934158484751044,1.3812177174037075,0.0
2687,7,-0.08952120547527415,0.6853822051610328,0.0
2687,8,-2.9521437763929543,2.4047788310994975,0.0
2688,0,0.0,0.0,0.0
2688,1,0.8641120957998267,-0.7981726146685483,0.0
2688,2,1.6740255531642347,-1.077550781067632,0.0
2689,0,0.0,0.0,0.0
2689,1,-2.3838306476185522,0.15774196587419284,0.0
2689,2,-2.455011346975362,0.18440506154877626,0.0
2690,0,0.0,0.0,0.0
2690,1,-0.5924899963929593,-2.09992164947173,0.0
2690,2,0.489702236078283,-0.8854693283275561,0.0
2690,3,0.5735686372290405,-0.560526099698117,0.0
2690,4,-0.6346359232596583,-1.3414582337139078,0.0
2690,5,-1.337115604372622,-2.260384322892371,0.0
2691,0,0.0,0.0,0.0
2691,1,-0.3342317604059178,-0.5386483230253226,0.0
2691,2,-0.5501134001742429,1.2018541395667408,0.0
2691,3,2.049956949617182,1.0018557025543098,0.0
2692,0,0.0,0.0,0.0
2692,1,-0.49742536950734256,-1.6524678570945885,0.0
2692,2,-2.505106057583177,-1.3108750242536895,0.0
2693,0,0.0,0.0,0.0
2693,1,-0.21309992857805238,1.890749602213305,0.0
2693,2,0.4961625426323186,2.8727309223505744,0.0
2693,3,2.843163919625553,1.3124686572715292,0.0
2693,4,4.529866098678348,2.4228389335424176,0.0
2693,5,4.787246877291972,3.0739520768203237,0.0
2694,0,0.0,0.0,0.0
2694,1,2.1442266554069995,-0.16217295383977715,0.0
2694,2,0.49842745865440086,-0.8975517305745537,0.0
2694,3,4.072106005852422,-0.3477760571106563,0.0
2694,4,0.5979723984025742,0.0005058925826646465,0.0
2695,0,0.0,0.0,0.0
2695,1,0.7877001914651642,0.2734749902707664,0.0
2695,2,0.8352009366683655,-0.16746910198029852,0.0
2695,3,-0.6144759530462476,-0.6039506424637464,0.0
2695,4,-1.8316485685284434,2.56612162358561,0.0
2695,5,-3.826313326240392,3.4229772600017516,0.0
2696,0,0.0,0.0,0.0
2696,1,0.546974019418241,-0.6504376054635779,0.0
2696,2,-0.10755111259499295,-1.5413878937435121,0.0
2696,3,-0.7914777709563208,-1.0386686649916372,0.0
2697,0,0.0,0.0,0.0
2697,1,-0.6807873393628598,-0.9174706026031312,0.0
2697,2,-1.9650220709838377,-2.8213067606561446,0.0
2697,3,-2.0832269380062995,-2.100198879584456,0.0
2698,0,0.0,0.0,0.0
2698,1,0.4905592463818591,1.0492478746541423,0.0
2698,2,2.7899586798658986,0.6783827150306981,0.0
2698,3,2.3149467259387952,-0.11388819554836112,0.0
2699,0,0.0,0.0,0.0
2699,1,-2.9440418915208815,0.03956104554044959,0.0
2699,2,-3.291641051389428,1.5513406053748595,0.0
2700,0,0.0,0.0,0.0
2700,1,0.26950600794126967,0.9800373594396368,0.0
2700,2,2.091385680586434,0.9598583477293607,0.0
2700,3,0.369705923245073,-0.7685674530835456,0.0
2700,4,-0.6586055422444244,0.4965345689860201,0.0
2700,5,0.6932189882832638,0.6652774905469301,0.0
2700,6,-1.3707036286642535,-0.27565339437328695,0.0
2700,7,-1.1715839340035104,0.33059138964336177,0.0
2700,8,0.1795851370865229,-1.1914659439366155,0.0
2700,9,-1.994804706276731,-0.9183682823502566,0.0
2700,10,-0.7343714639691614,-0.853661524310922,0.0
2701,0,0.0,0.0,0.0
2701,1,0.1670737170443648,-2.277251439773838,0.0
2701,2,-0.7703106933803884,-3.8299737101943894,0.0
2701,3,-2.4142240846530045,-3.5134897084245287,0.0
2701,4,-0.894065686969187,-2.6121057780399894,0.0
2702,0,0.0,0.0,0.0
2702,1,-1.1947071171449144,0.3702324069692325,0.0
2702,2,-1.4199229135904705,3.118674968930094,0.0
2702,3,-1.8368113955217726,5.040265145276759,0.0
2702,4,-2.376684519564997,5.319872567455175,0.0
2703,0,0.0,0.0,0.0
2703,1,-2.1210974410759613,-2.057250413834926,0.0
2703,2,-2.4084821163541004,-3.493235143139512,0.0
2704,0,0.0,0.0,0.0
2704,1,-0.7680477000018842,-0.4254087654282685,0.0
2704,2,0.21912565154147456,-0.27775748642817116,0.0
2704,3,0.39777192575821296,-1.0359913631675008,0.0
2704,4,-0.8040751581556081,1.5956936393751324,0.0
2705,0,0.0,0.0,0.0
2705,1,-1.9961842916892194,0.5589120729804913,0.0
2705,2,-2.3826657451063955,0.2205140845710543,0.0
2705,3,-4.095446791483625,1.4199580432434595,0.0
2706,0,0.0,0.0,0.0
2706,1,-1.2175907540530395,1.901529196635464,0.0
2706,2,-1.1690277021155462,-0.6240936832150594,0.0
2706,3,-1.3406304700631253,-0.6726116628834673,0.0
2706,4,-2.3136784928379117,-3.7355771063484227,0.0
2707,0,0.0,0.0,0.0
2707,1,-1.473786033846471,-0.35670925700467276,0.0
2707,2,0.01769197542842399,-2.438544867169429,0.0
2707,3,-1.9871475078790501,-0.094899820529109,0.0
2708,0,0.0,0.0,0.0
2708,1,-1.5643996985706468,1.115357980375843,0.0
2708,2,-3.2649885944192043,0.8443520804527342,0.0
2709,0,0.0,0.0,0.0
2709,1,-0.2814584237136336,0.6619680374260768,0.0
2709,2,-2.347272695140212,1.4844031279425252,0.0
2710,0,0.0,0.0,0.0
2710,1,0.6469768730728213,-1.095842225698625,0.0
2710,2,-0.5093821026566071,0.49694765211086134,0.0
2711,0,0.0,0.0,0.0
2711,1,0.9228586174280616,1.1967793385066656,0.0
2711,2,0.6865979568572239,-1.4045840125059557,0.0
2712,0,0.0,0.0,0.0
2712,1,-0.3220607723663009,0.6916488373909352,0.0
2712,2,1.0559782990229285,1.5137743137302955,0.0
2713,0,0.0,0.0,0.0
2713,1,-1.2540780652547796,-1.415321798083471,0.0
2713,2,-1.240497768149824,-3.3034440388368607,0.0
2714,0,0.0,0.0,0.0
2714,1,-2.9874582282817883,-3.4529354093150983,0.0
2714,2,-3.2213715715267495,-2.2158298654981667,0.0
2714,3,-2.228051060690346,-4.2284855748893015,0.0
2714,4,-2.538855192274452,-3.2023052128360567,0.0
2714,5,-0.7724931932032206,-1.5837572837638314,0.0
2714,6,-1.1301853275924842,-1.982799937798351,0.0
2715,0,0.0,0.0,0.0
2715,1,-0.19996395480454998,1.4498226885392491,0.0
2715,2,1.6834748224915574,2.419455689874335,0.0
2715,3,1.171074069215074,2.0409728957115782,0.0
2716,0,0.0,0.0,0.0
2716,1,3.0740675786353377,2.532083237039593,0.0
2716,2,2.1869713590666575,2.354342256513,0.0
2716,3,1.7050747246728561,2.257699954680917,0.0
2717,0,0.0,0.0,0.0
2717,1,-2.500500385352948,-1.4850207895182206,0.0
2717,2,-2.042910745422828,-3.1877444269723285,0.0
2717,3,-0.7840096802579031,-1.5596475313364393,0.0
2718,0,0.0,0.0,0.0
2718,1,0.08473550345740502,-0.22363130817831278,0.0
2718,2,-0.10297261229867108,-1.5311773423455994,0.0
2719,0,0.0,0.0,0.0
2719,1,-2.450131334696019,-0.8998206772467942,0.0
2719,2,-3.1238287550213775,0.04128866580173163,0.0
2720,0,0.0,0.0,0.0
2720,1,0.7805121440318807,1.9952271404427555,0.0
2720,2,0.504248814793613,0.5037521723617482,0.0
2721,0,0.0,0.0,0.0
2721,1,-0.6790567746543643,0.30809751573774413,0.0
2721,2,-3.1150146609200027,-0.06402069912182595,0.0
2722,0,0.0,0.0,0.0
2722,1,-0.4812722256009968,0.9927844572874764,0.0
2722,2,-0.9065115042030891,1.829516326285323,0.0
2722,3,-0.8516098716517468,2.413873356606369,0.0
2722,4,-1.246758290774529,2.4897306575261746,0.0
2722,5,-1.952188000444868,4.9032952096272036,0.0
2722,6,-1.8165490763347047,3.2108950818753783,0.0
2722,7,-2.3782537609656353,2.970438288220528,0.0
2723,0,0.0,0.0,0.0
2723,1,-1.6428434339371365,-2.384673720870649,0.0
2723,2,-1.8325252361847473,-0.8590710578002707,0.0
2724,0,0.0,0.0,0.0
2724,1,0.4243621896778461,-0.9064873535284494,0.0
2724,2,-0.2928928508998119,1.2112217147375843,0.0
2724,3,-0.7757881780777156,0.21751374939195056,0.0
2725,0,0.0,0.0,0.0
2725,1,-1.0105803543229501,1.023853444994466,0.0
2725,2,-0.5628708677155865,-0.6192959543193601,0.0
2725,3,-2.5795451152160562,1.1841914034047127,0.0
2725,4,-2.342513369849126,0.18521079803756013,0.0
2725,5,-3.7811042804397346,-0.003799742602641043,0.0
2726,0,0.0,0.0,0.0
2726,1,-1.1797179550100856,-0.7150037948518148,0.0
2726,2,-2.135715588410482,-3.036722693218758,0.0
2727,0,0.0,0.0,0.0
2727,1,-1.259061355494469,-2.2831171873673233,0.0
2727,2,0.2870886189034466,0.4831306244558802,0.0
2728,0,0.0,0.0,0.0
2728,1,-1.3741901762447255,0.7471358057720012,0.0
2728,2,0.10600451007364464,0.39037094072343237,0.0
2728,3,1.4082315623066837,-0.8046249780642238,0.0
2728,4,1.2630654186544334,-1.4088135979659637,0.0
2728,5,2.3834583493234573,0.6441156125551113,0.0
2729,0,0.0,0.0,0.0
2729,1,0.5416294374373534,0.20149801080553897,0.0
2729,2,0.1555687772573655,-0.6212045399318906,0.0
2729,3,0.39103544248293165,-1.6285861024418835,0.0
2730,0,0.0,0.0,0.0
2730,1,0.6875332004235333,0.9677988054479346,0.0
2730,2,2.0940893843299837,0.23790006485026385,0.0
2731,0,0.0,0.0,0.0
2731,1,1.3184511277767266,-4.5269075200084075,0.0
2731,2,2.237483452906206,-4.8301984608022375,0.0
2731,3,1.2988922148711088,-2.6013940409892617,0.0
2731,4,-0.24257992439518816,-1.6119954294198737,0.0
2732,0,0.0,0.0,0.0
2732,1,1.9384316489446034,-2.659716596302782,0.0
2732,2,2.1508406199381533,-0.46816958471630765,0.0
2732,3,2.0317697819695555,3.243938752225252,0.0
2732,4,0.2385752001880248,1.5113972356207048,0.0
2733,0,0.0,0.0,0.0
2733,1,0.11137139253581374,1.1931596199230332,0.0
2733,2,0.7196663026471313,-1.2739199805523864,0.0
2733,3,0.9815048690350316,0.5573696779456649,0.0
2733,4,1.388417978142713,-0.9608779137763621,0.0
2733,5,1.7344669783198494,0.16158888166116525,0.0
2733,6,2.4452722305317858,0.49153702951857753,0.0
2733,7,0.5649705728937184,-0.8123378195910012,0.0
2733,8,0.5149594741854697,0.4730920812003847,0.0
2733,9,1.5245199103500733,0.8503077893652122,0.0
2734,0,0.0,0.0,0.0
2734,1,-0.16107908771224108,0.4768537266546261,0.0
2734,2,1.1755670722152503,0.7062276491523449,0.0
2735,0,0.0,0.0,0.0
2735,1,2.4262306424567175,0.27199754726119113,0.0
2735,2,1.354762289548898,1.7038954795120478,0.0
2736,0,0.0,0.0,0.0
2736,1,1.7965007833231228,1.4283087687342482,0.0
2736,2,1.7033596136529234,0.44077030009647494,0.0
2736,3,2.355479711950982,0.40759413474989437,0.0
2736,4,1.989851402443898,-1.119565961158321,0.0
2736,5,1.1063072055167842,-2.270617593827341,0.0
2737,0,0.0,0.0,0.0
2737,1,0.7592063627586565,1.445609224544418,0.0
2737,2,1.9565343973206897,1.4204081080502347,0.0
2737,3,2.390175589275408,1.5843481893582858,0.0
2737,4,2.9856235564594895,0.14886542076677034,0.0
2738,0,0.0,0.0,0.0
2738,1,0.1861101377483203,-1.9437571443106125,0.0
2738,2,2.2726059567545702,0.3234251230760754,0.0
2739,0,0.0,0.0,0.0
2739,1,-1.0038310086660838,0.7364185812082658,0.0
2739,2,-0.3358475133806236,-0.40419875425586976,0.0
2740,0,0.0,0.0,0.0
2740,1,-1.5260684122615484,-1.8935867006693639,0.0
2740,2,-1.0719753840456558,0.7935285560216561,0.0
2741,0,0.0,0.0,0.0
2741,1,0.3140107746862697,-0.44757618882886985,0.0
2741,2,-1.9387600667729863,-0.15722237201202782,0.0
2741,3,-1.609434587758293,-0.1732764205688122,0.0
2741,4,-1.0874340168310133,-0.0510120989049494,0.0
2741,5,-0.9447157286693029,0.03914197967172717,0.0
2741,6,1.2255062942661257,0.0817552830314825,0.0
2742,0,0.0,0.0,0.0
2742,1,-0.998994760388286,0.9323491205326218,0.0
2742,2,-3.3702461380234627,0.10759647398223861,0.0
2743,0,0.0,0.0,0.0
2743,1,-2.1327032207231658,1.071689293311303,0.0
2743,2,-2.1008233730219272,0.6166240150117194,0.0
2744,0,0.0,0.0,0.0
2744,1,0.7108000863885158,-2.9463310277965147,0.0
2744,2,0.04291413705913616,-2.050565628297587,0.0
2745,0,0.0,0.0,0.0
2745,1,0.7213578976749894,-0.5151956719829314,0.0
2745,2,1.1804698898980603,0.7480857126923723,0.0
2746,0,0.0,0.0,0.0
2746,1,0.18223884141090446,-3.4631337103403474,0.0
2746,2,1.2667415557233543,0.5190124293159262,0.0
2746,3,-0.10512985497081756,-1.9110756952799768,0.0
2747,0,0.0,0.0,0.0
2747,1,0.3855960375770545,-0.9875818361992742,0.0
2747,2,0.23832724652894532,-0.8338755746081555,0.0
2748,0,0.0,0.0,0.0
2748,1,-1.013376794167757,-1.0393515089770518,0.0
2748,2,1.4729678414633205,1.7763380751933175,0.0
2748,3,1.668891488333511,0.8905466254316904,0.0
2748,4,1.288902379277174,3.248266653774458,0.0
2749,0,0.0,0.0,0.0
2749,1,0.1270522380707222,2.3132481984871323,0.0
2749,2,-0.003002487483318106,0.602709452173175,0.0
2750,0,0.0,0.0,0.0
2750,1,-1.0550871522111969,1.4293608795943877,0.0
2750,2,-3.5096763588456357,1.2102385730758316,0.0
2750,3,-0.885923406816661,-0.2952326853601651,0.0
2750,4,-1.191596702578778,0.7424261404907776,0.0
2750,5,-2.5684397609804392,-0.9376778874071585,0.0
2751,0,0.0,0.0,0.0
2751,1,-1.0216185724485953,0.8792447304505512,0.0
2751,2,-1.6087146010099649,0.5973929500580725,0.0
2751,3,-1.0852572476853277,0.39616177145862236,0.0
2752,0,0.0,0.0,0.0
2752,1,1.149305142728992,-1.0097164202017306,0.0
2752,2,3.0344815343331337,-3.1306606660984286,0.0
2753,0,0.0,0.0,0.0
2753,1,2.6624874029471446,-1.0573414563918684,0.0
2753,2,1.995560400022104,-0.3775227755223528,0.0
2754,0,0.0,0.0,0.0
2754,1,0.8415609205115093,0.9166644753347222,0.0
2754,2,0.6761451448495441,1.2923617070869746,0.0
2754,3,0.49516828221534315,0.2415315367849915,0.0
2755,0,0.0,0.0,0.0
2755,1,-1.7729655128927653,-1.1370013966088348,0.0
2755,2,-1.5983599835880278,-1.6833377137585055,0.0
2756,0,0.0,0.0,0.0
2756,1,0.08427276691693297,-0.33330441680861916,0.0
2756,2,-0.03157796901923393,0.7983240975710024,0.0
2756,3,-1.0812718115255917,1.812116668924639,0.0
2756,4,-0.149785699703621,2.6181299817240444,0.0
2757,0,0.0,0.0,0.0
2757,1,-0.2265841715041051,-0.5052064125732145,0.0
2757,2,-0.7287631014420013,-1.1017033107635188,0.0
2757,3,-0.6191364290603162,0.21606131445377014,0.0
2757,4,-0.5667228215000254,1.7049887277411788,0.0
2757,5,-1.5154075824732405,0.3477114481398524,0.0
2757,6,0.4114744268547941,3.8200100838728073,0.0
2758,0,0.0,0.0,0.0
2758,1,1.6992515612529033,2.938794911326254,0.0
2758,2,2.075168378909678,1.2875440641920954,0.0
2758,3,-0.5161191676970619,-0.10250352672102658,0.0
2759,0,0.0,0.0,0.0
2759,1,0.4212649575464347,-1.4826034467899065,0.0
2759,2,0.8576701622066238,-2.3282465857024723,0.0
2760,0,0.0,0.0,0.0
2760,1,0.020341123659912252,-0.39731911781684,0.0
2760,2,0.8121979978290876,-1.2215063290561259,0.0
2760,3,2.4035737403406543,0.7629808259072103,0.0
2761,0,0.0,0.0,0.0
2761,1,0.4331561484158226,0.5093805510994396,0.0
2761,2,3.0428697514927854,1.364503273561417,0.0
2762,0,0.0,0.0,0.0
2762,1,-0.6144563406541956,0.004032695054063007,0.0
2762,2,-0.6475167032353135,-1.2863022457954785,0.0
2763,0,0.0,0.0,0.0
2763,1,0.26996066080364767,-1.4161271015899526,0.0
2763,2,1.2980865135069637,0.011119532176889546,0.0
2763,3,-0.32284568077981235,0.19761973489969153,0.0
2763,4,0.20734839802452587,-0.19033337638864523,0.0
2764,0,0.0,0.0,0.0
2764,1,-0.2790442461254542,-2.3740330091556068,0.0
2764,2,0.6438533625596649,-1.354998055184744,0.0
2765,0,0.0,0.0,0.0
2765,1,0.016893384320181122,-0.0028850259271488987,0.0
2765,2,-0.546747141192198,0.042524640829485705,0.0
2766,0,0.0,0.0,0.0
2766,1,0.2732929928041175,-0.27277158159260106,0.0
2766,2,3.686811108105515,-1.3504795436158268,0.0
2767,0,0.0,0.0,0.0
2767,1,-0.11391105808161905,1.2873543860854575,0.0
2767,2,-0.32102296992325124,0.9761516000963699,0.0
2767,3,1.5854334537653298,0.6271122928186288,0.0
2768,0,0.0,0.0,0.0
2768,1,2.303559371352519,0.7636083228753142,0.0
2768,2,2.5922874304074432,3.282443583176931,0.0
2768,3,1.258196148267065,1.5089832076096192,0.0
2769,0,0.0,0.0,0.0
2769,1,0.1777268450550915,-0.42186639524256,0.0
2769,2,3.0344395475329127,0.424298289270173,0.0
2769,3,2.2033689358267434,0.5032429287970912,0.0
2769,4,0.8880533085561135,3.108352298019355,0.0
2769,5,0.30293520752554837,4.599400594038468,0.0
2770,0,0.0,0.0,0.0
2770,1,-2.764483901346313,0.45562604796025097,0.0
2770,2,-0.4221101526853075,-3.0994215544308377,0.0
2771,0,0.0,0.0,0.0
2771,1,1.207751543673085,-2.48146130287019,0.0
2771,2,0.7898524790350914,-3.969668392029392,0.0
2771,3,1.581981372171244,-1.5199677034252543,0.0
2771,4,0.39254252104017,0.3883256960175614,0.0
2772,0,0.0,0.0,0.0
2772,1,1.5212817428328844,-1.0165060364482472,0.0
2772,2,0.13216618544550068,-0.7732625012463532,0.0
2773,0,0.0,0.0,0.0
2773,1,1.0845299367983694,1.1366946761676668,0.0
2773,2,1.9403992688167446,2.9550134268786037,0.0
2774,0,0.0,0.0,0.0
2774,1,0.7688392758860606,1.4184005877625045,0.0
2774,2,0.4735040883812513,1.4011242824479866,0.0
2775,0,0.0,0.0,0.0
2775,1,-1.1033891097143909,-1.0832406136178505,0.0
2775,2,0.6953128384967988,-1.4028939396205895,0.0
2776,0,0.0,0.0,0.0
2776,1,0.16638332660908345,-0.004716326312435681,0.0
2776,2,-0.1343224621069286,-1.3711254760423623,0.0
2776,3,-1.090577025981391,-1.0767262738193695,0.0
2776,4,-0.9262322779395968,-3.75965462383079,0.0
2776,5,-1.1035424479209393,-2.870759184088823,0.0
2776,6,-0.4063316177584699,-2.650216014285416,0.0
2776,7,-0.3046465143162381,-4.897243863323786,0.0
2776,8,-1.3094591916254943,-4.202302848243611,0.0
2776,9,-2.5744889696222564,-3.891700659327544,0.0
2776,10,-2.7304739769315844,-5.248366448207457,0.0
2777,0,0.0,0.0,0.0
2777,1,1.1269890152410522,-1.9674014997618623,0.0
2777,2,-0.3917009226882649,-2.408344446924254,0.0
2778,0,0.0,0.0,0.0
2778,1,0.4297785113161696,-0.608714777282994,0.0
2778,2,0.9735554074899708,0.5851648179988037,0.0
2779,0,0.0,0.0,0.0
2779,1,-1.2816669600966446,1.8705404397031458,0.0
2779,2,-2.2661570528578703,2.885834531660489,0.0
2779,3,-2.040791835194477,2.5068663913527733,0.0
2780,0,0.0,0.0,0.0
2780,1,1.1592949254116627,-2.1102931342493165,0.0
2780,2,0.42684947486294345,-0.2498827855663894,0.0
2781,0,0.0,0.0,0.0
2781,1,0.9968047049600771,-0.9288766766322476,0.0
2781,2,2.3926620977842656,-0.4946295699497125,0.0
2781,3,2.025146231096339,0.9485210154627453,0.0
2781,4,1.7778759155310755,-1.7587880346980775,0.0
2781,5,5.268247601267474,-0.4468963225150835,0.0
2781,6,2.599904253315425,-0.28764082389826284,0.0
2782,0,0.0,0.0,0.0
2782,1,0.826412362440649,0.5737969585408145,0.0
2782,2,-0.4425678661352559,2.748719867030899,0.0
2783,0,0.0,0.0,0.0
2783,1,2.7633550245793908,-2.788220339052816,0.0
2783,2,1.5283040412491564,-1.4903039680735115,0.0
2783,3,4.33045413995376,-2.5107453217653655,0.0
2783,4,5.150710187200582,-3.209616496847196,0.0
2783,5,2.6903773318813946,-5.599045699914872,0.0
2783,6,4.864111889410941,-4.197729922101753,0.0
2783,7,3.525748950860112,-4.255889093737676,0.0
2783,8,6.239675133160533,-4.905860620425915,0.0
2783,9,7.062860187033833,-6.064290644595127,0.0
2784,0,0.0,0.0,0.0
2784,1,0.47321792333282087,2.4290002484982427,0.0
2784,2,0.5114512234087782,3.6112554988242946,0.0
2784,3,3.2979496067387117,3.835857018444348,0.0
2784,4,1.3690834582255405,2.6281802719116554,0.0
2784,5,0.14783949988946432,3.406303844716793,0.0
2784,6,0.13277220484608687,3.085183266722759,0.0
2784,7,1.2099859370369277,3.9641209378916624,0.0
2784,8,1.670048078916299,3.7382030950834944,0.0
2784,9,1.4297406197784255,3.1739310333104793,0.0
2784,10,1.3336088274071023,5.003199769743836,0.0
2785,0,0.0,0.0,0.0
2785,1,0.7016516020971989,-0.5530983614800169,0.0
2785,2,0.5228751780193238,-0.6685076147090812,0.0
2785,3,-0.04124235349337435,0.3781076807499404,0.0
2786,0,0.0,0.0,0.0
2786,1,-0.5626511296380348,1.7273645611033748,0.0
2786,2,0.9501746387826153,0.903194706468657,0.0
2786,3,-1.2617826068280467,1.4750085246718316,0.0
2787,0,0.0,0.0,0.0
2787,1,-0.13336334662384375,-1.7116331236567326,0.0
2787,2,0.12680453542297787,-1.4708382619734608,0.0
2788,0,0.0,0.0,0.0
2788,1,-2.0031346797010974,0.877775451315293,0.0
2788,2,-0.8887081820444946,-0.587980336171727,0.0
2788,3,-1.7458088601212112,1.2886063957620482,0.0
2788,4,-1.7566094980077454,2.3279523564502624,0.0
2788,5,-1.6390900438712177,4.507480406116723,0.0
2788,6,0.39950411547098463,1.7744410499920034,0.0
2788,7,1.2508793489079286,2.6838166469195945,0.0
2789,0,0.0,0.0,0.0
2789,1,0.5733643859756552,0.20320833920796155,0.0
2789,2,-0.3220151457097029,-0.8759420886912441,0.0
2789,3,-2.1149625786341604,0.6219560233061006,0.0
2790,0,0.0,0.0,0.0
2790,1,-2.27212270555099,-2.274901508449626,0.0
2790,2,-2.4011515569772217,-3.112671611344153,0.0
2790,3,-0.42889536422406604,-1.0493226950791492,0.0
2790,4,-3.332249168712635,-3.273666945343736,0.0
2790,5,-2.6954705477044607,-2.9914375345113955,0.0
2790,6,-2.005268684850595,-4.226880169301181,0.0
2790,7,-3.658740230348031,-1.5424857552143967,0.0
2790,8,-3.5168204811871506,-2.06150790355099,0.0
2790,9,-3.5982469346957373,-1.3158963473139065,0.0
2790,10,-1.2476098770697788,-1.3630880493090685,0.0
2790,11,-0.1280229787874141,1.043400770359552,0.0
2790,12,-0.19767443069309654,-0.30319729609941026,0.0
2791,0,0.0,0.0,0.0
2791,1,-0.05777650230631093,-1.475784955209871,0.0
2791,2,-0.44738490995127045,-1.4837125363295307,0.0
2791,3,2.3975055375935175,-1.4604589711929403,0.0
2792,0,0.0,0.0,0.0
2792,1,0.5927237068179066,-1.4600730397249588,0.0
2792,2,2.3700652405135,0.27005414216151913,0.0
2792,3,1.4475223412621903,-0.3310127299508333,0.0
2793,0,0.0,0.0,0.0
2793,1,-1.0424847289387278,-1.2104477516381438,0.0
2793,2,1.1845748187887435,-2.547543370866758,0.0
2793,3,0.29394973122239565,-2.678144512027624,0.0
2793,4,0.5298033785400008,-4.406100884336707,0.0
2794,0,0.0,0.0,0.0
2794,1,1.8484555469783968,-1.2519047200937388,0.0
2794,2,2.2466644442082147,0.6194868618360623,0.0
2795,0,0.0,0.0,0.0
2795,1,1.2020339216888767,-0.2165658281227109,0.0
2795,2,0.9869350998341233,-2.159844858981448,0.0
2796,0,0.0,0.0,0.0
2796,1,1.0537969857413592,0.8788597881622818,0.0
2796,2,2.000586484592726,0.5203110622335633,0.0
2796,3,1.4138921429902365,2.2313055870457603,0.0
2796,4,-0.7824840461135706,0.10304350185160616,0.0
2796,5,-0.2930721512820935,0.3051801047156931,0.0
2796,6,-2.945220190651398,-1.1424685256548388,0.0
2796,7,-4.575650069342385,-1.9760574231793817,0.0
2796,8,-3.7224010105681864,-0.1653229732426177,0.0
2796,9,-1.856681345831852,-1.2629099041549163,0.0
2797,0,0.0,0.0,0.0
2797,1,-0.4726510526918004,-0.31343740822776334,0.0
2797,2,-1.5318620741340518,-0.21778858298489112,0.0
2798,0,0.0,0.0,0.0
2798,1,-1.29252957413991,1.029728105262512,0.0
2798,2,-1.746614480581443,-0.133372777203275,0.0
2799,0,0.0,0.0,0.0
2799,1,-1.347038768279652,2.4788764591636525,0.0
2799,2,1.0048408228690062,2.0384930535551873,0.0
2800,0,0.0,0.0,0.0
2800,1,0.19766880829879013,1.004798402896727,0.0
2800,2,0.05761501380593945,1.0280371284545842,0.0
2800,3,-0.05114396566275228,2.047914563223167,0.0
2800,4,1.3431659800571512,0.696334552381653,0.0
2800,5,1.3090416327018375,-0.09951249210729352,0.0
2800,6,0.05914134744356278,1.9850522599698177,0.0
2801,0,0.0,0.0,0.0
2801,1,2.6301487505686594,0.03306216207424317,0.0
2801,2,0.797029669896065,0.319878160945286,0.0
2802,0,0.0,0.0,0.0
2802,1,-1.700929232318484,-0.5559126700213192,0.0
2802,2,-1.1019321515750913,-2.037621766105565,0.0
2803,0,0.0,0.0,0.0
2803,1,-1.6193086565476944,-0.7771909180473329,0.0
2803,2,-0.20311396866933035,0.2922929643879699,0.0
2803,3,1.826575213894772,1.8343942357056637,0.0
2804,0,0.0,0.0,0.0
2804,1,-2.0268757450856594,-0.21982291104581075,0.0
2804,2,-0.9235544335639303,0.13992142551843267,0.0
2804,3,-0.30645733527663976,0.7363562025934787,0.0
2804,4,-0.5729983738281175,0.2551764486546526,0.0
2805,0,0.0,0.0,0.0
2805,1,0.2610228167940176,2.0303923209541517,0.0
2805,2,0.9154547608233141,3.8802545736362974,0.0
2805,3,2.1143509448985567,2.6874487095957322,0.0
2806,0,0.0,0.0,0.0
2806,1,0.709522969940387,2.78596653324918,0.0
2806,2,-1.3773836454713257,1.626437404153432,0.0
2806,3,-1.7081802305277702,2.867019191116486,0.0
2807,0,0.0,0.0,0.0
2807,1,1.4212036584062768,-0.7899253397634614,0.0
2807,2,2.4660781517230674,1.4405284762442685,0.0
2807,3,2.594263411637721,0.36219547430795385,0.0
2807,4,2.999986961786978,-0.2571513322303369,0.0
2807,5,2.630006201130549,1.229222063788662,0.0
2807,6,2.5155680275583725,-0.04908457869838667,0.0
2807,7,2.025177600179009,0.03050312193807536,0.0
2807,8,3.4584393378492537,-0.23169886659154726,0.0
2807,9,4.924503818092643,0.4982053019693984,0.0
2807,10,6.256883691225914,1.5403453964823313,0.0
2807,11,3.5220363413113844,2.111945757187101,0.0
2808,0,0.0,0.0,0.0
2808,1,-0.6153215815749482,1.4947183951307177,0.0
2808,2,-0.9640457891656711,0.6838947953450885,0.0
2808,3,-2.2512193606865756,2.026540800806942,0.0
2809,0,0.0,0.0,0.0
2809,1,1.6899953429224543,-1.2103174452114471,0.0
2809,2,-0.33874012846953566,1.32118549820686,0.0
2810,0,0.0,0.0,0.0
2810,1,-2.4632992785299828,-0.9876866292885074,0.0
2810,2,0.3846975990940482,0.7322612124083909,0.0
2810,3,-0.13563634640005162,0.10368584432981431,0.0
2811,0,0.0,0.0,0.0
2811,1,-1.0528158087968957,-0.18763473341515655,0.0
2811,2,-0.36486140374431353,-0.8036764523856674,0.0
2811,3,-1.9666090651922197,-0.8943640816170223,0.0
2811,4,-3.249038287582709,-1.702343649610716,0.0
2811,5,-5.248449909709141,-2.6419647565056517,0.0
2811,6,-3.6410307828345516,-3.322607213042814,0.0
2812,0,0.0,0.0,0.0
2812,1,0.02106007075940397,-0.30131163350214196,0.0
2812,2,-0.3561165207974031,0.8814900783602584,0.0
2813,0,0.0,0.0,0.0
2813,1,0.5699750878673041,-2.4805338045046526,0.0
2813,2,-0.34897103796434326,-1.4918512078606057,0.0
2814,0,0.0,0.0,0.0
2814,1,-0.9730112081437585,0.9937807435200339,0.0
2814,2,-0.4055181775686687,-2.0657960071620582,0.0
2814,3,-1.3793889988167594,0.30833022144233785,0.0
2814,4,0.2227242457437313,1.4798945163110853,0.0
2814,5,0.6677645611523358,-0.5109665710832565,0.0
2814,6,-0.2710055524975019,-1.9352222923939222,0.0
2814,7,0.6838549314283,-1.744643266974081,0.0
2815,0,0.0,0.0,0.0
2815,1,-0.9473672209320697,-0.4619556050076794,0.0
2815,2,2.329551256366135,-2.810090993057596,0.0
2815,3,1.7838281538309517,-2.778869772437691,0.0
2815,4,1.841255827850719,-2.903289671898289,0.0
2816,0,0.0,0.0,0.0
2816,1,2.167145595414627,3.8746459977639134,0.0
2816,2,-0.08140232912580991,4.45223167838686,0.0
2817,0,0.0,0.0,0.0
2817,1,-0.6362600301288526,-1.897268322609099,0.0
2817,2,-2.5227422465191447,-3.4885247302337667,0.0
2817,3,-1.3875469303721522,-0.966522623689924,0.0
2817,4,-3.0762054413522337,-2.746131021545336,0.0
2817,5,-1.9246084591948356,-2.8596790866171036,0.0
2817,6,-1.0415949475458768,-0.8824370747289414,0.0
2818,0,0.0,0.0,0.0
2818,1,0.8482869692295182,1.2599001011822777,0.0
2818,2,1.2785517144842822,1.2416939423630415,0.0
2818,3,1.5585135777846055,1.9652607949711534,0.0
2818,4,1.9818741274865461,3.3471109294417367,0.0
2818,5,3.716385861361102,3.4836936369511458,0.0
2819,0,0.0,0.0,0.0
2819,1,0.5941825742486275,0.12143076868535982,0.0
2819,2,1.9116780844235068,-0.4695092858625497,0.0
2819,3,2.5907156063054835,-1.0417473358544072,0.0
2819,4,2.8383308761507413,-0.33592664011713214,0.0
2819,5,2.8096200831235,-1.1202141236464154,0.0
2819,6,0.4291216998221896,-0.5227239443021179,0.0
2819,7,-0.6029313698189454,-2.462296711311711,0.0
2820,0,0.0,0.0,0.0
2820,1,-1.1710000762198978,-0.8240304535259567,0.0
2820,2,0.689961455986138,0.18883308093613493,0.0
2820,3,-0.27233708723916794,-1.4095380453630473,0.0
2820,4,0.5525412256587132,-1.8266377164858443,0.0
2820,5,-0.4400761094182353,-2.2389981085824835,0.0
2821,0,0.0,0.0,0.0
2821,1,-3.0444211210757963,-0.7127869721978222,0.0
2821,2,-2.8825820294539475,-2.028015125532175,0.0
2822,0,0.0,0.0,0.0
2822,1,-1.257631688225839,-0.6164483959584589,0.0
2822,2,-2.435184475216227,0.07606278827260826,0.0
2822,3,-2.5942399419227518,0.7789175844956312,0.0
2822,4,-2.64588655703818,0.7159221961239229,0.0
2822,5,-2.905704040641774,2.291328399935685,0.0
2823,0,0.0,0.0,0.0
2823,1,0.20890467542214752,1.3966624494334494,0.0
2823,2,-2.01940995910936,1.0479417192144256,0.0
2824,0,0.0,0.0,0.0
2824,1,1.8624109166783918,-1.9629586515208892,0.0
2824,2,-0.21169504849611948,-1.7199577384460647,0.0
2825,0,0.0,0.0,0.0
2825,1,0.9314948906501308,1.3475446072584578,0.0
2825,2,-0.03752093387964894,0.9510299163946522,0.0
2826,0,0.0,0.0,0.0
2826,1,-2.2209556309801495,0.7513054141479566,0.0
2826,2,-0.4301476470890251,0.6333114928500108,0.0
2826,3,-0.34241245664164954,1.4468796201805363,0.0
2826,4,-0.6845034673971166,2.0192436362983637,0.0
2826,5,0.45738838383594116,1.8946187848376344,0.0
2826,6,1.262317553237423,2.474768366203353,0.0
2827,0,0.0,0.0,0.0
2827,1,0.3325008286662827,-1.2875565429558546,0.0
2827,2,-0.05425961973958504,0.1538016507062432,0.0
2828,0,0.0,0.0,0.0
2828,1,1.822368902798031,-0.2621561228873166,0.0
2828,2,2.370129923336422,0.40719369006600037,0.0
2829,0,0.0,0.0,0.0
2829,1,-3.7519006836359163,0.17561323763224634,0.0
2829,2,-6.861269441318722,-1.0257038627273287,0.0
2830,0,0.0,0.0,0.0
2830,1,-2.0887455098569916,0.18629570705821297,0.0
2830,2,0.21237687699288044,-0.5256499707596818,0.0
2830,3,-1.0867924196511116,-1.6300656338499067,0.0
2831,0,0.0,0.0,0.0
2831,1,0.4490408882084821,1.2382187445451323,0.0
2831,2,1.6660040812355386,2.7671821072259952,0.0
2831,3,0.9878655956822955,1.6101657607792383,0.0
2831,4,-0.3067588073809713,3.496370297546467,0.0
2831,5,-1.352823497738288,3.400688034968387,0.0
2831,6,-0.1348355719356762,3.7030639700818986,0.0
2832,0,0.0,0.0,0.0
2832,1,-1.6573499139902257,-0.305061428368945,0.0
2832,2,-2.5658796384169733,1.1425557410605145,0.0
2833,0,0.0,0.0,0.0
2833,1,-0.3225316092373174,1.140487618435724,0.0
2833,2,-0.29767108894879324,-0.5827056623012095,0.0
2833,3,0.23176238515544234,-0.16347406187760738,0.0
2834,0,0.0,0.0,0.0
2834,1,-2.4960382563366106,1.0763628463256045,0.0
2834,2,-1.772523858288707,1.950234347788397,0.0
2835,0,0.0,0.0,0.0
2835,1,0.4457948764340992,-0.9443632351868291,0.0
2835,2,-1.09163351346785,-1.3979847211533472,0.0
2836,0,0.0,0.0,0.0
2836,1,1.6563388596916981,1.1721740734784796,0.0
2836,2,1.2303310975822694,1.6563921544484599,0.0
2837,0,0.0,0.0,0.0
2837,1,-0.8427109471322218,0.13489034949802187,0.0
2837,2,1.248466902619144,2.187716789265595,0.0
2837,3,-0.44534733317105424,2.101713922070374,0.0
2837,4,-1.1973238124806924,1.4310875795275215,0.0
2838,0,0.0,0.0,0.0
2838,1,0.16481700000898125,-0.3615584089527961,0.0
2838,2,0.923582216799659,1.3712096707763923,0.0
2838,3,-1.0192437900564126,-0.4138289910482238,0.0
2839,0,0.0,0.0,0.0
2839,1,0.06231591028079431,-0.8043586230920665,0.0
2839,2,2.3334217265365966,-1.4590663932671912,0.0
2840,0,0.0,0.0,0.0
2840,1,1.509990586682852,-0.46409554386003027,0.0
2840,2,0.9982626245697355,-1.1071894738508123,0.0
2841,0,0.0,0.0,0.0
2841,1,1.1611479849362591,0.7377447227006645,0.0
2841,2,-0.2523351731225989,1.7369699187462224,0.0
2842,0,0.0,0.0,0.0
2842,1,-0.7176686770011396,1.064826597558218,0.0
2842,2,-1.142259372473531,2.7892836526338147,0.0
2842,3,0.4729429817785234,0.23045067747976633,0.0
2843,0,0.0,0.0,0.0
2843,1,0.2260238609345372,1.8370706526130647,0.0
2843,2,1.885226472232361,3.355942589727756,0.0
2843,3,1.7717143693829183,6.492941364306183,0.0
2844,0,0.0,0.0,0.0
2844,1,0.8933530404909813,2.059194710449938,0.0
2844,2,0.9795190583446687,2.9627380620225536,0.0
2845,0,0.0,0.0,0.0
2845,1,-0.0633912017936718,1.3730968195449749,0.0
2845,2,-1.5793774131411513,-0.9257673284140586,0.0
2845,3,-2.817977780235118,-1.526165475313493,0.0
2846,0,0.0,0.0,0.0
2846,1,1.43577503479935,0.4875783301957344,0.0
2846,2,3.09418857095314,-1.4870400646837638,0.0
2846,3,3.4485377145123843,-2.618456670716164,0.0
2847,0,0.0,0.0,0.0
2847,1,0.3209307459192257,1.0824760211016797,0.0
2847,2,-0.48495621502847186,1.2113373195692956,0.0
2847,3,-0.022716139211517827,1.9364140517218984,0.0
2847,4,1.0556024030750364,0.23695955144427283,0.0
2847,5,2.2424120179074736,-0.5131139099937083,0.0
2847,6,3.588752256018517,-0.019806962115786586,0.0
2847,7,1.1334109969956196,1.9562283949443795,0.0
2847,8,3.371520535860883,0.22300083112891333,0.0
2848,0,0.0,0.0,0.0
2848,1,-1.7781894190591654,-0.8532335183569287,0.0
2848,2,0.9637234864527903,-0.6928601089331899,0.0
2848,3,0.533319574385755,-0.2942678143990539,0.0
2848,4,1.9348699882151208,-0.9641494770016558,0.0
2848,5,-0.8343988760288786,-1.07779574479389,0.0
2848,6,0.26966553375710245,-2.0541386773604806,0.0
2848,7,1.6213682283564999,0.367049584777838,0.0
2848,8,0.3208900742329973,-0.6773002311173207,0.0
2848,9,0.8529469112490041,3.7694408286329066,0.0
2848,10,0.6214463113063455,2.817542516260935,0.0
2848,11,0.5660664641827338,2.9282689838382825,0.0
2848,12,1.597057816044579,3.459877708518728,0.0
2848,13,0.32717306745635055,3.3663231007326075,0.0
2849,0,0.0,0.0,0.0
2849,1,0.9311838603104253,0.49725032088362386,0.0
2849,2,1.0507332185353984,1.9208076229028155,0.0
2849,3,-0.3294146971145916,2.1581781602365284,0.0
2849,4,-0.16640479421350066,3.610290124713135,0.0
2849,5,-0.6619685077560727,1.7878506917259465,0.0
2850,0,0.0,0.0,0.0
2850,1,1.0698142687619154,0.3464066631690512,0.0
2850,2,0.5025692678297946,0.774750393529893,0.0
2850,3,1.7202783988166734,1.3314568083272817,0.0
2851,0,0.0,0.0,0.0
2851,1,2.6621586172161997,0.08328718976657123,0.0
2851,2,3.6583650545352078,-0.8463392839742281,0.0
2851,3,0.9583015611083479,-2.2645245448117306,0.0
2851,4,0.413387535163503,-0.9625823701416776,0.0
2852,0,0.0,0.0,0.0
2852,1,-1.4616099571725096,0.08588608870755188,0.0
2852,2,-0.31194013753093325,1.6737718583161905,0.0
2852,3,-1.263780710551893,2.0722941811664564,0.0
2852,4,-1.5936297150645053,4.404470459935045,0.0
2852,5,-1.4754366638964944,5.274550229720321,0.0
2853,0,0.0,0.0,0.0
2853,1,-2.137159347706285,-1.5791549548623078,0.0
2853,2,-1.5681520950666592,-2.246714296959499,0.0
2853,3,-0.3710329684387701,-4.3007430167350185,0.0
2853,4,0.30480583555879903,-2.6160474850776905,0.0
2853,5,0.6209151648496998,-5.033710213868873,0.0
2853,6,1.987578036639197,-2.775808981889299,0.0
2853,7,2.73864423771794,-1.876491357423663,0.0
2853,8,1.8268248150181603,-1.594486752571474,0.0
2853,9,1.0776648459171483,-4.420514711474448,0.0
2853,10,1.3616753131091048,-4.98984150134723,0.0
2853,11,1.619776303982039,-5.8512243704843625,0.0
2854,0,0.0,0.0,0.0
2854,1,1.0601685322294048,2.2951819994130678,0.0
2854,2,-1.7131917586861294,-0.7110590784187764,0.0
2854,3,-2.546187779733419,-1.1455657175268201,0.0
2855,0,0.0,0.0,0.0
2855,1,0.1813391701052947,-0.967571399139163,0.0
2855,2,1.244305028030924,-0.8401292155942215,0.0
2855,3,0.14115691963096533,-0.6835585442955701,0.0
2855,4,0.3895696596826167,-0.8874068570002953,0.0
2855,5,2.2608132657471307,-0.9945518948527861,0.0
2855,6,3.2035117698209614,-0.9222557671621909,0.0
2856,0,0.0,0.0,0.0
2856,1,3.0303213972218486,0.5643360301048224,0.0
2856,2,1.95940904690559,-0.5511334525121696,0.0
2856,3,1.245811311559636,-0.7323612268204331,0.0
2856,4,-0.19034518560409563,-0.6009126692354674,0.0
2856,5,-2.156652279080588,0.2976584859098461,0.0
2856,6,-0.21636302496069804,-1.1927275523863294,0.0
2856,7,-0.28222171341822877,1.100358466447603,0.0
2857,0,0.0,0.0,0.0
2857,1,-0.5638417336981268,1.5291744138477292,0.0
2857,2,0.6618484236881887,2.243399560214286,0.0
2857,3,2.661464584825577,1.6268789213641583,0.0
2857,4,1.9058530159201588,-0.10990782526274256,0.0
2857,5,1.5865535922771092,0.31921784229774564,0.0
2857,6,-0.4101275202439352,0.0383943534054948,0.0
2857,7,0.17884768280038021,0.6498835094599269,0.0
2857,8,0.1266530109030788,1.4113152452213282,0.0
2857,9,2.7152950883512483,0.4626067345013025,0.0
2857,10,1.4739864138661278,2.108267445808415,0.0
2857,11,-0.9594628024557597,3.050693683956963,0.0
2858,0,0.0,0.0,0.0
2858,1,0.7037356777550507,-0.10397519972439895,0.0
2858,2,3.377102768319803,1.8818757408275675,0.0
2859,0,0.0,0.0,0.0
2859,1,-3.2752369539815596,-1.3708712242048777,0.0
2859,2,-1.4955898291741179,0.24084239354623205,0.0
2859,3,-1.3295321113421212,-3.3677356677271986,0.0
2859,4,-1.07209846835794,-1.4649482525726223,0.0
2859,5,-0.5149019051316628,-1.7816508872606456,0.0
2860,0,0.0,0.0,0.0
2860,1,0.9220583611848476,0.6780975040908481,0.0
2860,2,-0.03366624541857299,0.5602310677120821,0.0
2861,0,0.0,0.0,0.0
2861,1,-0.790201565580023,-2.454696068851203,0.0
2861,2,-1.6163797974800511,-2.422082861749356,0.0
2862,0,0.0,0.0,0.0
2862,1,1.7676677425775935,0.7505730235244068,0.0
2862,2,-0.046535274464052534,0.2259222728286227,0.0
2863,0,0.0,0.0,0.0
2863,1,0.8605133842716794,1.4680860820673787,0.0
2863,2,-1.2986563262684734,-0.48899295653587554,0.0
2863,3,-0.8034217848078185,0.42536870254828113,0.0
2863,4,0.11315247053735455,1.9865058536546436,0.0
2863,5,-0.3062471332961343,0.7582573019796368,0.0
2863,6,-0.36933006588079276,1.1601607154804614,0.0
2864,0,0.0,0.0,0.0
2864,1,-1.5387470570792188,-1.859945845406657,0.0
2864,2,-4.035258739068061,-1.133494088574603,0.0
2865,0,0.0,0.0,0.0
2865,1,1.8337174415900832,1.1999837163757485,0.0
2865,2,1.5848665378320463,0.29144851240852576,0.0
2865,3,1.287329272360012,-1.0453160828604209,0.0
2866,0,0.0,0.0,0.0
2866,1,2.0234196008855925,1.2571364683722526,0.0
2866,2,-0.48458977763755856,-0.03301264030963602,0.0
2866,3,-1.1440275995282767,-1.0566829043892476,0.0
2867,0,0.0,0.0,0.0
2867,1,0.8918375880171072,-0.10279191950854982,0.0
2867,2,0.9412882636225919,1.4828188005353455,0.0
2868,0,0.0,0.0,0.0
2868,1,-0.9397977240276991,0.624574322310445,0.0
2868,2,0.9159030701791455,0.6053508518267563,0.0
2868,3,-2.388697610864595,1.9659888143378632,0.0
2868,4,-2.9015329200019124,0.3201208295122283,0.0
2869,0,0.0,0.0,0.0
2869,1,-3.0543136212885615,-0.42016844998414427,0.0
2869,2,-3.6538569987149767,-0.332580857999219,0.0
2870,0,0.0,0.0,0.0
2870,1,-1.7912010194751002,1.500551845841878,0.0
2870,2,-0.6438135185123384,2.27773012723092,0.0
2871,0,0.0,0.0,0.0
2871,1,-0.2863872576643174,0.009360933743694178,0.0
2871,2,-0.9415023513019769,-0.8462467068871783,0.0
2871,3,-2.040798804767854,-1.0734966852534762,0.0
2872,0,0.0,0.0,0.0
2872,1,-3.1658270295243245,1.1152701856504779,0.0
2872,2,-1.5709814080941147,1.9526645975036232,0.0
2872,3,-0.6302640176234215,0.0650379314132455,0.0
2873,0,0.0,0.0,0.0
2873,1,1.0586988335370002,-0.4586345993595212,0.0
2873,2,2.9780544323694524,0.16991151712733088,0.0
2874,0,0.0,0.0,0.0
2874,1,2.61624281391932,1.5372964669523503,0.0
2874,2,2.2406003657985316,2.6801284543644073,0.0
2875,0,0.0,0.0,0.0
2875,1,1.1959849393551891,1.0200716761183495,0.0
2875,2,0.05622290007716546,0.585766685159518,0.0
2875,3,1.5150827795516582,-0.3611492382515826,0.0
2876,0,0.0,0.0,0.0
2876,1,1.5700176100924428,-1.0774637106248908,0.0
2876,2,1.993362149696177,-0.36623720561029594,0.0
2877,0,0.0,0.0,0.0
2877,1,1.4750841203115839,1.4463786781585466,0.0
2877,2,-0.0880097467588925,3.582239948316251,0.0
2877,3,1.502153812544182,3.7092566531122393,0.0
2877,4,2.6861203760120085,3.0753961339301767,0.0
2878,0,0.0,0.0,0.0
2878,1,0.3522462345819365,-0.8789804288893596,0.0
2878,2,-2.5083176074172293,-0.6372399946324532,0.0
2878,3,-4.232372691749299,-1.801131780850195,0.0
2879,0,0.0,0.0,0.0
2879,1,-0.6657515325159673,-1.8044059716591976,0.0
2879,2,-0.5421243634725341,-0.12962564299844181,0.0
2880,0,0.0,0.0,0.0
2880,1,2.141789973820008,1.5969088874955546,0.0
2880,2,0.9405426321536773,3.3031782106354113,0.0
2880,3,0.6167669861190874,0.3320028253912326,0.0
2881,0,0.0,0.0,0.0
2881,1,0.7470733976904167,-3.3953489894049413,0.0
2881,2,-0.9753374583751468,-0.5839014376889646,0.0
2881,3,0.25326221079583067,0.9908040808796816,0.0
2881,4,-1.1349607229093344,0.4438174126856511,0.0
2882,0,0.0,0.0,0.0
2882,1,1.600137238435311,-1.6270843545111011,0.0
2882,2,-0.9007866799083206,-2.0588083914635336,0.0
2882,3,0.6871769012461331,-2.27143890292412,0.0
2882,4,-0.1369701827031755,-0.7314383004596217,0.0
2883,0,0.0,0.0,0.0
2883,1,-0.573332429691552,-1.293796791560723,0.0
2883,2,-0.2049289792843323,0.8021144564849674,0.0
2883,3,-0.06303746455867265,0.0547026681457255,0.0
2884,0,0.0,0.0,0.0
2884,1,0.5649929305171737,0.8082754086820172,0.0
2884,2,1.1373418820645056,1.8256025600566017,0.0
2884,3,0.500640797945878,-0.11323456007871391,0.0
2884,4,0.771489033950131,-3.031469555112608,0.0
2884,5,0.652015985923768,-2.7546696896141016,0.0
2884,6,1.6285809274924565,-0.93001916249559,0.0
2885,0,0.0,0.0,0.0
2885,1,-0.1691199770647931,-1.9488001728117195,0.0
2885,2,-0.08635138125362607,-2.033725452813287,0.0
2885,3,0.8298719223914213,-0.46311321154519447,0.0
2885,4,-0.7125134963547564,-2.5057474279646077,0.0
2886,0,0.0,0.0,0.0
2886,1,0.24753702458991578,1.5931140073419965,0.0
2886,2,0.4588003251617252,-0.45670831277183566,0.0
2887,0,0.0,0.0,0.0
2887,1,-1.1134265736075224,2.137490880045457,0.0
2887,2,0.6266219273727769,1.931932957724839,0.0
2887,3,0.02286759333715005,2.0447979166260644,0.0
2887,4,-1.4090438729165322,1.0784133394698316,0.0
2887,5,0.011176660311039477,0.3704588478663078,0.0
2887,6,0.8461599328723626,2.0681999262350246,0.0
2887,7,2.165105046365956,0.903524970176937,0.0
2888,0,0.0,0.0,0.0
2888,1,0.8459236141965546,-1.002886508613167,0.0
2888,2,1.0895670555500931,1.4029701841612983,0.0
2889,0,0.0,0.0,0.0
2889,1,0.6374681177325892,1.0589161038811663,0.0
2889,2,0.42983790002297106,2.4605830026122204,0.0
2890,0,0.0,0.0,0.0
2890,1,-1.00849861734352,-1.108339531289503,0.0
2890,2,-1.0383484234141254,-1.189881907407678,0.0
2891,0,0.0,0.0,0.0
2891,1,-0.2928334210477731,0.6202832893050381,0.0
2891,2,1.2125228672756148,0.020671638916704538,0.0
2892,0,0.0,0.0,0.0
2892,1,-1.4506821288351575,2.974771103989026,0.0
2892,2,-0.1018315060060122,5.219410948799936,0.0
2893,0,0.0,0.0,0.0
2893,1,0.2569700807143227,-0.07893139379094194,0.0
2893,2,-0.748839365724526,0.16916754290799152,0.0
2894,0,0.0,0.0,0.0
2894,1,-3.440238138096522,-0.3947189024989405,0.0
2894,2,-1.5555045663457392,-0.06591790950785675,0.0
2895,0,0.0,0.0,0.0
2895,1,0.6235684836332522,-1.7805379056379365,0.0
2895,2,0.4144667142204621,-2.1685415758382933,0.0
2896,0,0.0,0.0,0.0
2896,1,0.26830418341221185,0.7892442555779496,0.0
2896,2,0.5092878042154717,-0.5389436151712385,0.0
2897,0,0.0,0.0,0.0
2897,1,-0.028123978428698987,2.662390921561848,0.0
2897,2,1.2666314384726463,-0.5145681737811262,0.0
2897,3,1.3561544199633664,1.1991067906370059,0.0
2898,0,0.0,0.0,0.0
2898,1,1.747738206707661,0.0858357026015909,0.0
2898,2,1.0966529225996788,0.7697172028990863,0.0
2898,3,1.9239131898691968,2.6807879076116565,0.0
2898,4,-0.06052069396898907,3.5102493681751064,0.0
2899,0,0.0,0.0,0.0
2899,1,-1.5661714065988717,-1.9390871799384328,0.0
2899,2,-0.9477245099793783,-2.4002206567919417,0.0
2900,0,0.0,0.0,0.0
2900,1,-3.70824816098773,-0.7825157726714898,0.0
2900,2,-2.2764940229557564,1.9184638011666795,0.0
2901,0,0.0,0.0,0.0
2901,1,1.0555892401614324,1.6765171327337853,0.0
2901,2,0.40632732967140095,2.2844392449171647,0.0
2901,3,1.8013207279590238,-0.7138893687614638,0.0
2901,4,0.6823835703142151,0.7056277502296682,0.0
2901,5,3.3254749534063537,-0.10943045725671818,0.0
2901,6,2.8934529325850518,0.9698856668079885,0.0
2902,0,0.0,0.0,0.0
2902,1,-0.6679473836783921,-1.0448973187478656,0.0
2902,2,-1.3348510502129063,1.6165926213804287,0.0
2903,0,0.0,0.0,0.0
2903,1,0.15794159315098666,-2.1100032421620174,0.0
2903,2,-1.030764949226445,-1.2874306831697888,0.0
2903,3,-0.4129532647756792,-1.9657230997027184,0.0
2904,0,0.0,0.0,0.0
2904,1,-1.6587922563042767,0.18800341494999553,0.0
2904,2,-2.1546583057278523,-1.1095253869748147,0.0
2904,3,1.1251702279781346,-1.674367636285206,0.0
2904,4,0.6865639646832661,-3.011721594797529,0.0
2905,0,0.0,0.0,0.0
2905,1,2.0709379543543447,1.4283751784746168,0.0
2905,2,2.774936420728051,0.9126270648012069,0.0
2905,3,4.05138866510568,1.372196268948955,0.0
2906,0,0.0,0.0,0.0
2906,1,-2.5704583509440204,0.14351563112650007,0.0
2906,2,-2.2741238171716955,0.43984280031008377,0.0
2907,0,0.0,0.0,0.0
2907,1,1.9935602282736538,-2.038655968191389,0.0
2907,2,-0.3778926217122288,-3.6512432226651512,0.0
2907,3,1.127716229677234,-4.169409036686139,0.0
2907,4,3.4941076519527123,-2.0409053239939112,0.0
2908,0,0.0,0.0,0.0
2908,1,0.02061521099425434,0.3521746150876095,0.0
2908,2,0.9932607330728411,0.8924002219308829,0.0
2909,0,0.0,0.0,0.0
2909,1,-1.3108086766347775,0.5988681036712841,0.0
2909,2,-1.4331719307960953,-0.4117484832855448,0.0
2909,3,0.0754145155220054,-0.2548036664229113,0.0
2910,0,0.0,0.0,0.0
2910,1,-1.6797070218323316,0.6112743998023489,0.0
2910,2,0.00411116532544753,1.6533573789377487,0.0
2910,3,0.12912224119533322,0.6468162864601021,0.0
2910,4,-1.6062333651911613,-0.18034695578223614,0.0
2911,0,0.0,0.0,0.0
2911,1,0.684193987855285,-0.44418090937310983,0.0
2911,2,1.236742311056662,-0.690942293763444,0.0
2911,3,1.8028960698814103,-2.751775491969192,0.0
2912,0,0.0,0.0,0.0
2912,1,-0.8100847502035868,1.1807243780327241,0.0
2912,2,-0.6760084142578379,1.6091728264606453,0.0
2912,3,-0.9195249959642513,-0.10278473750777695,0.0
2912,4,-0.27960732306605074,-0.641509564510585,0.0
2913,0,0.0,0.0,0.0
2913,1,1.4027888046487305,-0.3303651531186015,0.0
2913,2,-0.17216554175031074,0.7674340093185944,0.0
2913,3,1.2820709976058438,1.2518418589731362,0.0
2914,0,0.0,0.0,0.0
2914,1,-0.1666087932522462,0.017507672024021703,0.0
2914,2,0.7969808262899453,-1.3295128205637288,0.0
2915,0,0.0,0.0,0.0
2915,1,0.9101327633037133,-0.818670710939527,0.0
2915,2,0.026098184804430158,-0.7467822733511846,0.0
2916,0,0.0,0.0,0.0
2916,1,2.6474995656215343,-1.0807962160677849,0.0
2916,2,3.217678815438334,-1.9607691941452194,0.0
2916,3,3.908311622760473,-4.438960855824725,0.0
2917,0,0.0,0.0,0.0
2917,1,-1.168014218082548,-2.145086011271777,0.0
2917,2,-2.098981070423532,-1.1447298518248135,0.0
2917,3,-2.003833022906739,0.31654038677925556,0.0
2917,4,-0.8286952815006385,0.7914441504842973,0.0
2917,5,-1.4673682346389267,-0.9333729479427371,0.0
2918,0,0.0,0.0,0.0
2918,1,-0.4960317936979517,2.0548251351905074,0.0
2918,2,-2.1317671823751754,4.0057124950279235,0.0
2918,3,-3.6676088896254724,4.8876735393952355,0.0
2918,4,-2.0852471818354745,4.7810960694030005,0.0
2919,0,0.0,0.0,0.0
2919,1,-1.4027220280469075,0.7128644567404872,0.0
2919,2,0.43998799532661725,-0.05392841605080728,0.0
2919,3,1.8900918198769507,0.9842877959965977,0.0
2919,4,-0.016142603153069812,1.8386273910783701,0.0
2919,5,-0.9779587013582673,2.3205249761508857,0.0
2920,0,0.0,0.0,0.0
2920,1,-1.8683174469964885,-1.682196829643147,0.0
2920,2,0.2717927290949448,-3.9320111505314292,0.0
2920,3,1.5540218278514508,-1.9953919347677602,0.0
2921,0,0.0,0.0,0.0
2921,1,-1.5889434063321535,-3.4008952086903226,0.0
2921,2,-2.2859448980252175,-2.420925444183365,0.0
2922,0,0.0,0.0,0.0
2922,1,-1.0716997114115836,1.3965394600240082,0.0
2922,2,-2.2437233190738732,0.17188425019142928,0.0
2923,0,0.0,0.0,0.0
2923,1,-0.6774521852928199,0.5247550079975847,0.0
2923,2,-0.7448776346840524,-2.5599743538304636,0.0
2924,0,0.0,0.0,0.0
2924,1,-2.3676698056525702,2.4911349571279615,0.0
2924,2,-1.484794742639506,3.6966216126767835,0.0
2925,0,0.0,0.0,0.0
2925,1,0.03719822178889576,-0.6482516486923859,0.0
2925,2,0.12825168731536962,0.008447861106296972,0.0
2925,3,1.4432897953111752,1.3535644620355889,0.0
2926,0,0.0,0.0,0.0
2926,1,-0.45293107296811497,0.7641962132679698,0.0
2926,2,-0.9891875909722335,1.3043641898937635,0.0
2926,3,2.0553536072661367,0.5565488715423057,0.0
2927,0,0.0,0.0,0.0
2927,1,0.10398680867782972,-1.0202642300815281,0.0
2927,2,-1.498276675878349,0.41184909189726415,0.0
2928,0,0.0,0.0,0.0
2928,1,-0.9801012423665578,0.6107033947637182,0.0
2928,2,0.9557989244250411,-1.7551619680739399,0.0
2928,3,0.38605285977308357,-2.1504747831929842,0.0
2928,4,2.3610959048332227,-2.1152883181944495,0.0
2929,0,0.0,0.0,0.0
2929,1,0.7858657630257913,0.3290092481825666,0.0
2929,2,1.3468834598238213,0.06787292386673105,0.0
2930,0,0.0,0.0,0.0
2930,1,3.076435291616344,0.84982849798011,0.0
2930,2,3.210649848081232,0.5579719963094051,0.0
2930,3,4.976159549031252,0.6530168056418946,0.0
2930,4,4.534962447784188,1.9133083436673748,0.0
2931,0,0.0,0.0,0.0
2931,1,-1.0892047956833388,0.38895451422183414,0.0
2931,2,-2.372222334411158,-0.49217017050557876,0.0
2931,3,-1.7676088017905864,0.38904654081972756,0.0
2931,4,-1.9027384930586249,0.538203526961036,0.0
2931,5,-4.805035990439588,-1.3594244214973106,0.0
2931,6,-4.141113889163211,0.07978949409282199,0.0
2931,7,-3.953801399180133,0.2672429743328343,0.0
2932,0,0.0,0.0,0.0
2932,1,0.5916195977398724,-1.355235130473458,0.0
2932,2,0.8226298688380955,-2.011819751669714,0.0
2932,3,1.4509644251239777,-3.8553392946129814,0.0
2932,4,2.0073521982445612,-1.9016308267371007,0.0
2932,5,0.6334709004403152,-2.8192664109772987,0.0
2932,6,0.8195419685772514,-1.3125369701719396,0.0
2932,7,0.5744574682279371,-1.5382372424704802,0.0
2933,0,0.0,0.0,0.0
2933,1,-0.5816632968832551,0.8835884125874507,0.0
2933,2,2.0220291914370594,1.7328018700594574,0.0
2933,3,2.465743257901177,1.4526572694478725,0.0
2933,4,2.2489463584890217,1.008740505470709,0.0
2934,0,0.0,0.0,0.0
2934,1,1.7305851400519578,-0.6729552483749259,0.0
2934,2,0.45885003747351827,-1.2542052333667768,0.0
2934,3,-0.4936646693047553,-1.8243008905275062,0.0
2935,0,0.0,0.0,0.0
2935,1,0.005258860640774188,0.785324128993331,0.0
2935,2,-0.07425539974546957,1.0192257346676161,0.0
2935,3,-0.21923236566155957,1.6352804632982885,0.0
2935,4,-1.607942597955998,-1.3401078397299666,0.0
2936,0,0.0,0.0,0.0
2936,1,2.749367339462108,1.3478951671148927,0.0
2936,2,4.883803631848418,0.8320812608580328,0.0
2936,3,3.485124335829615,0.1565536527146325,0.0
2936,4,2.6353195247132444,-0.5263383673011452,0.0
2936,5,1.058473749397975,0.7212047288467562,0.0
2936,6,0.7161416692735725,1.0579429689448547,0.0
2937,0,0.0,0.0,0.0
2937,1,-0.8140836446494284,2.7736843502644315,0.0
2937,2,1.2820911230652332,2.6817396351213127,0.0
2937,3,-1.3983619176107742,1.4039209227593894,0.0
2938,0,0.0,0.0,0.0
2938,1,-0.2570720731088496,1.509965484929185,0.0
2938,2,-0.4099029223286026,0.6249819370873481,0.0
2939,0,0.0,0.0,0.0
2939,1,2.01572917567851,-0.0189954602625695,0.0
2939,2,-1.6203986192190711,-0.8360033215314675,0.0
2940,0,0.0,0.0,0.0
2940,1,-0.42921799466874155,-0.39226657574756874,0.0
2940,2,-2.9514404084711687,-1.781656647727847,0.0
2940,3,-4.544934042889763,-1.2285114577172866,0.0
2940,4,-3.566225278127553,1.151369543773092,0.0
2941,0,0.0,0.0,0.0
2941,1,0.7107453110927895,-0.49385688966277086,0.0
2941,2,-1.7752129178927576,0.3893823716687119,0.0
2942,0,0.0,0.0,0.0
2942,1,1.2973796585016775,0.35783007594691696,0.0
2942,2,1.6096881426521499,-1.8681956581055434,0.0
2942,3,0.8074664758930865,-3.1176923918719677,0.0
2943,0,0.0,0.0,0.0
2943,1,-1.4258684037331073,-0.389126562121877,0.0
2943,2,-2.8926051653010836,2.0074620415304043,0.0
2944,0,0.0,0.0,0.0
2944,1,-0.05665665248502261,-0.6511745409694409,0.0
2944,2,0.0392112349809135,-0.8747669242587492,0.0
2945,0,0.0,0.0,0.0
2945,1,2.263415393611258,-0.18128275020804385,0.0
2945,2,1.7581680929156833,-0.43687285051904445,0.0
2946,0,0.0,0.0,0.0
2946,1,1.7809493148909372,-2.1044254319771634,0.0
2946,2,1.8174971466275553,-1.7897807235542598,0.0
2947,0,0.0,0.0,0.0
2947,1,-0.32151739946394664,0.691945217474022,0.0
2947,2,0.4290926094989216,-0.9581758146582213,0.0
2947,3,2.033225622963408,-1.5205913120017873,0.0
2947,4,2.1549466153801093,-2.7317516264952033,0.0
2947,5,0.13810328234103575,-0.5182519753860102,0.0
2947,6,2.3372110963938324,-1.6343092499727019,0.0
2947,7,1.322190819701842,-0.3859180659087502,0.0
2947,8,2.431287367666573,-2.010705790311931,0.0
2948,0,0.0,0.0,0.0
2948,1,-1.227330793855434,-1.8233305642255013,0.0
2948,2,-2.059939559142358,-1.2787447659466764,0.0
2949,0,0.0,0.0,0.0
2949,1,-1.9856529168756576,-0.829270222440448,0.0
2949,2,-1.5575129300113169,1.7024370482296414,0.0
2949,3,1.295948069375561,1.5482484984434581,0.0
2949,4,-0.09673828738572998,1.5282657497354646,0.0
2949,5,1.6418331159355564,1.0421680423002262,0.0
2949,6,0.8295519543358872,-2.4092015876535418,0.0
2949,7,-1.1669221870887818,-1.7681505334768834,0.0
2949,8,-2.1063168893230446,-2.951932492294715,0.0
2949,9,-1.7505646838039444,-4.601707086870437,0.0
2949,10,-2.9973472195032245,-4.941586779021296,0.0
2949,11,-2.032975415802806,-2.555349201620626,0.0
2949,12,-0.3855331692176428,-4.015852768760936,0.0
2950,0,0.0,0.0,0.0
2950,1,0.34094423193859735,-2.425627770588964,0.0
2950,2,1.0378983867257447,-1.0336344404876008,0.0
2951,0,0.0,0.0,0.0
2951,1,0.13382336360067848,0.2248360761112797,0.0
2951,2,1.1861600289954777,1.35024783996881,0.0
2951,3,0.360065784743977,-0.0073607843852394605,0.0
2952,0,0.0,0.0,0.0
2952,1,-0.37475871178430925,1.1193015028814557,0.0
2952,2,0.7933827519176531,-0.30508452794272367,0.0
2952,3,1.928954557300293,0.9338259443994752,0.0
2952,4,2.340386749466282,1.2284580431140757,0.0
2952,5,1.8063749791543493,1.3817177880792015,0.0
2952,6,0.35892831056055546,3.0640945915516764,0.0
2952,7,1.5645939259244748,1.119003386596654,0.0
2953,0,0.0,0.0,0.0
2953,1,-0.5422960432896259,0.10105068992893085,0.0
2953,2,0.31130840423193495,1.7594455291658488,0.0
2954,0,0.0,0.0,0.0
2954,1,-1.9334804625420274,-1.6368006720613195,0.0
2954,2,-0.9106802308365953,-3.9899246473036856,0.0
2954,3,-0.5250867465257407,-4.363247760858734,0.0
2955,0,0.0,0.0,0.0
2955,1,-0.5561375067290468,1.1695111038777202,0.0
2955,2,0.36035365798152297,0.6425013784275384,0.0
2955,3,0.8798460746696604,0.259870268449097,0.0
2955,4,0.9656780342390414,1.3244138825148566,0.0
2955,5,0.7326699857840335,0.4299440282736482,0.0
2955,6,-0.28205532964966995,-0.6345593431081262,0.0
2955,7,-0.5723295199673326,2.7628624331506533,0.0
2956,0,0.0,0.0,0.0
2956,1,1.6397135247688275,1.3597943007463582,0.0
2956,2,-0.8254416605996,3.3405804698952566,0.0
2957,0,0.0,0.0,0.0
2957,1,-1.168734861627605,0.10816853400958437,0.0
2957,2,0.504025224195412,1.9197759313350855,0.0
2957,3,0.22474308869109716,2.7866532498217746,0.0
2957,4,0.199904558834622,2.9784691249214084,0.0
2957,5,0.5466266918675804,1.8005756591013902,0.0
2957,6,0.3653664504654205,3.955229234964687,0.0
2957,7,-0.8171351491473209,3.82517737976556,0.0
2957,8,0.8428827222629369,5.604701797370597,0.0
2958,0,0.0,0.0,0.0
2958,1,-0.2252649058102344,0.16790972163373843,0.0
2958,2,-1.9009882795958095,-1.0930907687441167,0.0
2958,3,-0.02000604440148579,-0.8661711703383992,0.0
2958,4,-1.3154639849009018,-2.748343503656066,0.0
2958,5,0.12911449751802828,-4.020168925100546,0.0
2959,0,0.0,0.0,0.0
2959,1,0.9730150252456121,-2.79680844740456,0.0
2959,2,0.9563436133466516,-0.49443190284057037,0.0
2959,3,1.7957458449915407,-1.0051302735084477,0.0
2959,4,3.909719952109877,0.09062520510237526,0.0
2959,5,3.9809467010177073,-0.5185756324180852,0.0
2960,0,0.0,0.0,0.0
2960,1,0.4461850846039254,0.5522241814645177,0.0
2960,2,0.8067715626266584,0.9042490833967951,0.0
2960,3,0.13000936679211067,1.727163019373753,0.0
2961,0,0.0,0.0,0.0
2961,1,0.7619232461315404,1.7176670431606216,0.0
2961,2,3.2067910347567055,2.4523906950976446,0.0
2962,0,0.0,0.0,0.0
2962,1,1.1800937692919753,2.8011694798267235,0.0
2962,2,0.668257791805934,1.1386061833800905,0.0
2963,0,0.0,0.0,0.0
2963,1,0.1341796110602333,-1.1983219845971764,0.0
2963,2,1.5414160037877793,-2.4284799812198763,0.0
2963,3,3.2989710740826155,-1.7612198005901476,0.0
2963,4,4.634484535173265,-4.828324891196352,0.0
2963,5,3.6720233500071062,-3.503183480264408,0.0
2964,0,0.0,0.0,0.0
2964,1,0.874133272119052,-0.5257412124407308,0.0
2964,2,-0.9321178937113772,-1.7599588513165527,0.0
2964,3,-1.5299405934022352,-2.44785904256865,0.0
2965,0,0.0,0.0,0.0
2965,1,0.20530717305341195,-1.0253750478384227,0.0
2965,2,-0.9432822835513863,0.6807638547507551,0.0
2965,3,-0.6515259221508645,1.232304096299094,0.0
2965,4,-1.0567829452104702,-1.647982648939501,0.0
2965,5,0.8967703264667701,0.57655994321129,0.0
2965,6,0.14980404569314276,-0.6595284507333106,0.0
2965,7,3.860103361103314,-2.0323309934596474,0.0
2965,8,3.091416712282406,-0.9078022431870334,0.0
2965,9,2.845340798635318,-1.0112557535227666,0.0
2965,10,0.95923782750055,-2.027020068232629,0.0
2965,11,0.7601513287671999,-1.0257238559582293,0.0
2965,12,0.5919223190720916,-1.3357023190648531,0.0
2965,13,1.1428269491257639,-3.350508170878026,0.0
2966,0,0.0,0.0,0.0
2966,1,1.987478727336217,0.14615480878021136,0.0
2966,2,0.4266704824014511,0.9333923010346851,0.0
2966,3,2.7728757149845773,0.4032459256766522,0.0
2966,4,0.13712943074433448,0.620759458761221,0.0
2966,5,-0.44173705306069666,0.7273204272265178,0.0
2966,6,-2.72788636563857,0.4613466311227351,0.0
2966,7,-1.5030521526462335,-0.7941496955644084,0.0
2966,8,-2.417057369997872,-0.11843121686280944,0.0
2966,9,-1.4607341662565398,0.9641896475299204,0.0
2967,0,0.0,0.0,0.0
2967,1,-0.6396251435369886,-0.6551008759492194,0.0
2967,2,-2.1517443451441576,0.5173060622495649,0.0
2967,3,-3.9618270148313925,-2.183185709253289,0.0
2967,4,-2.3687082295152573,0.16741228968944344,0.0
2967,5,-1.0561385038734858,-1.2712894817168505,0.0
2968,0,0.0,0.0,0.0
2968,1,2.0481833352866574,1.779533210523618,0.0
2968,2,-1.9620011438672582,3.184179747971124,0.0
2968,3,-0.638336449039127,1.7439118321390636,0.0
2969,0,0.0,0.0,0.0
2969,1,-0.8851338677034932,-0.9065623630133246,0.0
2969,2,1.5335025567984508,-1.7929638853668528,0.0
2969,3,-0.40970489069256777,-1.0376581551136284,0.0
2969,4,0.7934910478350146,-2.82242013444292,0.0
2970,0,0.0,0.0,0.0
2970,1,-1.7173569729477007,-1.8942317212237239,0.0
2970,2,-1.3232947055876365,0.3155741138081387,0.0
2971,0,0.0,0.0,0.0
2971,1,0.9008076077823219,0.20568739722394236,0.0
2971,2,0.28219090576563144,1.7927688253203264,0.0
2972,0,0.0,0.0,0.0
2972,1,-1.0736200099406168,-0.32256872576764195,0.0
2972,2,-1.4238488889985468,-0.34432799844372597,0.0
2973,0,0.0,0.0,0.0
2973,1,0.29753547284109955,0.5529018296068196,0.0
2973,2,0.9563157302667955,1.7935540140878057,0.0
2974,0,0.0,0.0,0.0
2974,1,0.9256013261994711,1.4017887486737282,0.0
2974,2,0.6455279163832004,2.405936588740141,0.0
2974,3,-0.9751386576586958,1.976490979576937,0.0
2975,0,0.0,0.0,0.0
2975,1,0.9354938264548274,0.3801501928103532,0.0
2975,2,0.3532715103972528,0.46396006092258957,0.0
2976,0,0.0,0.0,0.0
2976,1,0.335561810168828,-0.690563386944262,0.0
2976,2,1.5211911292086315,-0.4475928387943021,0.0
2976,3,2.436252918317561,-2.287405444412427,0.0
2977,0,0.0,0.0,0.0
2977,1,1.861809191846163,-3.238939643097593,0.0
2977,2,3.173813277328982,-4.015362865163995,0.0
2978,0,0.0,0.0,0.0
2978,1,1.9922019853352715,1.6963681909971076,0.0
2978,2,1.06407614637823,0.8230793327898681,0.0
2979,0,0.0,0.0,0.0
2979,1,-2.4206134289886805,-2.3992008504358964,0.0
2979,2,-2.384701308665847,-1.331784400915303,0.0
2979,3,-2.062463350586008,-2.572542314550554,0.0
2979,4,-0.5800808815681091,-2.1510780627152,0.0
2980,0,0.0,0.0,0.0
2980,1,-0.0858717257497491,0.8807739529359729,0.0
2980,2,0.4999281252641743,1.134166663418006,0.0
2981,0,0.0,0.0,0.0
2981,1,-0.35711234291085703,1.9022689790400058,0.0
2981,2,1.2872384612845003,2.1981536063447016,0.0
2981,3,0.1608391119099424,1.7090649317965367,0.0
2981,4,0.4264024191030509,1.2276393976860989,0.0
2981,5,-2.0699121097661264,0.1231184146782971,0.0
2982,0,0.0,0.0,0.0
2982,1,2.2948980758823057,1.4812740111586202,0.0
2982,2,4.731973148717542,-0.5660071750949425,0.0
2982,3,2.1511128817115144,-0.8505151921345766,0.0
2982,4,3.4222242126121167,-0.748877760822034,0.0
2982,5,4.117097778182527,-0.8179305381841635,0.0
2982,6,2.7652076136993258,-3.0041534503899867,0.0
2982,7,1.735446629120958,-3.33174847292167,0.0
2982,8,2.6252593396472146,-1.3888097432241724,0.0
2982,9,1.8274353972260455,-1.0486979437101278,0.0
2982,10,3.216360544814552,-2.8639639323366617,0.0
2983,0,0.0,0.0,0.0
2983,1,-0.6852039973080345,0.5023615811121454,0.0
2983,2,-2.125802825471993,0.992290611623035,0.0
2984,0,0.0,0.0,0.0
2984,1,-2.2952373685545395,-2.9171942799377257,0.0
2984,2,-1.7492330622850143,-2.6532277334806125,0.0
2984,3,1.2568494525542788,-4.345751767106652,0.0
2984,4,-1.6169169588026926,-4.8621419891906745,0.0
2985,0,0.0,0.0,0.0
2985,1,-2.192347563443548,-0.6258597695566941,0.0
2985,2,-1.2411278615239196,-0.13790894688694166,0.0
2986,0,0.0,0.0,0.0
2986,1,-0.46812320232331894,0.6001118448512324,0.0
2986,2,-0.6930380514166976,0.6625111372428756,0.0
2986,3,-1.6142009296248698,1.077515883515971,0.0
2986,4,-2.828684580535824,0.5494381586754575,0.0
2986,5,-4.435319889928611,0.9322314653128436,0.0
2986,6,-2.9372929220706925,-1.9338299086574406,0.0
2986,7,-4.178236751422805,-1.9851218490182756,0.0
2986,8,-1.2725789307151394,-3.141951739941409,0.0
2986,9,-0.9773151742776747,-2.385440598454841,0.0
2987,0,0.0,0.0,0.0
2987,1,0.9770405444406277,-0.855442940966726,0.0
2987,2,1.0336314654849625,-1.3621539170114192,0.0
2987,3,0.27594441739378994,-0.02293233195913605,0.0
2987,4,0.0473721536676629,-0.9460879077149409,0.0
2987,5,0.6138946420525543,0.545257871450435,0.0
2987,6,1.0324551790344905,-1.818780817034672,0.0
2988,0,0.0,0.0,0.0
2988,1,-1.3335405628993748,2.0862572451337793,0.0
2988,2,-3.773553974517843,0.21738417100727497,0.0
2989,0,0.0,0.0,0.0
2989,1,0.064666577875573,0.34019281960279046,0.0
2989,2,1.8908662497432078,-0.4008357977508781,0.0
2989,3,-0.7132159221877318,-3.2866068516049323,0.0
2990,0,0.0,0.0,0.0
2990,1,1.996383281093705,-1.6132260409157162,0.0
2990,2,1.4005703752484222,-0.8674105664055478,0.0
2990,3,-2.0058685066814377,-2.136016988977247,0.0
2990,4,-2.4286173835846623,-0.068380729333966,0.0
2990,5,-1.418183956600252,-0.26175507945475074,0.0
2990,6,-3.1521537831150086,0.7952912064519475,0.0
2991,0,0.0,0.0,0.0
2991,1,1.6081595993771685,-2.129422242133697,0.0
2991,2,2.3418236773751344,-1.7696679542649423,0.0
2992,0,0.0,0.0,0.0
2992,1,0.9365261028344409,0.04814035898039781,0.0
2992,2,3.7150664710714993,-0.18541998425580297,0.0
2992,3,1.2663045311286265,-1.3429389279455888,0.0
2992,4,-0.9931871967713972,1.9497290030291674,0.0
2992,5,0.06495873540166652,0.2911885250433912,0.0
2993,0,0.0,0.0,0.0
2993,1,1.400967381995097,0.6016943979753558,0.0
2993,2,1.361427980425098,2.0193354089487285,0.0
2994,0,0.0,0.0,0.0
2994,1,0.27756165049260884,-0.11267469973904731,0.0
2994,2,0.1037565460573131,0.6590604458582083,0.0
2995,0,0.0,0.0,0.0
2995,1,-0.34809257870223687,-2.453699536751194,0.0
2995,2,0.10058585325831548,-1.3324323378484648,0.0
2995,3,-0.9488905125851805,-2.6855501028799393,0.0
2995,4,-0.680965137289752,-2.169898753774892,0.0
2995,5,0.75665806198956,-1.2610731456430335,0.0
2995,6,-2.673832665874685,-0.7511242884984726,0.0
2995,7,-3.0005403215823865,-1.7344912155986065,0.0
2996,0,0.0,0.0,0.0
2996,1,-1.0278898306234652,-0.6933266257885758,0.0
2996,2,-2.207422164034767,-0.6817704034952303,0.0
2996,3,-1.305504789416736,-1.044833731678418,0.0
2996,4,-1.7282749827865904,0.6828189078972984,0.0
2996,5,-2.8183062094281692,2.6643876874516077,0.0
2996,6,-2.1203918905014287,0.04079062841216574,0.0
2996,7,-1.9495026685446395,0.7537997650028525,0.0
2997,0,0.0,0.0,0.0
2997,1,-2.2392203277138893,-0.932454113429706,0.0
2997,2,-0.48931974308602155,0.7526572664054818,0.0
2997,3,-1.1687286359660678,2.5835516516639645,0.0
2997,4,-1.4123797660735216,1.4529258652968395,0.0
2998,0,0.0,0.0,0.0
2998,1,2.1240434476361743,-1.0038145856957315,0.0
2998,2,1.2630233504529287,-1.7253853448386716,0.0
2999,0,0.0,0.0,0.0
2999,1,-0.849337263341652,-0.764106660940437,0.0
2999,2,0.08101145705769447,-2.29029598992519,0.0
2999,3,-0.3322541581680484,-0.7896374916616238,0.0
2999,4,-1.9559184576523907,-1.7080707119536607,0.0
2999,5,-0.7596944585902623,-2.5881238482077857,0.0
2999,6,0.22206287327839774,-0.05318397448542944,0.0
2999,7,-1.796989153590792,-1.5105684088732505,0.0
2999,8,0.45052115813810184,-2.3294836924512157,0.0
2999,9,-0.09537183959595835,-0.7975938312588551,0.0
3000,0,0.0,0.0,0.0
3000,1,0.7933777707464544,-0.6189528721322208,0.0
3000,2,1.177285054758584,0.13668445812100272,0.0
3000,3,1.8071727531689,-1.5785667768621643,0.0
3001,0,0.0,0.0,0.0
3001,1,-0.8710338688653634,1.1255202617728328,0.0
3001,2,-0.26927384788043257,1.0571910263905073,0.0
3001,3,-1.878497282105664,1.4722167140319002,0.0
3001,4,-0.2620125696095757,0.7801281067285399,0.0
3002,0,0.0,0.0,0.0
3002,1,0.7960681088117788,0.6321796072860666,0.0
3002,2,1.7165303393969147,0.36269299415147715,0.0
3002,3,2.6752814088764953,0.33064949514871445,0.0
3003,0,0.0,0.0,0.0
3003,1,-2.4232885241423556,1.8503754423602383,0.0
3003,2,-2.928410511378357,1.199878154499268,0.0
3004,0,0.0,0.0,0.0
3004,1,0.3824098354833127,0.04971257213772118,0.0
3004,2,0.17266228560000518,-0.6829668108377516,0.0
3004,3,0.34200440940877375,-1.057425835957186,0.0
3005,0,0.0,0.0,0.0
3005,1,0.5282021569517201,2.2653765540241038,0.0
3005,2,0.6212383050604917,4.460493254249065,0.0
3005,3,2.2222577929518765,3.3114134927713517,0.0
3006,0,0.0,0.0,0.0
3006,1,-1.539227668096395,0.19246980955028847,0.0
3006,2,-0.9443656688265116,1.6783728485642553,0.0
3007,0,0.0,0.0,0.0
3007,1,1.205012137305359,1.1881094963738073,0.0
3007,2,2.745346875044968,-0.871167662666465,0.0
3007,3,2.183713231924423,-0.6484332524695464,0.0
3007,4,3.3372118212251287,-3.3667365778957827,0.0
3008,0,0.0,0.0,0.0
3008,1,-1.5573256956661694,0.9966562237927201,0.0
3008,2,0.5019539102004622,-1.7822102703754852,0.0
3009,0,0.0,0.0,0.0
3009,1,-1.7153115906731722,-2.391186393696037,0.0
3009,2,-1.233015456447459,-2.8778659221094958,0.0
3009,3,0.49918403437312353,-3.57711595212626,0.0
3009,4,-1.5322860767290325,-2.973165106347623,0.0
3009,5,-1.2177234143609712,-1.7348516296558518,0.0
3010,0,0.0,0.0,0.0
3010,1,-0.4944816663086333,2.3221876027462223,0.0
3010,2,-0.10345814526483141,1.445221082750528,0.0
3010,3,0.8030304455861837,1.1657624003209375,0.0
3011,0,0.0,0.0,0.0
3011,1,1.2047857561330337,0.4586952022267009,0.0
3011,2,0.8833036545615284,-1.6202986431169548,0.0
3011,3,-1.371606967935991,-0.23949292761824148,0.0
3011,4,-1.078220269375213,0.13428450223049615,0.0
3011,5,-2.5199653758391634,0.28285989687951685,0.0
3011,6,-2.0391165307830033,-1.870607190028431,0.0
3012,0,0.0,0.0,0.0
3012,1,1.6192751893326036,-0.009046312784452115,0.0
3012,2,0.786282752061799,1.6117023399388173,0.0
3012,3,0.33180774373100624,-0.04861923277650504,0.0
3012,4,3.287874016486149,-1.1567560524482703,0.0
3012,5,4.31167368516358,0.9357311704354329,0.0
3013,0,0.0,0.0,0.0
3013,1,-0.5189382110409445,0.4240486868078437,0.0
3013,2,1.5857787061832935,-0.3500125432298913,0.0
3013,3,1.108676319304167,1.02606396997535,0.0
3013,4,0.3737680308599308,1.0439042305376272,0.0
3013,5,-0.28186700738699155,-0.7401048954751874,0.0
3014,0,0.0,0.0,0.0
3014,1,-0.41596467212118937,0.725179439810831,0.0
3014,2,0.03956759254646047,3.679215976967158,0.0
3015,0,0.0,0.0,0.0
3015,1,-2.81837493377837,-0.4662743979618613,0.0
3015,2,-1.8548082882705892,-0.08920212975812047,0.0
3016,0,0.0,0.0,0.0
3016,1,-1.3394363319084748,0.7805279585374366,0.0
3016,2,-2.6518725366290616,0.09683525889069533,0.0
3016,3,-1.7393470397310016,0.6384428324498567,0.0
3016,4,-4.062562691715845,0.8984608093286037,0.0
3017,0,0.0,0.0,0.0
3017,1,2.089259672005352,0.9632148403783121,0.0
3017,2,3.6551520118613734,2.446965152396027,0.0
3017,3,1.4156006082378345,2.124503012403363,0.0
3018,0,0.0,0.0,0.0
3018,1,1.3578244638366175,-0.798210250344688,0.0
3018,2,0.13807882205704247,-0.30755928551751865,0.0
3019,0,0.0,0.0,0.0
3019,1,-0.057232126182002296,1.9434038989633928,0.0
3019,2,0.9630052176501405,-1.3533043902020412,0.0
3019,3,-1.8123578239514182,-1.0946087789882732,0.0
3020,0,0.0,0.0,0.0
3020,1,-0.27402956359645547,-1.7427022667119298,0.0
3020,2,-0.2333626802065062,-2.157751446582924,0.0
3020,3,-1.515419586171479,-2.153811317614986,0.0
3021,0,0.0,0.0,0.0
3021,1,-1.033080751225079,0.26002029071404253,0.0
3021,2,-2.2312655307341407,-0.3214729774634961,0.0
3021,3,-1.5568125769287366,-1.6630676232696944,0.0
3022,0,0.0,0.0,0.0
3022,1,-0.8991856556713451,0.9826277485417918,0.0
3022,2,0.49381925902547924,1.9186518550168565,0.0
3022,3,0.5546680536449407,0.6254497725411815,0.0
3022,4,1.3277643084687616,0.8903146524847516,0.0
3023,0,0.0,0.0,0.0
3023,1,0.16090513184880906,2.2712213714178024,0.0
3023,2,-0.9287615460245129,1.611902649388807,0.0
3023,3,-2.9754796387062,0.41059770572733356,0.0
3023,4,-4.627602273330962,-0.9505898309636953,0.0
3024,0,0.0,0.0,0.0
3024,1,0.7184759120478551,0.3444021788115734,0.0
3024,2,1.0232210676859936,-1.4786681469600997,0.0
3024,3,0.7191257609434478,1.455186722696735,0.0
3024,4,1.053670016179476,0.6809681995759439,0.0
3024,5,0.7593010352815566,-1.785761676028719,0.0
3024,6,1.8495841382233662,-1.105707132424026,0.0
3024,7,-0.11702383110205095,-0.6520457330692484,0.0
3024,8,-0.5989819783915807,-0.603849742619176,0.0
3025,0,0.0,0.0,0.0
3025,1,1.4527237626562362,1.3833707454082793,0.0
3025,2,-1.170170782373714,1.6335897902761076,0.0
3025,3,2.3217786663302737,1.4424952093257362,0.0
3026,0,0.0,0.0,0.0
3026,1,-1.6245811508587746,-1.6379352120766948,0.0
3026,2,-1.3614718651712057,-3.792375173339959,0.0
3027,0,0.0,0.0,0.0
3027,1,0.5649867539519572,1.2149994977613279,0.0
3027,2,2.6440823196859893,0.9555995946986866,0.0
3028,0,0.0,0.0,0.0
3028,1,1.3022663588787098,2.1620437738657055,0.0
3028,2,-0.3403506696831604,4.65305819028894,0.0
3028,3,-0.6832655966371144,2.760193181617616,0.0
3028,4,-0.6224890746262606,0.5799340533581747,0.0
3028,5,-0.5330357970034558,0.19855563374215834,0.0
3028,6,-0.14561328338789825,0.1030990537722255,0.0
3029,0,0.0,0.0,0.0
3029,1,-3.423768174098675,0.9777550014590286,0.0
3029,2,-3.7913204549253345,1.5425595899479636,0.0
3029,3,-3.089874919647527,2.9765321536343468,0.0
3029,4,-2.787089320815359,3.8836564979442336,0.0
3029,5,-4.3341907807465105,2.0275389106008066,0.0
3029,6,-4.990461251121186,3.432219203348577,0.0
3029,7,-1.3944777093736278,1.8718728519413401,0.0
3030,0,0.0,0.0,0.0
3030,1,-1.032096309041013,0.29502752434787105,0.0
3030,2,-0.9667718877909977,-2.287593284674494,0.0
3030,3,-3.4125057165839072,-0.8950669028221538,0.0
3031,0,0.0,0.0,0.0
3031,1,0.7278417673105549,0.24113591375927235,0.0
3031,2,-0.20980731818012333,2.6371082096033076,0.0
3031,3,-0.110932109516368,0.7944619360993195,0.0
3031,4,0.36063738634289433,-1.057751608417701,0.0
3031,5,-1.8592237832228617,-0.04643915415844457,0.0
3032,0,0.0,0.0,0.0
3032,1,-2.185256259367891,0.0270132669268483,0.0
3032,2,-2.0753194685728156,-0.47853364635986656,0.0
3032,3,-1.4022052378765824,-0.3595198476254256,0.0
3032,4,-2.4540113327783994,-0.5560708972304049,0.0
3033,0,0.0,0.0,0.0
3033,1,-1.1993302270638537,0.04271601200116626,0.0
3033,2,-0.8159633820714163,1.9588068807828027,0.0
3033,3,-0.08445258298210273,1.005798569894265,0.0
3033,4,-2.0569007542968634,-1.0070848548569038,0.0
3033,5,-0.7195681654074417,-0.4313582494003816,0.0
3033,6,0.4562653455032461,-1.4966373127492876,0.0
3033,7,0.2604902077035931,1.5516715692299914,0.0
3033,8,1.4922949988242753,0.28770587918892776,0.0
3033,9,0.8132965742521443,2.812223215291471,0.0
3033,10,1.4491523536040658,2.364457800340716,0.0
3033,11,0.09693478849444909,1.789808616160947,0.0
3033,12,0.13340703119691497,1.2251005866331282,0.0
3033,13,-0.38011871419313686,-1.512641430596215,0.0
3033,14,0.23895670563632904,0.8281406380114666,0.0
3034,0,0.0,0.0,0.0
3034,1,0.4604382981734636,0.5769883651800761,0.0
3034,2,-0.4229834535903936,-0.9225735034563451,0.0
3035,0,0.0,0.0,0.0
3035,1,-1.0583353046804147,1.628794618335913,0.0
3035,2,-0.9632390116079405,0.6256831583632241,0.0
3036,0,0.0,0.0,0.0
3036,1,0.47292720211466427,-1.6560826859765259,0.0
3036,2,1.4388662671576,1.2251479059525625,0.0
3037,0,0.0,0.0,0.0
3037,1,-3.2618843631334715,-1.061518177054329,0.0
3037,2,-2.032773096238741,-1.0009866123378601,0.0
3037,3,-1.112381632193157,-0.7566173042597495,0.0
3038,0,0.0,0.0,0.0
3038,1,-0.015507312012068564,0.6338040916669856,0.0
3038,2,2.5611488767919273,-0.7849762905515163,0.0
3038,3,1.1660051112998004,0.13836509602649194,0.0
3038,4,1.2340083558013912,-0.5069026903468746,0.0
3038,5,1.7135430584519837,-1.86746290351681,0.0
3039,0,0.0,0.0,0.0
3039,1,-0.1076932925760058,0.2581546252773972,0.0
3039,2,1.243248500193897,3.3979357972269852,0.0
3039,3,3.249719112291528,3.1217564570503944,0.0
3039,4,2.424996086652585,3.8571448635649204,0.0
3040,0,0.0,0.0,0.0
3040,1,2.7546374891719876,1.5372318743432292,0.0
3040,2,3.5770951089321636,2.5640494297240735,0.0
3040,3,1.8786861662386294,3.4946290204513604,0.0
3041,0,0.0,0.0,0.0
3041,1,-0.6816836269519219,0.6062248263356588,0.0
3041,2,0.24995339458466936,0.3427402436408684,0.0
3041,3,-0.8729023178776824,-0.36562320562128425,0.0
3042,0,0.0,0.0,0.0
3042,1,2.248094802868881,-0.6231277413418107,0.0
3042,2,4.596266811174585,0.3343492482542123,0.0
3043,0,0.0,0.0,0.0
3043,1,-2.010603353827519,2.1539790141109885,0.0
3043,2,-3.407950512237545,1.2329506342895884,0.0
3044,0,0.0,0.0,0.0
3044,1,-0.7880106936512445,-0.6693860072606531,0.0
3044,2,-1.4110022646673985,-0.8386453575739056,0.0
3044,3,-1.3317532356129866,-1.4278457095360668,0.0
3044,4,-1.3731563217822698,-0.5803695710797045,0.0
3044,5,-2.1943658110361155,-1.6862753030139648,0.0
3045,0,0.0,0.0,0.0
3045,1,-1.8304859072971162,0.19765799126504602,0.0
3045,2,-0.30933543019611287,0.1348917354078587,0.0
3046,0,0.0,0.0,0.0
3046,1,0.48357316115649385,3.125257653025682,0.0
3046,2,0.5263301312245837,1.9771059268406257,0.0
3046,3,0.9442485741917999,2.0413979329457055,0.0
3046,4,0.7752711648590953,-0.39005684751890857,0.0
3046,5,-0.3034232626480867,1.6372634826260597,0.0
3046,6,1.7799620816741446,0.6901736487968584,0.0
3046,7,0.06831661685682577,-1.8145996380321046,0.0
3046,8,2.73425788259342,-0.32570972592065206,0.0
3046,9,2.9453915686947756,-2.77140689838601,0.0
3046,10,0.9249489544592119,-3.9187257822989343,0.0
3046,11,1.2642579203328839,-2.621723411864154,0.0
3046,12,-0.10836276429709824,-3.9125894163058685,0.0
3046,13,1.017842114644182,-3.4805399785466413,0.0
3046,14,1.8692964234719458,-4.580216336117562,0.0
3046,15,1.5032135392454276,-2.8576670945438707,0.0
3046,16,3.6467705399736303,-3.50482339546703,0.0
3046,17,2.2624002445605886,-2.873622996482072,0.0
3046,18,2.4474393683975086,-1.475254829532721,0.0
3046,19,1.1979591492253316,-3.7023286139575573,0.0
3046,20,2.7764762467385653,-3.4399415922610355,0.0
3046,21,2.9973324143999616,-3.2472248454522257,0.0
3046,22,3.2709977740807985,-3.1559609321370106,0.0
3046,23,1.4223680223377069,-1.7997747191480722,0.0
3046,24,-0.35391385762214755,-2.6345504225265826,0.0
3047,0,0.0,0.0,0.0
3047,1,0.30073773281989863,2.8586625974344697,0.0
3047,2,3.870736201968449,2.1943722366799054,0.0
3047,3,2.487969025227428,5.458637120132615,0.0
3048,0,0.0,0.0,0.0
3048,1,0.22337198999358165,-0.8881762443774573,0.0
3048,2,-0.2571431436517484,-0.2241328553683191,0.0
3048,3,-0.9631243633224251,-2.2266518358015785,0.0
3048,4,1.849353434742722,-1.1771504532653398,0.0
3048,5,2.5821104489595936,0.7205611232518815,0.0
3048,6,-0.45202005578258353,1.2798485995492366,0.0
3048,7,1.294886578646648,-0.8478446221850026,0.0
3049,0,0.0,0.0,0.0
3049,1,-0.017992070019853035,-0.41299466502727045,0.0
3049,2,0.9516258073707409,-1.162619182824087,0.0
3049,3,0.283979690578382,0.07263383873602325,0.0
3049,4,0.3073466646277083,-0.3803778112726188,0.0
3049,5,1.1111942984533005,-1.7938087801837177,0.0
3049,6,2.67354482374034,-2.667710494323292,0.0
3050,0,0.0,0.0,0.0
3050,1,-0.3053220601860544,-0.373544002050281,0.0
3050,2,-0.5142477507355518,-1.9328238847921901,0.0
3050,3,1.882974200978523,-1.0497927950659958,0.0
3050,4,2.2269312020656624,1.5088510931307217,0.0
3051,0,0.0,0.0,0.0
3051,1,-0.7141104149962709,-2.3742396324361166,0.0
3051,2,1.5146229874243602,-2.657684308773889,0.0
3051,3,-0.5017749463379957,-3.4775479542993275,0.0
3052,0,0.0,0.0,0.0
3052,1,1.2297748625028457,2.1224910356474265,0.0
3052,2,2.5510861163144645,2.5820327535212497,0.0
3053,0,0.0,0.0,0.0
3053,1,-0.7726209160761496,1.6982936314078845,0.0
3053,2,-0.04961120018366805,3.1335854795324485,0.0
3054,0,0.0,0.0,0.0
3054,1,2.0978095497099987,0.9857656524269287,0.0
3054,2,0.7636439079091846,-2.288368321517897,0.0
3055,0,0.0,0.0,0.0
3055,1,1.5142100157838,0.27629476014360055,0.0
3055,2,2.584464988363335,1.642489351670297,0.0
3056,0,0.0,0.0,0.0
3056,1,1.6202004209291805,0.23320502758544243,0.0
3056,2,2.5083333206265412,-1.6464075531198128,0.0
3056,3,0.6633395023595733,-1.6283749968338368,0.0
3057,0,0.0,0.0,0.0
3057,1,-0.9375699656762325,-0.13595494649707573,0.0
3057,2,-3.1005845475684195,-2.1504268285939405,0.0
3058,0,0.0,0.0,0.0
3058,1,-0.5455009278452947,0.18028980787246507,0.0
3058,2,-0.7529662988372415,0.9991999577187524,0.0
3059,0,0.0,0.0,0.0
3059,1,-0.5339220544227455,0.20882312041514295,0.0
3059,2,-0.457270499886542,2.3585280737797722,0.0
3059,3,-1.57874668841556,3.495074190154189,0.0
3059,4,-0.1282762186663835,2.427585484256127,0.0
3060,0,0.0,0.0,0.0
3060,1,0.844164029400672,0.34245793277618086,0.0
3060,2,-1.821674468104008,0.32007278454234933,0.0
3060,3,-1.6220857042112264,1.5142467153207162,0.0
3061,0,0.0,0.0,0.0
3061,1,0.5434523705598029,1.0248680989913306,0.0
3061,2,0.8220760977326986,0.0885819611827034,0.0
3061,3,0.6185707056904668,1.3259656989627315,0.0
3061,4,-0.8196385265155179,1.606171983966375,0.0
3061,5,0.7255573867721457,5.233978282583168,0.0
3062,0,0.0,0.0,0.0
3062,1,0.5556746248183727,1.8238853288849104,0.0
3062,2,3.415554966304701,1.666029808995905,0.0
3062,3,4.173746853843922,-0.214199363355434,0.0
3063,0,0.0,0.0,0.0
3063,1,-0.9684208438865686,2.0289821907650136,0.0
3063,2,2.0550080928449983,3.1140178721210683,0.0
3063,3,2.399787253311332,2.1193379183597783,0.0
3064,0,0.0,0.0,0.0
3064,1,1.1831486005004233,1.5414663239989268,0.0
3064,2,0.7188054058288136,-1.4415066904665423,0.0
3064,3,0.14776324755435238,0.6894157987950582,0.0
3065,0,0.0,0.0,0.0
3065,1,0.07572502251153379,-0.9877337099007888,0.0
3065,2,0.9532524929336248,0.27886976235369065,0.0
3066,0,0.0,0.0,0.0
3066,1,-0.5922807230963321,1.3296113168177723,0.0
3066,2,-0.06108681247965797,2.265484834121817,0.0
3067,0,0.0,0.0,0.0
3067,1,-0.011471285157605093,-1.45091782948231,0.0
3067,2,-0.2669213708906373,1.399209371791327,0.0
3068,0,0.0,0.0,0.0
3068,1,0.3163311002993958,2.8772146577066025,0.0
3068,2,-0.39903796444139505,1.9699699799181882,0.0
3068,3,-1.1059449589201735,1.546251417841195,0.0
3068,4,0.3608085721142831,1.088659774037585,0.0
3068,5,-0.5587572856064258,1.1929905553942346,0.0
3069,0,0.0,0.0,0.0
3069,1,1.8432296185782058,0.38537150316310576,0.0
3069,2,0.8935872216897462,0.31182967947979967,0.0
3069,3,-0.1176627617200734,1.6969888713172572,0.0
3069,4,0.6157407283143959,-2.8179704263355534,0.0
3070,0,0.0,0.0,0.0
3070,1,-0.8980427409077205,0.39609078334359316,0.0
3070,2,-2.1032596340577063,1.9101101666311802,0.0
3071,0,0.0,0.0,0.0
3071,1,-1.8056596076274818,-3.249665473432124,0.0
3071,2,-1.235151316767437,-3.3069051051238603,0.0
3071,3,-1.5948173513423278,-4.275978320548767,0.0
3071,4,1.6453280746574512,-3.1653666683556674,0.0
3071,5,-0.8204640283595869,-3.8034974391159677,0.0
3071,6,-2.0015633669739614,-2.30800657081676,0.0
3071,7,-0.6706813812547784,-3.5297849841168194,0.0
3072,0,0.0,0.0,0.0
3072,1,-2.492134328312179,1.2081207052131724,0.0
3072,2,-0.8122944551685283,0.5732309263088091,0.0
3072,3,-3.127507157034175,-0.08086520135487596,0.0
3073,0,0.0,0.0,0.0
3073,1,-0.9279519188500458,-0.0094748342669079,0.0
3073,2,-1.806939723232169,1.1104495314564913,0.0
3073,3,-2.1485957539081673,-0.5261306209927483,0.0
3074,0,0.0,0.0,0.0
3074,1,-0.04179618217102318,2.4566548097471537,0.0
3074,2,-0.7983624675454053,2.1519837850835346,0.0
3074,3,-1.8804087525004975,1.6725879567372346,0.0
3075,0,0.0,0.0,0.0
3075,1,-1.335550555542802,-0.6158832318803367,0.0
3075,2,0.35177393817562175,0.32842057303831096,0.0
3076,0,0.0,0.0,0.0
3076,1,-1.0774264169878354,-0.4961101436205422,0.0
3076,2,-0.0744561004928874,1.349222606122985,0.0
3076,3,0.3749559297427677,0.637830827428957,0.0
3076,4,-0.6804233161141912,2.2999095554090414,0.0
3077,0,0.0,0.0,0.0
3077,1,0.5700563913509868,-0.4432886235258485,0.0
3077,2,1.038074794142826,0.43105542257037266,0.0
3078,0,0.0,0.0,0.0
3078,1,-2.0253717127051387,1.1508447755962945,0.0
3078,2,-2.3544160684419477,2.441733742225439,0.0
3079,0,0.0,0.0,0.0
3079,1,-0.06404001235244516,-0.9480679767456479,0.0
3079,2,0.4055482430038919,-1.0094502041749394,0.0
3079,3,-2.5608235345785286,1.5142908294840773,0.0
3080,0,0.0,0.0,0.0
3080,1,-0.5272722965911356,0.6109827065717852,0.0
3080,2,-1.066216742950224,-0.0418534728957185,0.0
3080,3,-0.402647792017018,-0.9290968046508302,0.0
3080,4,-2.4437613610300954,-1.4549021344798665,0.0
3080,5,0.9124199269923674,1.2256887826418592,0.0
3080,6,0.46372826565518954,-0.9937759957547218,0.0
3080,7,-1.8562323660537032,-2.452133995317875,0.0
3080,8,-1.5009605252937541,-2.1909693872344413,0.0
3081,0,0.0,0.0,0.0
3081,1,0.4130039030317027,0.27702911698703336,0.0
3081,2,1.4289672615468665,1.2937478339936348,0.0
3081,3,2.0758055626171616,2.7209431727485187,0.0
3082,0,0.0,0.0,0.0
3082,1,2.0742524095104966,-0.2008851477670256,0.0
3082,2,1.3241546363983665,0.8176290933284976,0.0
3083,0,0.0,0.0,0.0
3083,1,0.4272147881264837,0.45942458653769236,0.0
3083,2,-1.0582880391096823,-0.36555457429960114,0.0
3083,3,-0.3664192261863707,0.1839704623158872,0.0
3084,0,0.0,0.0,0.0
3084,1,-0.2926545630688313,-0.19811910877211725,0.0
3084,2,-1.5718287273379374,0.45280232989379465,0.0
3084,3,-0.3995103108657707,0.5627342490547766,0.0
3085,0,0.0,0.0,0.0
3085,1,0.882547343812611,-2.2417295897453124,0.0
3085,2,-0.6634874154920769,-2.149237716535289,0.0
3085,3,-1.915311285199837,-3.947648582647925,0.0
3086,0,0.0,0.0,0.0
3086,1,-0.5083287546516582,0.9506748010544035,0.0
3086,2,-3.1633979264933996,-0.4642776712596577,0.0
3086,3,-4.366962071810331,0.4889115383160251,0.0
3086,4,-2.222492662680511,2.733966363144881,0.0
3087,0,0.0,0.0,0.0
3087,1,2.113117756346606,-0.42784391112116804,0.0
3087,2,1.8955522218809486,-0.4740251480898403,0.0
3087,3,-0.8672379719583705,-0.9122371253508502,0.0
3087,4,-0.13991800870780124,-0.07114083791395501,0.0
3088,0,0.0,0.0,0.0
3088,1,0.6414168891264738,2.079505022338683,0.0
3088,2,-0.433435094934564,0.5332284282695245,0.0
3088,3,-3.484081842802144,0.4951859471766885,0.0
3088,4,-2.331092019677195,-0.30313109326710275,0.0
3089,0,0.0,0.0,0.0
3089,1,-0.19518531949456852,-0.0065363013332512265,0.0
3089,2,-1.8718912128014464,0.09506746712310876,0.0
3089,3,-2.9099947376492312,-1.1248868370263998,0.0
3090,0,0.0,0.0,0.0
3090,1,-3.3244981698353606,2.2300384957860104,0.0
3090,2,-3.6256096244635145,0.03202592475574351,0.0
3090,3,-2.4270834250199216,-0.5142051933575007,0.0
3091,0,0.0,0.0,0.0
3091,1,1.9155203375354841,-0.5477615708662141,0.0
3091,2,1.3889204559577981,1.4762080380811915,0.0
3091,3,2.2357277983940387,-1.6789969615934834,0.0
3091,4,0.35561535344554107,0.453619717463279,0.0
3092,0,0.0,0.0,0.0
3092,1,-1.5218862608513097,1.0394372450218385,0.0
3092,2,-0.5338373804378673,2.903305463804648,0.0
3092,3,-0.8849159992077327,3.710169039965281,0.0
3092,4,-1.7368956888692033,2.5274729426626985,0.0
3092,5,0.3173034507494956,2.82217888328437,0.0
3092,6,-0.43316992918154695,2.5477042878758596,0.0
3093,0,0.0,0.0,0.0
3093,1,-0.3386008324833361,-1.2392643308872144,0.0
3093,2,1.2080875502243997,0.863679868794366,0.0
3093,3,0.32483017526748537,0.3636257806449156,0.0
3093,4,2.462869590518678,-0.6552238469714199,0.0
3094,0,0.0,0.0,0.0
3094,1,-0.6544055255045353,1.2536313629304874,0.0
3094,2,-2.426511074501984,1.7764481602103699,0.0
3094,3,-2.7759006701125912,1.2292569685626833,0.0
3094,4,-2.2305476541059828,1.764476831579508,0.0
3094,5,-1.4568798055304075,1.9427568155075186,0.0
3095,0,0.0,0.0,0.0
3095,1,-2.220546129598824,-0.6085064512152123,0.0
3095,2,-3.894539281699998,-1.0555597271890853,0.0
3095,3,-1.7008474407883818,0.5792859431170039,0.0
3095,4,-3.670715697281584,0.9749822065932002,0.0
3096,0,0.0,0.0,0.0
3096,1,2.763882314022018,-1.0841365077160925,0.0
3096,2,2.4066448329852985,-2.4024903016362416,0.0
3097,0,0.0,0.0,0.0
3097,1,-1.80725463891228,-2.2655716776992483,0.0
3097,2,-2.375296526689513,-0.9601075852403466,0.0
3098,0,0.0,0.0,0.0
3098,1,1.268209204926491,2.3539060889478107,0.0
3098,2,1.491772196705659,2.380282367379343,0.0
3099,0,0.0,0.0,0.0
3099,1,1.0816478373878677,-1.1135471207538437,0.0
3099,2,3.417774952635605,0.5294727131498609,0.0
3099,3,3.6022545589771906,0.7050219633133545,0.0
3099,4,2.419541570427278,0.8131516823457685,0.0
3100,0,0.0,0.0,0.0
3100,1,-0.6307242951093099,1.9887356412936934,0.0
3100,2,0.8349395230640084,1.5063856487110847,0.0
3100,3,1.66947666044277,1.632098503237382,0.0
3101,0,0.0,0.0,0.0
3101,1,-0.609933356894131,1.1388146044971825,0.0
3101,2,-0.16387040327853747,1.9718310453790775,0.0
3101,3,-0.8601224398605032,2.1181852486256165,0.0
3102,0,0.0,0.0,0.0
3102,1,-1.8293253349083798,2.0602286012992828,0.0
3102,2,-3.5568496099291007,1.727013908283428,0.0
3103,0,0.0,0.0,0.0
3103,1,-1.4543439834130727,1.6683882978508031,0.0
3103,2,-2.0103738555972908,-0.7658991477901682,0.0
3103,3,0.22159708372169762,1.3475465923820416,0.0
3104,0,0.0,0.0,0.0
3104,1,-0.06587443939812232,1.211133493180307,0.0
3104,2,2.0222864777759044,1.900310988673402,0.0
3104,3,1.1639804605230655,1.3981089605658044,0.0
3104,4,0.4540244298636089,1.2207067919954595,0.0
3105,0,0.0,0.0,0.0
3105,1,-0.24702826864795724,1.4036622049375895,0.0
3105,2,0.1678732637743538,0.9622790270179187,0.0
3106,0,0.0,0.0,0.0
3106,1,1.3329600889650148,-1.8892047960798568,0.0
3106,2,0.8859792963650038,-2.87121444148277,0.0
3107,0,0.0,0.0,0.0
3107,1,-1.1364137893824187,2.3831435438446764,0.0
3107,2,-2.571048300879219,1.329207535228858,0.0
3107,3,-1.8712583920496333,0.01559098076014731,0.0
3107,4,-2.911673113270837,-0.5930394334597859,0.0
3107,5,-4.032225110484918,0.26273932084027907,0.0
3107,6,-1.818915849584155,1.2889555531984946,0.0
3107,7,-1.5227572083992849,1.3932551774607669,0.0
3107,8,0.21295169155614024,0.2618912863467644,0.0
3108,0,0.0,0.0,0.0
3108,1,0.8932238541076873,-2.5076982028238763,0.0
3108,2,0.45750052133208063,0.9583190128554577,0.0
3108,3,1.485744272911839,-0.4694273884057589,0.0
3109,0,0.0,0.0,0.0
3109,1,-0.29265376461818576,2.1990586316234664,0.0
3109,2,-0.16826962702237325,1.9410829303792045,0.0
3109,3,-0.4223975987760881,0.7193311437281693,0.0
3109,4,0.780382462893661,1.2240004714038837,0.0
3109,5,-1.48105535847839,0.03029165482644114,0.0
3109,6,0.012087058689233765,-1.0081812710771445,0.0
3109,7,-0.4412370871490784,-2.2670381963702533,0.0
3110,0,0.0,0.0,0.0
3110,1,0.2351922050629529,0.007921573599095622,0.0
3110,2,0.8663475802247185,1.245259115417383,0.0
3110,3,-0.44606092374780837,3.1631555567418435,0.0
3110,4,-0.41561111712523946,2.641123947311456,0.0
3111,0,0.0,0.0,0.0
3111,1,-0.17915043750165893,0.059910566927211945,0.0
3111,2,-0.34294930153812997,0.038729571663673135,0.0
3112,0,0.0,0.0,0.0
3112,1,1.2620726766363088,2.0568881181297467,0.0
3112,2,2.6758821872298544,3.6500210293441344,0.0
3113,0,0.0,0.0,0.0
3113,1,0.125120306194964,-1.5403506531201339,0.0
3113,2,-0.6863622519740171,0.46052095544877525,0.0
3113,3,0.9553924671110404,-0.09697583916732522,0.0
3113,4,0.107041445115866,-0.04833352879655939,0.0
3114,0,0.0,0.0,0.0
3114,1,3.525595283797119,-1.0219099010084947,0.0
3114,2,2.2357560448973297,-3.4135837487572216,0.0
3114,3,2.899924347441003,-0.5916009006681684,0.0
3115,0,0.0,0.0,0.0
3115,1,0.5447880578018066,-0.8939358808974939,0.0
3115,2,-2.057831609451405,-0.007852584693846532,0.0
3116,0,0.0,0.0,0.0
3116,1,0.8016921212277532,-1.9003126951762181,0.0
3116,2,0.786051826056789,-2.0658682695868165,0.0
3116,3,-0.08190484101237772,-2.7688093881492333,0.0
3117,0,0.0,0.0,0.0
3117,1,-1.4800273075955888,-1.0300258446597779,0.0
3117,2,2.117006626179556,-1.4217793334897795,0.0
3117,3,1.9105284321733311,-0.8090137269721878,0.0
3118,0,0.0,0.0,0.0
3118,1,2.887789363613045,-0.5936770352410529,0.0
3118,2,1.4731749032844093,-2.173620333548447,0.0
3118,3,1.8484517341337328,-0.06888058288552223,0.0
3118,4,0.7727141314411765,-1.0643020111736354,0.0
3119,0,0.0,0.0,0.0
3119,1,-0.08089407775615676,0.634607996314398,0.0
3119,2,1.0267347675204277,0.37766857016605915,0.0
3120,0,0.0,0.0,0.0
3120,1,0.9156118715692665,-1.6665852057811492,0.0
3120,2,1.2363627548153926,-0.25940132971558993,0.0
3121,0,0.0,0.0,0.0
3121,1,-0.4646037744654601,0.3363861878684753,0.0
3121,2,-0.8863982360265479,-0.7677844192311993,0.0
3122,0,0.0,0.0,0.0
3122,1,-0.2052193705158083,0.5618036149081143,0.0
3122,2,-1.1098235337629063,0.7612756502985298,0.0
3123,0,0.0,0.0,0.0
3123,1,0.847927857747178,0.4305782526710823,0.0
3123,2,1.5327040783193144,-0.03311004294607833,0.0
3123,3,3.472383642513141,0.752777256081732,0.0
3123,4,4.62912506728603,-0.6747534412971433,0.0
3123,5,4.044031778259372,-0.4228881573601009,0.0
3123,6,5.900719142864995,0.32021368782680215,0.0
3123,7,4.124028499557179,-0.7732799491543775,0.0
3123,8,2.3950254341349084,-1.832408487556385,0.0
3123,9,4.461276586136812,-0.8224644399290407,0.0
3123,10,2.966633493401768,1.958605352387469,0.0
3123,11,3.9248349250598578,0.9592412200840167,0.0
3123,12,1.6508659633386458,-0.17478240898088904,0.0
3123,13,0.7788087528202678,-1.036586959699143,0.0
3124,0,0.0,0.0,0.0
3124,1,0.162421720395725,-0.3720474901511604,0.0
3124,2,0.8410857346833547,-1.2099736595876405,0.0
3125,0,0.0,0.0,0.0
3125,1,-0.9360526157796557,0.6664416669876672,0.0
3125,2,-0.30187852974205986,-3.832429463506268,0.0
3125,3,1.8650781331101083,-5.101299084280193,0.0
3126,0,0.0,0.0,0.0
3126,1,-0.6717112921578078,2.349988384872001,0.0
3126,2,0.6257470200712009,1.6970039911963297,0.0
3126,3,1.0654443183728781,1.9324146023321322,0.0
3126,4,3.448205396371598,-0.4155365677120093,0.0
3126,5,2.9964321760564543,0.8109909353041813,0.0
3126,6,1.6354692861207354,0.12524562975445752,0.0
3126,7,0.11443263433696595,-1.2407797603391493,0.0
3126,8,0.772095421040174,0.8581894061308679,0.0
3126,9,0.845223471333755,-1.4054435202933608,0.0
3127,0,0.0,0.0,0.0
3127,1,0.2505543512446392,-0.3291726284891876,0.0
3127,2,0.08676503288296544,-1.707929774093544,0.0
3128,0,0.0,0.0,0.0
3128,1,2.3473262483555835,1.4614423878877902,0.0
3128,2,-0.4619431644238045,3.6029121166823446,0.0
3128,3,0.9444150981924083,0.8441231589048281,0.0
3128,4,-0.27347804884094445,1.4085064578246291,0.0
3128,5,-1.8187034013174024,0.6407171238129603,0.0
3128,6,0.1437935460346967,1.3794448870981992,0.0
3128,7,0.38560759374196957,2.430264420905379,0.0
3129,0,0.0,0.0,0.0
3129,1,-0.6165249290691618,-2.722447076757409,0.0
3129,2,-0.841578950163362,-4.324281291094363,0.0
3129,3,-2.606634168785853,-1.7515174416008392,0.0
3130,0,0.0,0.0,0.0
3130,1,-0.8867908834293752,0.6561660328271424,0.0
3130,2,-3.9080619733720248,-0.32851108126815287,0.0
3130,3,-1.6181192125931723,0.2800609077430336,0.0
3130,4,-1.7676470003348272,-0.3176054449869632,0.0
3130,5,-1.7384035006414942,-0.17766457449780937,0.0
3130,6,-1.3984109473661206,-0.7255006783787414,0.0
3131,0,0.0,0.0,0.0
3131,1,-1.4236170740624265,0.47487650548634025,0.0
3131,2,-4.233222307318813,1.0843632425062963,0.0
3132,0,0.0,0.0,0.0
3132,1,-1.616633334051127,-0.6316614563449701,0.0
3132,2,-3.2626648964339466,-2.3335053332776168,0.0
3133,0,0.0,0.0,0.0
3133,1,0.6819592930558267,-0.9000738042482209,0.0
3133,2,0.46191445005259757,0.6578329117004966,0.0
3133,3,-0.2759188242102262,0.6946634289406208,0.0
3134,0,0.0,0.0,0.0
3134,1,2.5884503608197367,1.1105500486203006,0.0
3134,2,3.293681277572838,0.6702326150503986,0.0
3134,3,1.5693010202085507,2.0221129556373563,0.0
3134,4,0.4639114125861539,3.626296070156734,0.0
3134,5,0.49474075831237396,2.9355988355090323,0.0
3135,0,0.0,0.0,0.0
3135,1,2.1097221073006223,-0.7744562188671424,0.0
3135,2,1.275856065286288,-2.394793453184387,0.0
3135,3,2.1620942112993022,-3.1722211780066623,0.0
3135,4,4.3871048878823515,-3.0218463650433067,0.0
3135,5,3.8614644192283456,-0.7777383190182339,0.0
3135,6,2.9332418348489053,-2.466173601945023,0.0
3135,7,3.8356954964957346,-2.299784682960574,0.0
3135,8,3.6375268542500567,-0.2531606114824312,0.0
3135,9,3.364268262302147,-2.4322757433471747,0.0
3135,10,3.9842912083849518,-2.5925103019444418,0.0
3136,0,0.0,0.0,0.0
3136,1,-1.347851387640649,-2.100865451535753,0.0
3136,2,-2.204640713509133,-1.6400575639692383,0.0
3137,0,0.0,0.0,0.0
3137,1,-0.09748573008760156,-0.19896128941414393,0.0
3137,2,-0.7719992814949144,1.9636110146400605,0.0
3138,0,0.0,0.0,0.0
3138,1,-1.0432142089686167,1.2592839930655673,0.0
3138,2,-1.7112476787635469,1.0985177863547964,0.0
3139,0,0.0,0.0,0.0
3139,1,-0.1738066837726906,-1.253258406546911,0.0
3139,2,0.38431133831271924,-0.6320343107196167,0.0
3139,3,-1.2247779612052725,-1.0054393872138938,0.0
3139,4,-1.4804613535311855,-2.5459838431757444,0.0
3139,5,0.33705964989370707,-1.0104250079612318,0.0
3139,6,-1.9997215730606268,-2.3157922599490095,0.0
3139,7,-4.024724181596936,-1.143916382358796,0.0
3139,8,-2.590192895907734,-1.1887766290943482,0.0
3139,9,-0.9001852714636887,-1.4680215482179797,0.0
3140,0,0.0,0.0,0.0
3140,1,1.2307958008292599,0.744800466801574,0.0
3140,2,-1.6942714049343468,1.1842146824258384,0.0
3140,3,-0.2492149509344459,1.4367487573171611,0.0
3141,0,0.0,0.0,0.0
3141,1,0.36895979425471315,1.7003790195248096,0.0
3141,2,1.5735326992606469,1.969515033955473,0.0
3141,3,0.9215737211589867,0.3935546745459271,0.0
3142,0,0.0,0.0,0.0
3142,1,-1.558026961330441,0.9400547739316937,0.0
3142,2,-1.765355289381687,1.7531253586865416,0.0
3142,3,-2.628902033439188,0.269564118061283,0.0
3143,0,0.0,0.0,0.0
3143,1,-0.14812851287626566,-0.9028411885957661,0.0
3143,2,-0.22938593536500668,-1.761231147997131,0.0
3144,0,0.0,0.0,0.0
3144,1,0.37257251380911405,-0.2749697309883562,0.0
3144,2,-0.3058888342054229,1.686529635595575,0.0
3144,3,-0.8527473380939872,0.7293820938234395,0.0
3144,4,-1.1204292290329223,1.8285551921343317,0.0
3144,5,-0.14948595664566988,-0.151490194057614,0.0
3144,6,-0.09844714564589019,-0.37742106610842674,0.0
3145,0,0.0,0.0,0.0
3145,1,2.3274349961579985,-1.0029964970623653,0.0
3145,2,3.266518464132371,1.3339569364882948,0.0
3145,3,0.7488433331815321,0.1669378541640445,0.0
3145,4,-0.5286947418727674,-1.0593979432309426,0.0
3146,0,0.0,0.0,0.0
3146,1,0.7328405908893838,1.9715312170231782,0.0
3146,2,1.848403902369173,1.7217453945856196,0.0
3146,3,-0.5924677280531476,1.1601904553611875,0.0
3147,0,0.0,0.0,0.0
3147,1,-0.38259700764451354,0.4673942660041317,0.0
3147,2,0.5041097280669619,-1.4835940828141854,0.0
3147,3,1.8563529946549795,-2.3924612182519094,0.0
3147,4,0.14310840696453164,-0.04121366775659874,0.0
3147,5,-1.281984550568228,0.5382317238996803,0.0
3147,6,-1.2678472603574382,2.030412998218034,0.0
3148,0,0.0,0.0,0.0
3148,1,-0.3169912326735838,-0.6363009745698253,0.0
3148,2,-1.311839705455128,-1.5558952346124002,0.0
3149,0,0.0,0.0,0.0
3149,1,0.5713771419397214,1.0498691118381687,0.0
3149,2,-1.0508389006943273,-0.54814349261739,0.0
3149,3,-1.3827420448180812,-0.5379503208882581,0.0
3149,4,1.777617380289385,-1.945097070079052,0.0
3150,0,0.0,0.0,0.0
3150,1,-2.8815482646202426,0.6397200443349794,0.0
3150,2,-1.7345565832627388,0.22875696471643303,0.0
3150,3,-2.0974883052591364,2.8444605546032538,0.0
3151,0,0.0,0.0,0.0
3151,1,0.6378829067544063,-0.6464520379697474,0.0
3151,2,0.9967651757197473,-2.5468363721724607,0.0
3152,0,0.0,0.0,0.0
3152,1,1.344832596726189,-1.2165634182848808,0.0
3152,2,1.903993023585028,-0.19364348272859866,0.0
3153,0,0.0,0.0,0.0
3153,1,0.4222293099287846,-0.7994999594156199,0.0
3153,2,3.309869055318845,-1.9021820092346409,0.0
3153,3,-1.3066775405210405,-0.4098722607833628,0.0
3153,4,0.26913031334959125,0.0862994451042699,0.0
3154,0,0.0,0.0,0.0
3154,1,0.3944459761605184,1.9820201655218028,0.0
3154,2,-1.642611218984607,2.0978164383997364,0.0
3154,3,-1.8563185329159588,4.732646216483144,0.0
3154,4,-3.9579912678138376,1.361337846499362,0.0
3154,5,-3.1706165716130577,2.0832091307666514,0.0
3154,6,-2.9466089299869713,2.0416893295344827,0.0
3155,0,0.0,0.0,0.0
3155,1,0.8455616719338517,-1.0291513801619843,0.0
3155,2,1.5446955397164843,-1.0598595862715658,0.0
3156,0,0.0,0.0,0.0
3156,1,-0.2667052250621109,0.8610273231234312,0.0
3156,2,-0.45603827860097534,3.4805172788176786,0.0
3156,3,-3.9900452900140904,5.070058856337623,0.0
3156,4,-4.274305286118639,4.245696137857799,0.0
3157,0,0.0,0.0,0.0
3157,1,-0.4091920248309602,0.7112980463907257,0.0
3157,2,-2.108801309916018,0.43583082949403606,0.0
3157,3,-2.801864868328062,1.5777863520235238,0.0
3158,0,0.0,0.0,0.0
3158,1,-1.0797451748725473,-3.004534659836895,0.0
3158,2,0.07491108949208053,-3.1550370943473633,0.0
3159,0,0.0,0.0,0.0
3159,1,-1.1523963831660309,0.47439803338935993,0.0
3159,2,-1.7036578674228275,0.8889562187478376,0.0
3160,0,0.0,0.0,0.0
3160,1,0.4238791372502777,-1.8728778974739932,0.0
3160,2,1.071222504349934,0.5540379404346059,0.0
3160,3,3.977454295633352,-0.5116288145166181,0.0
3160,4,3.2727406891202375,-0.4474051197362612,0.0
3160,5,1.707401263197779,-0.7213898317469507,0.0
3160,6,0.4157713975885964,-1.2208598329715463,0.0
3161,0,0.0,0.0,0.0
3161,1,1.2997318481930369,1.694954145409556,0.0
3161,2,2.297127964420587,-0.9446512297512171,0.0
3162,0,0.0,0.0,0.0
3162,1,2.292684051486608,-0.07121261029183867,0.0
3162,2,1.813334384921366,-2.1250598289290394,0.0
3162,3,0.8120834114964413,-2.3597141230934033,0.0
3162,4,0.33182966636563727,0.6283209031082488,0.0
3163,0,0.0,0.0,0.0
3163,1,-1.0428544151857815,-0.573777582699807,0.0
3163,2,-1.9977615729901972,-0.2369724465389529,0.0
3163,3,0.15856603071891506,0.7767547327015226,0.0
3164,0,0.0,0.0,0.0
3164,1,0.222734259294608,0.8367907437711672,0.0
3164,2,-0.9354794564368343,1.3602421715608692,0.0
3164,3,-1.7994288948850092,2.2491700888521633,0.0
3164,4,-0.4556730636179276,1.8597980411438504,0.0
3164,5,-0.4309232210140096,0.5560307127169437,0.0
3164,6,-3.103624303858436,0.2373851787069563,0.0
3164,7,-2.8851882386604455,0.21458789197521444,0.0
3164,8,-3.513417761864736,-0.5824966709895282,0.0
3164,9,-2.1574244785071226,2.193647691019253,0.0
3164,10,0.5472434178141652,0.9453287493455786,0.0
3164,11,-1.480578112500775,1.671844790761518,0.0
3165,0,0.0,0.0,0.0
3165,1,-0.5835665114567246,-0.1674284738359614,0.0
3165,2,0.8136328199080372,-1.655102375289348,0.0
3165,3,1.3044884734852054,0.1248899279898189,0.0
3165,4,2.050485380578408,-1.6666048131952222,0.0
3166,0,0.0,0.0,0.0
3166,1,1.4762294057806824,2.4205707283720237,0.0
3166,2,1.9000296006146156,3.6576543158835633,0.0
3166,3,2.260563273743949,1.7578097025317587,0.0
3167,0,0.0,0.0,0.0
3167,1,-0.030503050867750625,1.688155262625824,0.0
3167,2,0.8732526049562603,1.6746971662481254,0.0
3168,0,0.0,0.0,0.0
3168,1,1.6915347851213314,-1.0475604034608117,0.0
3168,2,1.8361798182246112,-0.3715701985936962,0.0
3168,3,1.9232443233105447,-0.9829517117567583,0.0
3168,4,2.0339614591751944,-1.6865032094379155,0.0
3168,5,4.27907644060455,-1.9185872697068946,0.0
3168,6,3.957862258826564,-0.5821166262082034,0.0
3168,7,2.890810163805768,0.7217242148768086,0.0
3168,8,4.319059919333073,1.8017279447030583,0.0
3168,9,2.5157102990860665,3.3427556731209727,0.0
3168,10,1.9563143025721157,0.8943943248138029,0.0
3169,0,0.0,0.0,0.0
3169,1,1.8084126796651194,-0.29364223356110974,0.0
3169,2,1.4798847944674738,-2.5491142303000696,0.0
3170,0,0.0,0.0,0.0
3170,1,2.280998633727843,0.3298567174783956,0.0
3170,2,-0.13971058127289382,1.2529906341468477,0.0
3171,0,0.0,0.0,0.0
3171,1,-0.9267313829540033,0.19252581873551566,0.0
3171,2,-0.14993312581479956,2.045880975417849,0.0
3171,3,-0.5261673040907404,1.985986434055922,0.0
3172,0,0.0,0.0,0.0
3172,1,-1.990651125593051,-1.2893199510561222,0.0
3172,2,-1.6495202697943274,-0.8184573325317067,0.0
3172,3,0.06099981123047857,-1.1166093708226275,0.0
3172,4,-0.49180145921007723,0.15887117094309855,0.0
3172,5,0.1354631771327661,0.4926035581100754,0.0
3173,0,0.0,0.0,0.0
3173,1,2.109099239173002,-0.007297803557947513,0.0
3173,2,1.0231596152099984,-2.581471556607144,0.0
3173,3,1.5779502294155576,-2.9415308138389378,0.0
3173,4,1.633370645101425,-2.6212964609703295,0.0
3174,0,0.0,0.0,0.0
3174,1,0.4691611556506945,-2.2376684709017822,0.0
3174,2,0.9955814574965516,1.3437151008189965,0.0
3174,3,0.31780804660864104,0.8467009114539292,0.0
3174,4,-0.7114629732528486,2.466958827102193,0.0
3175,0,0.0,0.0,0.0
3175,1,0.21215721827619594,-0.11074216119114905,0.0
3175,2,-0.17134670511713468,3.5826107348697467,0.0
3175,3,-2.1347014792611176,0.361893684928556,0.0
3176,0,0.0,0.0,0.0
3176,1,0.17243233574935854,0.21066246658955823,0.0
3176,2,0.84866769455053,-0.43329593972194336,0.0
3176,3,-0.12887136228817966,-1.3220531489523664,0.0
3176,4,0.8777228987627654,-0.10718992353432455,0.0
3176,5,2.621160501905239,-1.0089887139119065,0.0
3176,6,-2.2344500922542396,0.5221481076490027,0.0
3176,7,1.468336265984399,1.809099460994442,0.0
3176,8,2.0079800654045883,0.9880902736440706,0.0
3176,9,2.821423355485229,0.9322977173827578,0.0
3176,10,2.3860875546043667,-1.0053845471097314,0.0
3176,11,0.11758207358317138,-1.2554408950592544,0.0
3176,12,-1.2742776275950527,-0.931457045822756,0.0
3177,0,0.0,0.0,0.0
3177,1,0.5588110258283843,2.7763555969936506,0.0
3177,2,0.8386771749344419,0.9931898136769243,0.0
3177,3,-0.10981440124836839,1.1072450836436736,0.0
3177,4,0.6862613307718608,1.3512433440364617,0.0
3178,0,0.0,0.0,0.0
3178,1,-0.34799974448073545,1.1201035159591053,0.0
3178,2,-4.192566220366274,1.2442761182899738,0.0
3179,0,0.0,0.0,0.0
3179,1,-0.23304265153599618,-3.6865857832425566,0.0
3179,2,-0.05275993532231629,-1.2884421761143101,0.0
3179,3,-2.372237730616123,-2.285632146411009,0.0
3180,0,0.0,0.0,0.0
3180,1,0.8598792121529834,-0.31952392844011634,0.0
3180,2,0.8672146142701661,-1.7104036701392915,0.0
3181,0,0.0,0.0,0.0
3181,1,-0.1510093521688869,2.946559690525695,0.0
3181,2,1.4104173572216174,2.384718742749307,0.0
3182,0,0.0,0.0,0.0
3182,1,-1.5396021285322263,0.6465175031502077,0.0
3182,2,-0.915008181478622,2.113833282096964,0.0
3182,3,0.040047951752748334,0.3376019946428874,0.0
3182,4,0.29604540327528084,0.06414507139434766,0.0
3183,0,0.0,0.0,0.0
3183,1,0.17858309734274957,0.9761581665544362,0.0
3183,2,-0.8623295697039861,-0.36293591400533487,0.0
3183,3,-0.40632354283145933,-0.1086113582711008,0.0
3183,4,-0.30017357756085095,-0.6026185172905971,0.0
3183,5,-1.0423718659518144,1.2900134600088828,0.0
3183,6,-1.8623048911872555,-0.2752959420974246,0.0
3183,7,0.611326844993082,-0.10694228204538514,0.0
3184,0,0.0,0.0,0.0
3184,1,1.4643514799011639,1.1488313886586279,0.0
3184,2,0.6412256747666433,0.6530522699197443,0.0
3185,0,0.0,0.0,0.0
3185,1,-0.41843501141544076,-1.5295471308950535,0.0
3185,2,1.5380911309380094,-0.6673712782083848,0.0
3185,3,1.6431189760264282,-2.326614474392891,0.0
3186,0,0.0,0.0,0.0
3186,1,0.4081924048437353,-1.0279542773649235,0.0
3186,2,3.132892402012122,-0.7123179285490735,0.0
3186,3,3.687082416623927,-1.2524852101063082,0.0
3187,0,0.0,0.0,0.0
3187,1,-2.1878224569282154,0.23176538592202692,0.0
3187,2,-1.2963018964902386,-0.22945628200210838,0.0
3187,3,-0.5567819224643831,1.7018939565801372,0.0
3188,0,0.0,0.0,0.0
3188,1,-0.6815370889992829,-0.8046702086156513,0.0
3188,2,-0.8499106830422349,1.5195738318257281,0.0
3189,0,0.0,0.0,0.0
3189,1,-0.6958005928146249,0.7184685834072054,0.0
3189,2,-0.005120238628273155,-1.1705112257623183,0.0
3190,0,0.0,0.0,0.0
3190,1,-0.050184484986832145,-0.5949507104983343,0.0
3190,2,-4.2010689835336725,-1.486891074533645,0.0
3191,0,0.0,0.0,0.0
3191,1,-0.11759162910570331,2.9237760212096044,0.0
3191,2,2.5082572135685144,3.4090429838174323,0.0
3191,3,0.4514236919706789,3.346124119614151,0.0
3191,4,0.9523579499071235,2.4794884345248978,0.0
3192,0,0.0,0.0,0.0
3192,1,2.3829401914857127,-1.4800780366275756,0.0
3192,2,4.666530606912568,-5.105387688596359,0.0
3193,0,0.0,0.0,0.0
3193,1,-0.58690875605457,-0.04129773431907702,0.0
3193,2,0.46378488032729465,0.667899402708868,0.0
3194,0,0.0,0.0,0.0
3194,1,2.471294412221279,-0.5923666583862721,0.0
3194,2,2.492142992279205,0.8702742980363547,0.0
3194,3,1.1828613775932872,4.0281126966167395,0.0
3194,4,2.5106884261196845,1.9448646317852287,0.0
3194,5,2.614734734889225,1.1228090912237074,0.0
3194,6,2.881588209257616,3.699578417561667,0.0
3194,7,0.70237056763249,4.00609499150054,0.0
3194,8,1.7086981301610091,2.972880763012613,0.0
3194,9,0.9596575850752268,1.5419211475531147,0.0
3195,0,0.0,0.0,0.0
3195,1,-1.4823908286765592,2.368357719085627,0.0
3195,2,-0.9987786315998084,2.148396124158068,0.0
3196,0,0.0,0.0,0.0
3196,1,-2.6989331662214004,-0.5595228541058493,0.0
3196,2,-3.0766789393390157,-1.701188913024382,0.0
3196,3,-3.639950280827135,-1.9100274054968263,0.0
3196,4,-4.328976521875938,-4.320536392016475,0.0
3196,5,-3.316592065036972,-2.6267538748889856,0.0
3196,6,-5.513353766822392,-2.460476945035414,0.0
3196,7,-4.463709104704225,-2.307860031307025,0.0
3196,8,-5.19714886786378,-4.041371791607807,0.0
3196,9,-4.673594351324922,-3.0423680609606345,0.0
3196,10,-2.212075679088077,-2.826024448581176,0.0
3196,11,-2.422233379157613,-2.2718499649435704,0.0
3197,0,0.0,0.0,0.0
3197,1,-1.9827562115592225,0.3628843430663263,0.0
3197,2,-0.9468132596779166,2.97441926130839,0.0
3197,3,0.1713390947489608,2.8832591344691063,0.0
3197,4,-1.9882609255784622,2.337418032582155,0.0
3197,5,-0.9393107862759775,0.3529028786381212,0.0
3197,6,-2.8630415129557516,1.2934552508804056,0.0
3197,7,-2.933600395417143,0.9675916092762996,0.0
3197,8,-1.0274357295206609,0.6141488306300262,0.0
3197,9,-2.913586408522735,0.12871049130619217,0.0
3197,10,-2.586432029503367,1.0751955023838042,0.0
3197,11,-4.267072442387905,1.1461847492268749,0.0
3197,12,0.7369001607848156,-0.6596768737834717,0.0
3197,13,-0.2176191097627469,-0.21504054425755337,0.0
3197,14,-0.5422417086084876,-0.5073771595067098,0.0
3198,0,0.0,0.0,0.0
3198,1,1.2822891718810094,-0.32478316326874457,0.0
3198,2,1.2730033408674162,0.8430834689183786,0.0
3199,0,0.0,0.0,0.0
3199,1,-0.06908683172831787,-0.9295450574045248,0.0
3199,2,-1.00608678517459,-0.6819526686695763,0.0
3199,3,1.2930273656024007,-0.15242639481606712,0.0
3199,4,1.257239806826492,-3.862787070181171,0.0
3200,0,0.0,0.0,0.0
3200,1,2.9380472487873988,1.2390528507349525,0.0
3200,2,-0.1937856389051369,0.033498267099577594,0.0
3200,3,0.9064997587494927,-1.3553916627989218,0.0
3200,4,-1.0589900925073836,-0.1658359173156394,0.0
3201,0,0.0,0.0,0.0
3201,1,2.122158610959247,1.9062480459989781,0.0
3201,2,0.901884810713951,1.282179426209791,0.0
3201,3,3.5309677802905295,0.8680631145205611,0.0
3202,0,0.0,0.0,0.0
3202,1,-0.8393382884545011,0.42680975161521084,0.0
3202,2,-0.38665550932536014,2.738783829225917,0.0
3203,0,0.0,0.0,0.0
3203,1,0.25581789683619416,0.15924178193405036,0.0
3203,2,2.0796557715495423,-0.7317951247909894,0.0
3204,0,0.0,0.0,0.0
3204,1,-0.00729546728034236,2.341723287587906,0.0
3204,2,-0.48953253912936323,0.39230521463555346,0.0
3204,3,0.6257262600170852,3.030104935889889,0.0
3204,4,1.596546696479891,2.6299658263849697,0.0
3204,5,1.718115555261385,2.983008180183164,0.0
3204,6,-0.9454334357255416,4.213136173563678,0.0
3205,0,0.0,0.0,0.0
3205,1,0.9017156800035286,1.4927807310401233,0.0
3205,2,2.8802010332763626,0.5343715504973706,0.0
3205,3,2.3967124091876526,-0.8316356441098188,0.0
3206,0,0.0,0.0,0.0
3206,1,0.7822951066356745,-1.067557542207791,0.0
3206,2,-0.6627448493268653,1.3251307897627442,0.0
3206,3,1.520599920907388,1.2490707068402311,0.0
3206,4,3.5468351672417247,2.382411980690098,0.0
3206,5,0.9766942495721294,1.1037179785548745,0.0
3206,6,1.7112415666669252,-0.4222803099073602,0.0
3206,7,3.640906539584697,-1.7419560190272616,0.0
3206,8,1.6269620522817716,1.0662031096161013,0.0
3207,0,0.0,0.0,0.0
3207,1,-0.5358352977203422,-0.5995751694658011,0.0
3207,2,-0.7900168870203328,-1.1489982871156992,0.0
3207,3,-0.8876346577389285,-0.7735602544998018,0.0
3207,4,-0.07001902315067565,-2.475346152481322,0.0
3208,0,0.0,0.0,0.0
3208,1,-1.7751003483988606,0.5250351837009323,0.0
3208,2,0.06867189406561436,0.38565929822324196,0.0
3208,3,-0.11543016313073617,-0.569263418953641,0.0
3209,0,0.0,0.0,0.0
3209,1,-1.5377229826702923,0.9655378370012833,0.0
3209,2,0.2561967729146204,2.2928377626106364,0.0
3209,3,-0.5594909179905416,1.2718519387530862,0.0
3210,0,0.0,0.0,0.0
3210,1,-0.9092000876698251,2.1077323381782715,0.0
3210,2,0.4187253688610081,1.6259125758064428,0.0
3210,3,0.4072783709743931,0.42511044938429476,0.0
3210,4,1.2721392103933409,1.995371521424706,0.0
3211,0,0.0,0.0,0.0
3211,1,-0.529090328473364,-0.3042823858207385,0.0
3211,2,-1.3220530129408976,0.2383707881622532,0.0
3212,0,0.0,0.0,0.0
3212,1,0.9761123029319307,1.3340954490477406,0.0
3212,2,-0.5189251486135422,3.79680725613229,0.0
3213,0,0.0,0.0,0.0
3213,1,0.6699416377699909,-2.453538078301174,0.0
3213,2,-0.2528511762429737,-0.8560346706935362,0.0
3213,3,-0.19883650499394978,-2.130012754938738,0.0
3214,0,0.0,0.0,0.0
3214,1,0.4719028868822801,-1.0114985922702295,0.0
3214,2,1.160766707421871,-2.4589549711354675,0.0
3215,0,0.0,0.0,0.0
3215,1,0.4202196184442171,-1.7952467098881262,0.0
3215,2,1.1095853824757909,-1.7864741733085683,0.0
3215,3,2.2568162887507106,-1.6136514914381956,0.0
3215,4,2.84791702411313,-1.450514372940131,0.0
3216,0,0.0,0.0,0.0
3216,1,1.6378854955498818,-1.1691101689272418,0.0
3216,2,1.0793931019185545,-0.6281867306030933,0.0
3216,3,1.2755473541723088,-1.375417389136199,0.0
3216,4,3.0511540499453806,-1.278889493671519,0.0
3216,5,0.9569040286639716,-2.36705893894299,0.0
3216,6,0.4349968408256729,-2.580948610437139,0.0
3216,7,1.5754619357367803,-1.508828014474996,0.0
3216,8,1.1180595834453941,-1.7878598215781316,0.0
3216,9,0.05505406408940394,-1.6351515924895401,0.0
3217,0,0.0,0.0,0.0
3217,1,-2.207745005343073,-1.202738265960285,0.0
3217,2,-1.7733334501850444,-1.0133276385778276,0.0
3217,3,-1.4159838302984333,-0.25817231994123135,0.0
3217,4,-1.2270460755424344,-1.5088920876702963,0.0
3217,5,-2.3234398181572917,0.20393516349878427,0.0
3217,6,-3.6495336093382233,0.7741966923823962,0.0
3217,7,-1.5698550675061782,0.1756951786654204,0.0
3217,8,-4.177928437773564,-0.3255350843048985,0.0
3217,9,-2.6425077873643525,0.7349796070360388,0.0
3217,10,-4.489966271767891,-0.1151095914301723,0.0
3217,11,-4.091863491352863,-1.4259674441049053,0.0
3218,0,0.0,0.0,0.0
3218,1,-1.7173660990630224,-0.2708118532957331,0.0
3218,2,0.17028936934081051,-2.2878245133343,0.0
3219,0,0.0,0.0,0.0
3219,1,1.0649260472151538,-0.8418271651716267,0.0
3219,2,1.546852502383401,0.8350956303806414,0.0
3219,3,1.604705187495262,-0.392922207209824,0.0
3219,4,-0.30227990191049636,0.24692159369422467,0.0
3219,5,1.0010678161578155,-0.11238111424945074,0.0
3220,0,0.0,0.0,0.0
3220,1,-1.1608095319968217,-0.30904699438057776,0.0
3220,2,-1.771361680794683,-1.863646778344618,0.0
3220,3,-0.9581987667969746,-4.603713183863433,0.0
3220,4,0.5370340222795381,-4.443402605405376,0.0
3221,0,0.0,0.0,0.0
3221,1,-1.2004367216454386,-1.4114143439973637,0.0
3221,2,1.50332982896723,-1.5473109047707072,0.0
3222,0,0.0,0.0,0.0
3222,1,0.19745251234584038,0.8623795893622079,0.0
3222,2,3.5725723817677375,0.18875659152297058,0.0
3222,3,4.120942183095707,1.4497956459399985,0.0
3222,4,3.602971811319906,-1.1130722383108684,0.0
3222,5,2.953905115800392,-0.883583501408767,0.0
3223,0,0.0,0.0,0.0
3223,1,-0.8807362499057809,-0.7510918422420523,0.0
3223,2,3.111201178634981,1.3040924600759571,0.0
3223,3,5.3504714101278665,-0.6989434295855461,0.0
3224,0,0.0,0.0,0.0
3224,1,-0.8514983079734627,2.226063991956701,0.0
3224,2,-4.155232952758082,1.8560020222595355,0.0
3224,3,-1.545773783952877,1.3093325174629713,0.0
3225,0,0.0,0.0,0.0
3225,1,2.181132603907588,0.21779597067816936,0.0
3225,2,1.3308210526174549,0.9862061880222935,0.0
3226,0,0.0,0.0,0.0
3226,1,-2.859412995554465,2.0869617450671147,0.0
3226,2,-1.962621522521248,2.128140413876398,0.0
3226,3,-2.9828913569373894,-0.015445827847156424,0.0
3226,4,-1.658762394814826,-0.5745880996836144,0.0
3226,5,-2.1004478653116117,-0.9580810240302681,0.0
3226,6,-2.0771874295102277,-0.5134645186703215,0.0
3226,7,-2.6541896364498916,0.1438394861951816,0.0
3226,8,-3.7957415781942627,0.8728630592469783,0.0
3226,9,-2.235399890113844,0.228283166324606,0.0
3227,0,0.0,0.0,0.0
3227,1,0.3550591370527394,-0.3514390533690553,0.0
3227,2,-0.14564246834004813,-0.6251517664950711,0.0
3227,3,-1.2735380848124032,-1.5687600631695642,0.0
3228,0,0.0,0.0,0.0
3228,1,0.6701166565248271,-0.8919022650363653,0.0
3228,2,-0.029881241413851622,0.8702320065504627,0.0
3228,3,-0.43869502617532996,1.7265464988122008,0.0
3228,4,-2.0109753844384444,3.3879008078939705,0.0
3229,0,0.0,0.0,0.0
3229,1,-1.0067048431103627,1.0661559161643546,0.0
3229,2,-0.6908111862420643,-0.09141687331579296,0.0
3229,3,-3.592649219776022,-0.9337887967425608,0.0
3230,0,0.0,0.0,0.0
3230,1,-0.12447129819454417,-0.7352512786341335,0.0
3230,2,-0.3321114897474923,-0.41537820707552453,0.0
3231,0,0.0,0.0,0.0
3231,1,-0.38706857858010224,2.237839863660878,0.0
3231,2,1.0399415727944472,2.0489341349046293,0.0
3231,3,0.8102054528978841,1.3670121309953962,0.0
3232,0,0.0,0.0,0.0
3232,1,2.903672270318616,1.5043335952049695,0.0
3232,2,2.6840533421422994,1.9217266950775074,0.0
3232,3,1.969847668747866,2.3146093943149753,0.0
3232,4,4.35342483266742,1.3514779984260017,0.0
3233,0,0.0,0.0,0.0
3233,1,-0.4462087644755901,-0.8471217262900305,0.0
3233,2,0.5471962395025265,-2.0586395623845775,0.0
3233,3,0.4593417230956083,-1.6967397128195416,0.0
3233,4,-0.0964122113434629,-0.5498258213547655,0.0
3233,5,0.566850322920583,-0.1663643134015801,0.0
3233,6,-0.2501901974928977,0.008458291542986718,0.0
3234,0,0.0,0.0,0.0
3234,1,-2.286366517253741,-1.1252071125700056,0.0
3234,2,-0.05039276923518299,0.06731316273617893,0.0
3234,3,-0.7200511537257717,-1.513164854253534,0.0
3235,0,0.0,0.0,0.0
3235,1,2.003157645289815,-1.4322363708334929,0.0
3235,2,0.15962042071702376,-2.2084958540549042,0.0
3236,0,0.0,0.0,0.0
3236,1,2.46664282615985,-2.649580185569456,0.0
3236,2,1.2352269383024466,-0.6891308117157895,0.0
3236,3,2.411296679033768,-3.0775783376549586,0.0
3236,4,1.9363349937887695,-0.7257230673879986,0.0
3237,0,0.0,0.0,0.0
3237,1,-0.06753439874124906,-2.158501150988036,0.0
3237,2,-1.4234071221915472,-2.0973960360906436,0.0
3238,0,0.0,0.0,0.0
3238,1,-0.5067332983934185,1.0612090076261764,0.0
3238,2,0.5177440560567872,0.7999185890479371,0.0
3238,3,0.8132239697884729,1.0252689626438367,0.0
3238,4,-0.8325684261192237,-0.4941539631021613,0.0
3239,0,0.0,0.0,0.0
3239,1,-1.897450713020383,-0.20670106094989538,0.0
3239,2,-4.222614628585234,1.8489802491074576,0.0
3240,0,0.0,0.0,0.0
3240,1,-1.232332722788159,1.6463624192053254,0.0
3240,2,0.0591137506893162,0.4433812489618765,0.0
3240,3,1.5439318266520723,0.6417358186291456,0.0
3241,0,0.0,0.0,0.0
3241,1,0.9599565256079097,1.2831874359516056,0.0
3241,2,-1.0935175893064857,2.62547780210653,0.0
3241,3,-0.5054531456524494,-0.730475613243697,0.0
3241,4,-0.7702204419850265,0.4020235685353025,0.0
3241,5,0.22663642526172625,-0.22192066634832808,0.0
3242,0,0.0,0.0,0.0
3242,1,-0.22781058601749504,-3.08011210018777,0.0
3242,2,-0.0033115681425044396,-2.3875454877514066,0.0
3242,3,0.20089575282415328,-3.5477406532686846,0.0
3242,4,2.5874126547683414,-2.2411876542970033,0.0
3242,5,2.804641509052551,-2.3306547632557866,0.0
3242,6,3.418607711702529,-1.5606089180989418,0.0
3242,7,1.3477056443578301,0.28589345128765387,0.0
3243,0,0.0,0.0,0.0
3243,1,-1.5339432690719115,-1.5276073593545667,0.0
3243,2,0.12741548102264444,-1.123927660257515,0.0
3243,3,0.38982066246318425,-1.1850615498698267,0.0
3244,0,0.0,0.0,0.0
3244,1,2.781730122156067,-1.1275156446392982,0.0
3244,2,1.277592530301396,-0.9218084384813041,0.0
3245,0,0.0,0.0,0.0
3245,1,1.7319113048365982,0.8621671615515569,0.0
3245,2,4.082311829624329,-1.3133151599639992,0.0
3246,0,0.0,0.0,0.0
3246,1,2.085751295735901,-2.233209791062459,0.0
3246,2,3.1254464152839874,-3.1968158974309313,0.0
3246,3,2.4034655885420695,-0.6520120269687477,0.0
3246,4,2.4437519114553377,-2.960227457101992,0.0
3246,5,3.7349223909724563,-4.026038874462689,0.0
3246,6,0.7025941598035008,-3.2340237243843397,0.0
3247,0,0.0,0.0,0.0
3247,1,-0.5740674162176452,1.0477200589357893,0.0
3247,2,1.1450946380508742,-0.7630558886892316,0.0
3248,0,0.0,0.0,0.0
3248,1,0.576611581772815,-0.2799623715956665,0.0
3248,2,1.3052747996234833,-2.1847170182226643,0.0
3248,3,-0.5156269568760292,-4.512973686752784,0.0
3249,0,0.0,0.0,0.0
3249,1,0.8075667935493032,0.9644069305978902,0.0
3249,2,-0.28314817519439206,0.25082534490023295,0.0
3250,0,0.0,0.0,0.0
3250,1,2.0576220265627483,-1.3974197025022648,0.0
3250,2,2.7517302063961315,-0.20104309194412262,0.0
3250,3,1.5545858717818255,1.5761516469187322,0.0
3251,0,0.0,0.0,0.0
3251,1,3.211798868381975,-1.060189662553109,0.0
3251,2,3.5774220638515386,0.08072885524531725,0.0
3251,3,0.6477759260849545,0.7432640094601395,0.0
3252,0,0.0,0.0,0.0
3252,1,0.12964945677851736,0.26293794410088633,0.0
3252,2,1.2829403041700318,0.30748506468545767,0.0
3252,3,2.1859570378677833,-0.2392308633662008,0.0
3252,4,0.322144919087608,0.9803687956730478,0.0
3252,5,0.07009039222279645,-0.3297021565994145,0.0
3253,0,0.0,0.0,0.0
3253,1,-0.7334667203439934,0.4180037689752607,0.0
3253,2,-0.2680453597434085,-0.613668497623751,0.0
3253,3,-0.5040614392312337,0.24443841383431364,0.0
3253,4,-4.500455536831264,0.9264693947370142,0.0
3253,5,-3.656779746144291,-0.03168968171703368,0.0
3253,6,-6.2489459227160795,2.1864771065451287,0.0
3253,7,-4.171554337536699,0.8893268103421168,0.0
3254,0,0.0,0.0,0.0
3254,1,0.49905163156643617,3.426651946368902,0.0
3254,2,0.26033623649132576,-1.1650702169060763,0.0
3255,0,0.0,0.0,0.0
3255,1,0.20401943228785296,0.7494908034206582,0.0
3255,2,-0.656616294650614,-0.6010040961052492,0.0
3255,3,0.8216824375351703,0.3910235957673027,0.0
3255,4,0.08196714380647109,-1.624887150512393,0.0
3256,0,0.0,0.0,0.0
3256,1,0.3144876858813457,0.10686016140426452,0.0
3256,2,-1.5109611636029288,0.5739841263337722,0.0
3257,0,0.0,0.0,0.0
3257,1,1.7547708257956294,-0.8513690856719268,0.0
3257,2,1.5175932353089108,-0.8501604493511419,0.0
3258,0,0.0,0.0,0.0
3258,1,0.6194656964862199,0.8457129569062849,0.0
3258,2,-0.5750492967392299,-0.5044633100659304,0.0
3258,3,0.7315671302636829,1.8543199029139452,0.0
3259,0,0.0,0.0,0.0
3259,1,-1.9963247643453919,0.9222398911153147,0.0
3259,2,-0.536134420459281,0.9203851438034367,0.0
3259,3,0.47055104684639637,-0.9766010912270122,0.0
3259,4,-2.194523718728272,-1.2653373530604535,0.0
3260,0,0.0,0.0,0.0
3260,1,0.6494104344585219,-0.9700098499283387,0.0
3260,2,-0.4191095836883856,-1.3677572926005008,0.0
3260,3,-1.5519675348119752,-0.7931989054950774,0.0
3261,0,0.0,0.0,0.0
3261,1,-0.7526578718234664,0.40309473063700807,0.0
3261,2,-1.700256957984473,-0.5260459123240848,0.0
3261,3,0.44756894200206176,-1.6288511429505854,0.0
3262,0,0.0,0.0,0.0
3262,1,-1.0565480117161241,2.1133169526754014,0.0
3262,2,-2.5131334855807,0.2675710485900855,0.0
3262,3,-3.0811016396226103,0.7292936558076257,0.0
3262,4,-4.933020929858002,0.8961840136313124,0.0
3262,5,-1.8372640795008899,0.1219833678939628,0.0
3262,6,-2.3825222865090785,4.363091936926359,0.0
3262,7,1.4402050491020215,3.573404039312679,0.0
3262,8,-1.711797849408651,3.308075502007956,0.0
3263,0,0.0,0.0,0.0
3263,1,0.35062408030022096,-0.2903886878830978,0.0
3263,2,-2.083140040213806,0.3362174901005812,0.0
3264,0,0.0,0.0,0.0
3264,1,0.8515796448852513,0.8365826593426715,0.0
3264,2,-1.4578469116781585,2.356139288295517,0.0
3264,3,-3.036797814893184,4.891456770757287,0.0
3264,4,-0.6847103373092354,1.2162968187351861,0.0
3265,0,0.0,0.0,0.0
3265,1,1.6580913820882062,-0.5326451012818129,0.0
3265,2,1.3337936965384365,0.7159919910909012,0.0
3266,0,0.0,0.0,0.0
3266,1,-0.5733730061159924,0.1931890848602421,0.0
3266,2,-0.9277042327924007,-0.44398003284079923,0.0
3267,0,0.0,0.0,0.0
3267,1,0.5320386517892706,-2.306619270574907,0.0
3267,2,2.034465999376684,-2.429071807950617,0.0
3268,0,0.0,0.0,0.0
3268,1,-0.2552942420416361,0.22904092175935742,0.0
3268,2,-0.30284605389775454,1.8308906337891893,0.0
3268,3,-0.17350727879616035,2.8694221624004546,0.0
3269,0,0.0,0.0,0.0
3269,1,-2.7347017195644123,0.9981646143518041,0.0
3269,2,-1.0703184530596466,-0.4036591620231276,0.0
3269,3,-0.13485231427999755,0.09356611540059817,0.0
3269,4,-2.248492817742552,0.5548139501909235,0.0
3270,0,0.0,0.0,0.0
3270,1,-0.4092856210131979,-1.4931538865170022,0.0
3270,2,0.17349029132041327,0.0878713419649837,0.0
3270,3,1.6539456106364896,0.019910811098709624,0.0
3270,4,1.1773673748717512,-2.075739601013783,0.0
3271,0,0.0,0.0,0.0
3271,1,-0.8073144608819347,-0.2276492468629856,0.0
3271,2,-0.5576870774563734,0.10924530849885827,0.0
3271,3,0.9671222487209925,-0.00020847333627016518,0.0
3272,0,0.0,0.0,0.0
3272,1,0.763204628728637,-0.28688126032514627,0.0
3272,2,1.3188357980760115,0.32107596197532384,0.0
3272,3,1.7590105210924754,-1.9472170164877156,0.0
3272,4,-1.340222426509709,-1.976937054122723,0.0
3272,5,-1.3466911286345222,-1.3343769565260672,0.0
3272,6,-1.4035405023086274,-2.0183061234949475,0.0
3273,0,0.0,0.0,0.0
3273,1,1.530057662990978,0.43574729101928344,0.0
3273,2,-0.393288161613801,-0.08489940663918638,0.0
3274,0,0.0,0.0,0.0
3274,1,2.3726096070736795,-1.8930255329480081,0.0
3274,2,1.0220129340495068,-2.0667163241489486,0.0
3275,0,0.0,0.0,0.0
3275,1,0.23934592765612672,-1.6035853673599758,0.0
3275,2,-3.418261866114976,-0.3394755127470068,0.0
3275,3,-2.05295914410203,-0.7056347469446665,0.0
3276,0,0.0,0.0,0.0
3276,1,0.45144328123367305,0.23373451275995039,0.0
3276,2,-0.1987487389999194,0.287925638381467,0.0
3276,3,0.8678155396374272,1.5116369851581888,0.0
3276,4,1.2266513095202003,1.7045633782026985,0.0
3277,0,0.0,0.0,0.0
3277,1,-1.3120776279601765,-0.1867870511488836,0.0
3277,2,-0.9284954627912287,-1.291635971495467,0.0
3278,0,0.0,0.0,0.0
3278,1,-0.7989775274426004,-0.81556970031095,0.0
3278,2,0.7181101711475243,-1.0396103566732546,0.0
3278,3,-0.20855497883168536,0.2590635097575372,0.0
3278,4,0.6751835022746988,-0.4921703594517247,0.0
3278,5,-0.29167560663155484,-1.6333861093968123,0.0
3278,6,-2.2171941402601867,0.0774853450718146,0.0
3278,7,0.5182275953086696,-0.9258799990678207,0.0
3278,8,0.2585826209032159,-1.2598877088202576,0.0
3278,9,0.9658648096697445,-1.0300387585496393,0.0
3278,10,0.08063195297590844,-0.8598324873532065,0.0
3278,11,0.6849957283197825,-0.80180623090146,0.0
3279,0,0.0,0.0,0.0
3279,1,-2.4867490773226217,-0.6825393513303182,0.0
3279,2,-1.9422440143493849,-1.4668912463352395,0.0
3279,3,-0.48079630852454125,-2.2195582868844643,0.0
3279,4,-1.521653140809232,-1.0093274376311425,0.0
3280,0,0.0,0.0,0.0
3280,1,-2.4728691371263487,-0.8725841746060208,0.0
3280,2,-2.5719528344192586,-1.0244256338844513,0.0
3281,0,0.0,0.0,0.0
3281,1,-0.4306509773584819,-0.23224957803544766,0.0
3281,2,-0.2614153326365718,-0.46752758321356347,0.0
3281,3,0.6690078718792828,-2.851374667591956,0.0
3282,0,0.0,0.0,0.0
3282,1,0.5653321154410864,-2.4875259702326953,0.0
3282,2,-0.5540474190603124,-1.857035070661382,0.0
3282,3,0.5083355846671918,-1.4602149283905526,0.0
3282,4,-0.8927150223825833,-2.2312962466382666,0.0
3283,0,0.0,0.0,0.0
3283,1,-0.4784304287163328,1.6743778939371703,0.0
3283,2,-1.0350489161973764,1.9905092469411243,0.0
3283,3,-1.4241047043278035,2.270942113814585,0.0
3283,4,0.023175983593176075,1.817982893203761,0.0
3284,0,0.0,0.0,0.0
3284,1,-3.726121280097641,0.1641177085549953,0.0
3284,2,-1.4274702454619383,0.27292495994466304,0.0
3284,3,-2.8594546726802985,0.7335211314547195,0.0
3284,4,-3.328853811316174,1.8576523496231445,0.0
3284,5,-4.155761632303603,2.1876921681264214,0.0
3285,0,0.0,0.0,0.0
3285,1,-0.9158287004643785,0.7320995027461062,0.0
3285,2,-0.9726006316976049,0.21400287374629745,0.0
3285,3,-1.9208698950825385,1.6904192823004687,0.0
3286,0,0.0,0.0,0.0
3286,1,0.20410670622615054,-0.25218850049786457,0.0
3286,2,-0.31893597470566537,-2.590904832314912,0.0
3287,0,0.0,0.0,0.0
3287,1,-0.1302239236419025,0.12318421943924651,0.0
3287,2,-1.0364831085647395,0.9696728583695848,0.0
3288,0,0.0,0.0,0.0
3288,1,2.445188069759709,-0.2508128846844408,0.0
3288,2,1.3920295175858435,0.6569315200075658,0.0
3289,0,0.0,0.0,0.0
3289,1,1.1530564248582809,2.021275719796694,0.0
3289,2,0.5108147990051246,-0.17529993068877836,0.0
3289,3,-1.5760272278267378,0.9340630374903667,0.0
3289,4,-0.25468993220789793,1.657226868739878,0.0
3290,0,0.0,0.0,0.0
3290,1,0.14327634300685554,-1.1327298118506821,0.0
3290,2,-0.20517969801545943,-0.5176877554775299,0.0
3290,3,-0.434916991238254,-0.6941495100560471,0.0
3290,4,0.02837190000749379,-0.8540317197389806,0.0
3291,0,0.0,0.0,0.0
3291,1,0.89402651625406,0.012682875705303687,0.0
3291,2,0.6726431117844031,0.7746809300074868,0.0
3291,3,1.54371387707101,0.017586696131829616,0.0
3291,4,1.870428100243816,-1.3690056069382086,0.0
3291,5,0.4887003432066882,-0.7086086104071212,0.0
3291,6,1.226870014632726,-3.6216650501591703,0.0
3292,0,0.0,0.0,0.0
3292,1,0.3683559912801677,0.3763752857552818,0.0
3292,2,1.211530104338098,0.611776823559823,0.0
3292,3,-0.00393014592330454,0.3970893068317095,0.0
3292,4,-0.0007375397562445762,-0.3150171653188859,0.0
3293,0,0.0,0.0,0.0
3293,1,-1.995516763674267,1.6344331778817713,0.0
3293,2,-3.258003931631338,-0.5867298255361011,0.0
3294,0,0.0,0.0,0.0
3294,1,-2.4178832772115486,-0.5725056562755761,0.0
3294,2,-2.192045352272354,1.2683597466478866,0.0
3294,3,-4.087829478920872,0.13843337744360595,0.0
3295,0,0.0,0.0,0.0
3295,1,0.20635575481239943,0.6393813817531937,0.0
3295,2,-0.3494883061148615,3.754046169543031,0.0
3295,3,-0.9310373173531782,1.387559346973724,0.0
3295,4,-1.7305119393637867,0.14716351484803702,0.0
3295,5,0.7837256879975701,2.233847514009563,0.0
3296,0,0.0,0.0,0.0
3296,1,-1.1557179757067597,-1.7118992892779088,0.0
3296,2,-1.7904925885958591,0.020144694176890354,0.0
3296,3,-3.7572012063868097,0.1500342456768302,0.0
3296,4,-3.139012913549654,0.3804989120639861,0.0
3296,5,-3.580891520697104,-0.41232952510659726,0.0
3297,0,0.0,0.0,0.0
3297,1,1.378857723203681,0.22042077830098955,0.0
3297,2,2.7705377589446036,0.19886075728594726,0.0
3298,0,0.0,0.0,0.0
3298,1,0.9723535685635494,-0.12438266793119324,0.0
3298,2,1.9284249928308432,2.2495338825091564,0.0
3298,3,0.7078230371564487,1.932945391073519,0.0
3299,0,0.0,0.0,0.0
3299,1,0.8027743124126252,-0.5373184201636871,0.0
3299,2,0.3437719755203503,0.15460971158205872,0.0
3300,0,0.0,0.0,0.0
3300,1,1.36463279213755,1.566218883099157,0.0
3300,2,-0.7268653362884203,-0.394858845286874,0.0
3301,0,0.0,0.0,0.0
3301,1,3.6193859495611833,0.04798400740444997,0.0
3301,2,1.0288437664881216,-0.19455748763501063,0.0
3302,0,0.0,0.0,0.0
3302,1,-0.1945878108194221,-0.12384908306730724,0.0
3302,2,-0.3097390570022567,0.849514276955246,0.0
3302,3,0.5046253796202107,1.7104958830109305,0.0
3302,4,-1.4586180453722501,1.7626588870928344,0.0
3303,0,0.0,0.0,0.0
3303,1,-1.4873076765650823,1.6659769542130856,0.0
3303,2,-2.4887901059571442,1.082111057986721,0.0
3303,3,-3.335908432457778,-0.33710132965656303,0.0
3303,4,-1.7104118214101995,0.11136266453020172,0.0
3303,5,-2.4936360992748017,-0.09658049664076107,0.0
3304,0,0.0,0.0,0.0
3304,1,1.1597975685296686,-2.092761525275704,0.0
3304,2,1.6668004072069047,-0.3636551198992741,0.0
3304,3,2.3845760640961213,-1.4314120235766725,0.0
3305,0,0.0,0.0,0.0
3305,1,0.30167609427161635,-0.5653438183830777,0.0
3305,2,-0.12587937853706388,-0.46213449962232556,0.0
3305,3,0.6706989957572783,1.241157805796357,0.0
3305,4,-1.300202045811409,2.7159688303326206,0.0
3305,5,0.34393732452267856,2.255504478683756,0.0
3306,0,0.0,0.0,0.0
3306,1,-0.3851076999070746,3.7972499809779867,0.0
3306,2,1.1789722840924148,3.3965397907594634,0.0
3306,3,0.08363243113357477,2.7657876151767717,0.0
3307,0,0.0,0.0,0.0
3307,1,-0.31855448644658413,1.7675375304092902,0.0
3307,2,-2.492408947084373,-0.6921314071975306,0.0
3307,3,-1.8946482931904138,-1.0872310987249783,0.0
3307,4,-2.4092584748748216,-0.3523590422563144,0.0
3308,0,0.0,0.0,0.0
3308,1,-2.286443883108567,1.355998136926073,0.0
3308,2,-4.2530450953092,1.230599934464578,0.0
3308,3,-3.435089117170575,-0.20651377276443883,0.0
3308,4,-1.9965986790390544,-2.0389503437649075,0.0
3308,5,-4.851001960640575,-2.0458575158688324,0.0
3308,6,-3.7782113469880625,-2.9515862010967786,0.0
3309,0,0.0,0.0,0.0
3309,1,-3.274593843633278,-1.4431852245436871,0.0
3309,2,-3.001814979425471,-0.5688046404858325,0.0
3309,3,-3.186611928149981,-0.46217777122656484,0.0
3309,4,-1.862154358057728,0.7552552203682956,0.0
3309,5,-5.087723953542376,-1.7376436362030039,0.0
3309,6,-3.6541384936261885,-1.7236851429150428,0.0
3309,7,-1.2363855706742835,1.8846112848371537,0.0
3310,0,0.0,0.0,0.0
3310,1,-0.5780997404789154,-0.4318958302064674,0.0
3310,2,2.4215843140765148,-1.3026432692333434,0.0
3310,3,0.6236065710155256,0.12115088452796244,0.0
3310,4,0.682861757731592,-0.037008011151619065,0.0
3310,5,3.1836549038959467,0.5207207551882502,0.0
3311,0,0.0,0.0,0.0
3311,1,-0.5844982509679431,0.40744059418075596,0.0
3311,2,0.7198164413738821,1.4321611706703343,0.0
3311,3,-0.16364682161193034,0.14083268719628195,0.0
3311,4,0.31423288310101877,0.4804453178286967,0.0
3311,5,-1.199333294114948,1.7616983055400397,0.0
3312,0,0.0,0.0,0.0
3312,1,-0.3889640113575856,-0.6222234440048809,0.0
3312,2,-1.639805649704484,1.590219739396487,0.0
3312,3,-1.6429907450395653,2.0380737679473717,0.0
3313,0,0.0,0.0,0.0
3313,1,-1.590722331325485,0.4422217162731492,0.0
3313,2,-2.6182016664881442,0.545179351740207,0.0
3314,0,0.0,0.0,0.0
3314,1,-0.6287971721975002,0.29841699101692676,0.0
3314,2,-1.6085316840026471,-0.6602574349904304,0.0
3314,3,-2.2245038804712416,-0.24402702760541284,0.0
3314,4,-2.740859145051626,-2.1153845992461595,0.0
3315,0,0.0,0.0,0.0
3315,1,0.7628389539387892,1.7373112429598785,0.0
3315,2,-0.4618759316722669,0.3309964868376497,0.0
3315,3,1.2137651671393583,1.0317628763629643,0.0
3316,0,0.0,0.0,0.0
3316,1,-0.7837686024915501,-0.6734522196074096,0.0
3316,2,-2.164048317272341,-0.3646023627155766,0.0
3317,0,0.0,0.0,0.0
3317,1,-0.9220730522840903,1.9072371346950487,0.0
3317,2,-1.0623499871045652,1.3592988133500126,0.0
3317,3,-2.2688372603033953,-1.147113750048645,0.0
3317,4,-2.797794164756943,-0.2390545693951599,0.0
3317,5,-2.9805471713877436,2.219170336860533,0.0
3317,6,-2.6729609205206186,1.1207371238166397,0.0
3318,0,0.0,0.0,0.0
3318,1,1.874485450986139,3.417882559643645,0.0
3318,2,-0.39195277377565685,1.8839021955160915,0.0
3319,0,0.0,0.0,0.0
3319,1,-0.10901772457578424,1.1451657336223444,0.0
3319,2,0.9093015337955354,1.3106252706764137,0.0
3319,3,0.4108750848233139,1.7696934055585931,0.0
3320,0,0.0,0.0,0.0
3320,1,-3.145559631597187,0.5932648045424261,0.0
3320,2,-5.014283425834511,1.0226985645310125,0.0
3321,0,0.0,0.0,0.0
3321,1,2.5133345058702408,-0.005945614779034436,0.0
3321,2,0.6729615221083973,1.0963795228150712,0.0
3321,3,2.234371779700509,0.8958836567095214,0.0
3321,4,1.9794299104203303,0.4810034923304277,0.0
3321,5,0.6498277501212115,1.1523571311703455,0.0
3321,6,0.7915643676449426,-0.23278853854048664,0.0
3321,7,1.0341204004757705,0.013919599781346936,0.0
3322,0,0.0,0.0,0.0
3322,1,-2.864544285113723,0.3042300452504596,0.0
3322,2,0.37914483305477786,-1.3866543967408507,0.0
3323,0,0.0,0.0,0.0
3323,1,0.4559617770109323,0.5475864446841345,0.0
3323,2,-0.8461974139577748,0.3217527475199764,0.0
3323,3,-2.0612971128846374,0.5307485663610587,0.0
3324,0,0.0,0.0,0.0
3324,1,-1.5577534114394287,-0.13519574317304184,0.0
3324,2,1.1670546704836293,0.23985316936904355,0.0
3324,3,1.4997673398909375,-2.258227878504607,0.0
3325,0,0.0,0.0,0.0
3325,1,1.2578141310220816,-0.42552651466700164,0.0
3325,2,-0.06582889547550241,0.07032776273051763,0.0
3326,0,0.0,0.0,0.0
3326,1,2.168517632947986,0.6831659950434306,0.0
3326,2,1.3643303703628873,1.8630480994366643,0.0
3327,0,0.0,0.0,0.0
3327,1,1.766953428576565,-1.2025676180294838,0.0
3327,2,-1.7145697776710966,-0.9993365963209141,0.0
3328,0,0.0,0.0,0.0
3328,1,-1.4934849397815781,1.656774187957902,0.0
3328,2,-1.2916445044987372,2.7412996943758796,0.0
3329,0,0.0,0.0,0.0
3329,1,-3.4832554816925323,1.2380406394462373,0.0
3329,2,-2.6688373963200402,1.7345737435308395,0.0
3330,0,0.0,0.0,0.0
3330,1,-1.6035164070874837,0.6117291207928293,0.0
3330,2,-2.4268569046061583,-0.04430347256388201,0.0
3330,3,-0.6983940723261018,-2.6344016196115376,0.0
3331,0,0.0,0.0,0.0
3331,1,-1.8326612824638016,2.7334586617409005,0.0
3331,2,-0.051743077107744284,4.0816072871260305,0.0
3332,0,0.0,0.0,0.0
3332,1,-1.363388687265655,-0.6451651612602682,0.0
3332,2,-0.799502740176119,0.1764672209077891,0.0
3332,3,-3.127247428734628,-2.4034676625905678,0.0
3332,4,-1.0439086236384805,1.5532705120272583,0.0
3332,5,-2.173184043942066,1.848638074300359,0.0
3333,0,0.0,0.0,0.0
3333,1,-1.7403152485788131,0.01683918756070968,0.0
3333,2,-0.8500432346322848,0.8374192612967015,0.0
3334,0,0.0,0.0,0.0
3334,1,1.4441721207748754,-0.8371492381760296,0.0
3334,2,2.432643265396951,-3.319851186772514,0.0
3335,0,0.0,0.0,0.0
3335,1,-2.73003532462477,-0.25366487517118863,0.0
3335,2,-2.5468738164965274,0.08764811293030028,0.0
3336,0,0.0,0.0,0.0
3336,1,-2.676777563781857,0.8903979732541866,0.0
3336,2,-3.9295275164870227,1.86912185190491,0.0
3337,0,0.0,0.0,0.0
3337,1,-0.8771242902323967,0.9724585000772538,0.0
3337,2,-0.27322730717000854,1.6184182805265006,0.0
3337,3,-1.090834438347877,0.12460729279684846,0.0
3337,4,-1.2401497317381833,-1.3068836207009245,0.0
3337,5,1.3010882658360117,1.2216350665714453,0.0
3338,0,0.0,0.0,0.0
3338,1,2.0833976926506867,-0.7813958902290017,0.0
3338,2,3.166850292685983,0.06126545482477774,0.0
3338,3,1.8015518784951143,-0.5735816667774711,0.0
3338,4,0.23548488008749424,0.05051253162176483,0.0
3339,0,0.0,0.0,0.0
3339,1,0.03409755268784104,-0.6452245357221326,0.0
3339,2,2.2006230897901213,-1.422161513199462,0.0
3339,3,-0.36962296091702546,0.1005454766812891,0.0
3339,4,0.717719178302779,-1.1110036217346382,0.0
3339,5,-2.307821142621762,-1.817748251988243,0.0
3340,0,0.0,0.0,0.0
3340,1,-1.2642487271148761,-1.234025260309048,0.0
3340,2,0.0812746022388855,-0.35969918757011077,0.0
3340,3,-0.08606162449357749,-0.9374737233138626,0.0
3340,4,0.9176214807668429,-0.7569448062309176,0.0
3340,5,0.9522528266480824,0.9656454478394296,0.0
3340,6,-2.508343869318084,-1.9732125449750646,0.0
3340,7,-3.018004658186338,-1.9020053057069786,0.0
3340,8,0.11833130667767511,-2.098046626339946,0.0
3341,0,0.0,0.0,0.0
3341,1,1.57126948880886,0.24919920705145393,0.0
3341,2,0.45416518173570664,-0.30864385998996857,0.0
3341,3,0.6150186285945785,0.04981474204349423,0.0
3341,4,-0.2084815521194383,-2.432084016058535,0.0
3341,5,1.2144800923531271,1.920009909062482,0.0
3342,0,0.0,0.0,0.0
3342,1,-0.646454804611533,-2.1327146666221717,0.0
3342,2,-2.637599471026741,0.8647835930390326,0.0
3342,3,-1.6879504921997375,2.5045100729262715,0.0
3342,4,-2.995537940806072,1.2943645630850302,0.0
3343,0,0.0,0.0,0.0
3343,1,-1.7265836164201775,-0.018877160774633528,0.0
3343,2,-1.5804264175162694,-0.3778915245424328,0.0
3343,3,-0.28635726927000693,1.3486130733757873,0.0
3343,4,0.08622727735371205,-1.1895056181442298,0.0
3343,5,-0.16669699217727585,-3.874852392097313,0.0
3344,0,0.0,0.0,0.0
3344,1,1.9021470270334564,1.5730785769723479,0.0
3344,2,-0.15423584198658952,-1.27969445915142,0.0
3344,3,2.4842087454427264,-1.5691150282193878,0.0
3344,4,4.261149914907238,-0.2183320216219297,0.0
3344,5,0.9693316935009235,1.5391608647854156,0.0
3344,6,1.5156729838234944,3.2048541043997942,0.0
3344,7,1.8159708546842854,-0.13673060066559098,0.0
3345,0,0.0,0.0,0.0
3345,1,-0.21680455512260038,3.076804237321943,0.0
3345,2,-0.5060519760065036,2.207963621540969,0.0
3345,3,-0.9216416901736995,-0.8749587665230792,0.0
3345,4,-0.3028755815969241,0.8270240511530115,0.0
3345,5,1.9485962406637247,1.0692817306167788,0.0
3345,6,-0.19188592157363932,-2.3696158393506557,0.0
3345,7,-0.19020546458007043,-0.08127390147550277,0.0
3345,8,-0.8162898642964671,0.4904792936340288,0.0
3346,0,0.0,0.0,0.0
3346,1,-2.0204527048715493,2.2990630621001564,0.0
3346,2,-3.7328204807635688,0.013151296259935094,0.0
3346,3,-3.0203424261541576,2.6810274335076447,0.0
3346,4,-4.998616065471767,0.8606438437522536,0.0
3347,0,0.0,0.0,0.0
3347,1,0.6068066060487992,-1.0363992471232113,0.0
3347,2,0.49653370623597315,0.38479355924621705,0.0
3348,0,0.0,0.0,0.0
3348,1,-3.9133496303425144,-0.863348813174638,0.0
3348,2,-2.3845837943018426,-0.1670780759554238,0.0
3349,0,0.0,0.0,0.0
3349,1,-0.8856484720163873,-0.47082958238169936,0.0
3349,2,1.1399608170141093,-0.6259392296301222,0.0
3349,3,1.6130524382695217,-1.5027259965367006,0.0
3349,4,-1.8440410137318775,-1.871630680632265,0.0
3349,5,-0.811865372569162,-2.9180320254898757,0.0
3350,0,0.0,0.0,0.0
3350,1,0.6598324383921017,0.9281960012948527,0.0
3350,2,-0.8395849450355997,-0.6284894972525885,0.0
3351,0,0.0,0.0,0.0
3351,1,-0.8232023768362753,-1.4773905291216012,0.0
3351,2,-2.402122816942677,-0.6204414977066738,0.0
3351,3,-1.8908401491394842,0.16090281221503,0.0
3352,0,0.0,0.0,0.0
3352,1,0.5958656667008785,-0.6199969052343097,0.0
3352,2,1.9975616368919304,-2.1105091232531468,0.0
3352,3,2.1380803968467883,-1.829631366868672,0.0
3352,4,2.5960057481211107,-0.8303389145402174,0.0
3352,5,3.802425988326857,-0.3046005241420895,0.0
3353,0,0.0,0.0,0.0
3353,1,-0.10165971757946646,-0.8630726135728759,0.0
3353,2,-1.3626938173983019,-0.4879354204948163,0.0
3354,0,0.0,0.0,0.0
3354,1,-0.15521739608183138,-0.004777065343677389,0.0
3354,2,1.066314828496001,-0.7638565917455313,0.0
3355,0,0.0,0.0,0.0
3355,1,0.9042439001337802,-1.1010197555402699,0.0
3355,2,3.5351511354547474,-0.5440016039114115,0.0
3355,3,1.2484759069434679,0.21757327841013097,0.0
3355,4,1.2639087117958527,1.2082733469397144,0.0
3356,0,0.0,0.0,0.0
3356,1,-0.8058663452917401,-0.40749540091697223,0.0
3356,2,-0.6479802149097666,2.107136347886505,0.0
3357,0,0.0,0.0,0.0
3357,1,-0.37382843640210034,-1.0323331214188545,0.0
3357,2,1.551718123228211,-0.04501098803778983,0.0
3358,0,0.0,0.0,0.0
3358,1,-0.17649197367566605,0.05789769982294857,0.0
3358,2,-0.8127045928595265,0.04332335547940391,0.0
3358,3,0.3395757375191897,1.8501194262620353,0.0
3358,4,2.268768325538902,4.194988812639901,0.0
3358,5,0.5287361789535756,5.403758596187602,0.0
3359,0,0.0,0.0,0.0
3359,1,0.23432136579325336,-0.3102061927135117,0.0
3359,2,1.8095685394563392,0.7810184730043458,0.0
3360,0,0.0,0.0,0.0
3360,1,-0.8833099218204082,0.3692267208279186,0.0
3360,2,0.7702035849747846,0.1560983940231156,0.0
3360,3,-4.702398386492315,0.4122195285687005,0.0
3361,0,0.0,0.0,0.0
3361,1,-0.8336414685187843,0.5877942247300194,0.0
3361,2,-1.7158587266570056,0.23713827383263986,0.0
3361,3,-0.047070353280551536,-0.8296937744763979,0.0
3362,0,0.0,0.0,0.0
3362,1,0.6782652083353566,-1.6116587113410765,0.0
3362,2,-0.9055963918068045,1.178032840124181,0.0
3363,0,0.0,0.0,0.0
3363,1,-1.1183101652526506,0.531789327794803,0.0
3363,2,-4.136840649132846,0.13978954973412294,0.0
3364,0,0.0,0.0,0.0
3364,1,-2.7759294265272065,1.3798758459986522,0.0
3364,2,-4.458536786108693,0.39435868028566423,0.0
3364,3,-5.426104181337259,-2.3217451263455344,0.0
3364,4,-5.7781406682624645,0.7497969598724423,0.0
3364,5,-4.056606845865154,0.4748400643855111,0.0
3365,0,0.0,0.0,0.0
3365,1,-1.9613702382059497,2.541312286028532,0.0
3365,2,1.1288359633361593,4.3994739971640735,0.0
3365,3,-0.6296967971244105,4.170840466612535,0.0
3366,0,0.0,0.0,0.0
3366,1,2.078596974978387,-0.6567627557144204,0.0
3366,2,2.43507308983715,0.9389497988892987,0.0
3366,3,4.329290125241609,1.185182480476394,0.0
3367,0,0.0,0.0,0.0
3367,1,1.3580231019998281,-0.30736815516099547,0.0
3367,2,0.9237623581934831,-0.37339222371651615,0.0
3367,3,-2.3953522439890014,-1.1234468456976154,0.0
3367,4,-1.29906219268561,-1.3952942960691075,0.0
3367,5,-2.146120053747774,-0.46671652640563654,0.0
3368,0,0.0,0.0,0.0
3368,1,-0.11989496374284858,0.6738083843596517,0.0
3368,2,-1.3397780743302048,2.780875926333089,0.0
3369,0,0.0,0.0,0.0
3369,1,0.09237856221499643,2.8422581295904927,0.0
3369,2,0.7024022325058958,2.2568738835442326,0.0
3369,3,-0.6600089714606487,4.136785882209624,0.0
3369,4,-2.6541540301520237,2.788081587108575,0.0
3370,0,0.0,0.0,0.0
3370,1,-1.8430499420895492,-0.8201066323658021,0.0
3370,2,-1.4575274789451633,-0.6532769606246513,0.0
3371,0,0.0,0.0,0.0
3371,1,-1.6365396921641657,0.9410220741372453,0.0
3371,2,-4.662087073002054,-0.13979111951523304,0.0
3371,3,-3.036849881358627,-1.3928087358720802,0.0
3371,4,-4.293702789227844,-0.9519124360513334,0.0
3371,5,-5.610169156212876,0.8180531839125533,0.0
3371,6,-5.968937243766629,2.4741781432285723,0.0
3371,7,-5.4119386788809445,2.2838801252117173,0.0
3371,8,-4.155479234633447,2.3102471797411614,0.0
3371,9,-4.578489513471958,1.924085431650649,0.0
3371,10,-4.95753138445985,4.3075752646209935,0.0
3371,11,-3.29187040795666,4.289563443265037,0.0
3371,12,-6.017655583786934,4.727178949775634,0.0
3371,13,-5.599735014738039,5.161092936843298,0.0
3371,14,-2.6342110030754635,2.3136099706469873,0.0
3372,0,0.0,0.0,0.0
3372,1,-1.8902893935372664,-0.6194960060501238,0.0
3372,2,-1.6642968358235728,-2.123662049323225,0.0
3372,3,-0.8791339765320987,-1.5339023691556624,0.0
3372,4,-0.6187397672605206,-1.4817496804823382,0.0
3372,5,0.648425668730656,-0.4008464907445056,0.0
3373,0,0.0,0.0,0.0
3373,1,-0.3714246624305958,0.5421277521398143,0.0
3373,2,0.7498084932171211,-1.4885816388460937,0.0
3374,0,0.0,0.0,0.0
3374,1,0.20939623052372136,-1.0642790451647586,0.0
3374,2,0.5836867800489336,-1.196649651594527,0.0
3374,3,0.2088207767206791,-0.2827083779872903,0.0
3374,4,1.0255882914478545,1.0822657589005995,0.0
3374,5,1.9262648080958666,-0.24210648264044865,0.0
3374,6,2.0146907780015635,-2.167571837592359,0.0
3375,0,0.0,0.0,0.0
3375,1,-0.2687698535191051,0.030629977619417326,0.0
3375,2,0.27602902249922234,2.7128619971413723,0.0
3376,0,0.0,0.0,0.0
3376,1,-0.3838205302600163,0.08020850238698829,0.0
3376,2,-2.0680385198665743,1.6165787958924704,0.0
3377,0,0.0,0.0,0.0
3377,1,0.735815923760121,-0.49461853032713243,0.0
3377,2,1.9372012474917897,-1.5232527077581488,0.0
3377,3,1.9381882651185227,-1.5075726618903047,0.0
3378,0,0.0,0.0,0.0
3378,1,2.165205456691625,0.34662371486167204,0.0
3378,2,-0.23358831238756741,-1.9453576754968132,0.0
3379,0,0.0,0.0,0.0
3379,1,1.3580488756484346,3.469176823615191,0.0
3379,2,3.1340563056374977,3.936349603167362,0.0
3379,3,1.1003673207095341,2.572151094320751,0.0
3380,0,0.0,0.0,0.0
3380,1,2.0809191630744412,0.0004462034768715206,0.0
3380,2,-0.39002578043932756,0.6207409921274887,0.0
3380,3,-1.5245891051574274,0.32016075858139637,0.0
3381,0,0.0,0.0,0.0
3381,1,-1.3816844228454679,-0.7819172621938966,0.0
3381,2,-3.9835409997188735,1.3398157958020371,0.0
3381,3,-2.3645647119772324,0.8602086250003018,0.0
3382,0,0.0,0.0,0.0
3382,1,-1.3737643007219653,-0.16383981592093888,0.0
3382,2,-1.423477152254159,0.893160469606975,0.0
3382,3,-2.0541951342060134,1.7257018997368578,0.0
3383,0,0.0,0.0,0.0
3383,1,0.20332755744395647,-0.524322013825612,0.0
3383,2,1.1648898645671095,2.3725495311271345,0.0
3383,3,-0.9311894015586955,0.7494623467097796,0.0
3383,4,-1.217716158857283,-0.7484237027014262,0.0
3383,5,-0.21756003275474023,0.18300871551236586,0.0
3384,0,0.0,0.0,0.0
3384,1,0.4513689531934349,-0.7976732310190062,0.0
3384,2,0.8071035319896738,0.5088880473818291,0.0
3384,3,0.5884805093500329,0.9991887268864568,0.0
3384,4,2.1887033839075336,0.8418431473082455,0.0
3384,5,2.462014572232877,0.4608025173784802,0.0
3385,0,0.0,0.0,0.0
3385,1,-0.29389589486403445,-0.4326229249732334,0.0
3385,2,-1.3791157691816571,2.241405917424104,0.0
3386,0,0.0,0.0,0.0
3386,1,-1.4815148304102141,0.6469252988733398,0.0
3386,2,-3.348945106377297,1.6359857317546576,0.0
3386,3,-4.000731978075061,-1.859104354957339,0.0
3386,4,-5.702570590170367,-1.102151786091797,0.0
3386,5,-3.51710399204142,-2.4021626254908335,0.0
3386,6,-1.9526293003494184,-2.162101295982373,0.0
3386,7,1.7420818328139513,-1.4892060503017355,0.0
3387,0,0.0,0.0,0.0
3387,1,0.2513265313530277,0.9985230674615626,0.0
3387,2,-0.7912573616336812,0.23267747988855947,0.0
3387,3,0.5030202978474682,-1.7219589774960413,0.0
3387,4,0.15893892647446073,-1.8955812217166432,0.0
3387,5,0.1973299137082602,-0.21433279398184368,0.0
3387,6,0.4638795136579806,1.0140149701968526,0.0
3387,7,1.7537301053420487,2.0188557020649767,0.0
3387,8,1.7652599801406987,2.9038536812189126,0.0
3387,9,-0.7023944818834956,0.5453425524298049,0.0
3387,10,-2.0114617628504026,1.1867296259751003,0.0
3387,11,-3.871433806090213,1.0386292527985395,0.0
3387,12,-2.360066851974942,1.7016696266671683,0.0
3387,13,-4.059704178912213,0.6995938914265424,0.0
3388,0,0.0,0.0,0.0
3388,1,1.1831435383557065,0.9359323051378501,0.0
3388,2,0.10055674240747475,-0.9908677539588158,0.0
3388,3,-2.2720443701621535,-1.7198682981750963,0.0
3388,4,-1.894514653173724,0.33187844024554125,0.0
3389,0,0.0,0.0,0.0
3389,1,-1.9653915115807683,-0.48806103579201476,0.0
3389,2,-0.44045667337365635,0.23161961857963786,0.0
3390,0,0.0,0.0,0.0
3390,1,-0.017542163245533607,3.831515571932141,0.0
3390,2,0.36257444391029314,0.4380017942116072,0.0
3391,0,0.0,0.0,0.0
3391,1,2.331129627969018,0.12454094545901617,0.0
3391,2,2.446554666828693,-0.16878971145037824,0.0
3391,3,4.1715700505118845,-0.7335908385853428,0.0
3391,4,2.6664005187868893,-0.6673257839505188,0.0
3392,0,0.0,0.0,0.0
3392,1,-0.9260180039260913,-0.7987534803927859,0.0
3392,2,-1.2901382919980011,-2.791297731913649,0.0
3392,3,-0.9175143078933121,-3.9181387388950286,0.0
3393,0,0.0,0.0,0.0
3393,1,1.529620675035899,0.2683230542724129,0.0
3393,2,-0.05779320120872744,0.9963900384785176,0.0
3393,3,1.9941098466177911,1.2828039072579753,0.0
3393,4,2.0057998121337683,2.5390259703437623,0.0
3393,5,2.6568301765240756,2.8551293730199356,0.0
3394,0,0.0,0.0,0.0
3394,1,0.44546450695900064,0.4223238328129999,0.0
3394,2,1.8990835433411701,0.05636898501922172,0.0
3394,3,0.8970597058051739,1.9440743100507665,0.0
3395,0,0.0,0.0,0.0
3395,1,-0.9818048027238185,1.494062086359851,0.0
3395,2,-2.145656199178034,2.441424424769272,0.0
3395,3,-0.09185885684401252,3.3532232790065803,0.0
3396,0,0.0,0.0,0.0
3396,1,-1.5964459830314803,-1.380939393582669,0.0
3396,2,1.737059386635722,1.7795693788670943,0.0
3397,0,0.0,0.0,0.0
3397,1,0.072121538115683,-0.6368981619723257,0.0
3397,2,0.8124161726951893,-0.2819959380663364,0.0
3397,3,0.09488724801097925,-1.3640163488924426,0.0
3397,4,-0.4511435244378852,-1.3730350252873493,0.0
3397,5,0.5412583584110653,-2.1498480706023813,0.0
3397,6,-0.3383339491316546,-1.7184967365740462,0.0
3397,7,-0.8765784288895713,-0.6801987656657071,0.0
3397,8,-1.3824787799788276,-2.0093174744222484,0.0
3397,9,-0.09110840865469871,-2.211362746791636,0.0
3397,10,1.3283747159468866,-1.0711626496713997,0.0
3397,11,1.0818727481804578,-3.1197314830333065,0.0
3398,0,0.0,0.0,0.0
3398,1,1.441634888946876,0.519934293413535,0.0
3398,2,1.1406850228576808,-0.03208280353546766,0.0
3398,3,0.26001631185022145,1.7164001937618751,0.0
3398,4,0.9128175627445761,0.4618928296338902,0.0
3398,5,-1.1440443176887092,-1.1746463894548342,0.0
3398,6,0.42330068289605594,-0.799490602536861,0.0
3399,0,0.0,0.0,0.0
3399,1,-2.0198418750719505,0.03155785011423051,0.0
3399,2,0.08291593791993068,-1.8588646786299998,0.0
3399,3,-1.8701996684452202,-0.4892441183368955,0.0
3400,0,0.0,0.0,0.0
3400,1,-3.5916478690831486,0.5078523785480614,0.0
3400,2,-1.6453028561969805,-1.7186410443364946,0.0
3401,0,0.0,0.0,0.0
3401,1,-1.432014298506123,-0.6336967154115358,0.0
3401,2,-0.8854661899810571,0.09488395286063867,0.0
3402,0,0.0,0.0,0.0
3402,1,-0.6117079112752672,3.0029075905688916,0.0
3402,2,-0.9134138878019433,4.457644103561057,0.0
3402,3,-2.787906486795654,4.9580708188601434,0.0
3402,4,-1.10069917067149,5.289421416334003,0.0
3402,5,0.4442958619659518,3.325678645625253,0.0
3402,6,-0.21270573470819681,2.385256888460091,0.0
3402,7,-0.30645661451406064,2.6487181517904514,0.0
3402,8,-0.5332541410078819,3.551285787795081,0.0
3403,0,0.0,0.0,0.0
3403,1,-0.9370445059100236,2.05713095508502,0.0
3403,2,-2.039091749187534,2.4420813511552484,0.0
3403,3,-0.1266421571936318,3.736097134202796,0.0
3403,4,-3.988420413719144,1.8011323686994576,0.0
3403,5,-1.357813848377881,0.4773051240980817,0.0
3403,6,-3.0197945385820564,2.812319357359925,0.0
3404,0,0.0,0.0,0.0
3404,1,-2.5546227222931677,2.2154196378834468,0.0
3404,2,-1.9155925262599427,0.9375535020030672,0.0
3404,3,-2.244538748152093,-0.12487421577822522,0.0
3404,4,-0.8441027972282036,-1.3844543289303326,0.0
3405,0,0.0,0.0,0.0
3405,1,-1.0408339866736334,0.5118573801022593,0.0
3405,2,-1.0025393422358644,-0.7342791552285981,0.0
3405,3,-2.3393951730832176,1.8308060616022865,0.0
3405,4,-2.6987080100671132,1.4820064220640488,0.0
3406,0,0.0,0.0,0.0
3406,1,0.008001784799047673,0.09282154252134756,0.0
3406,2,0.6551938729624205,0.49792969877283344,0.0
3406,3,3.0724849065973547,-0.8050937756935899,0.0
3407,0,0.0,0.0,0.0
3407,1,-0.6105087932210973,0.10559716593022395,0.0
3407,2,1.6117704873722858,-1.2426023886352096,0.0
3407,3,-2.9997991437340454,-0.9292775898627825,0.0
3408,0,0.0,0.0,0.0
3408,1,0.6569996873432039,-0.10058072673681728,0.0
3408,2,2.457531180537269,-0.7084411246634891,0.0
3408,3,1.3262221291976366,-1.6062259847075029,0.0
3409,0,0.0,0.0,0.0
3409,1,-0.2530991144571745,-0.6673135331414679,0.0
3409,2,-1.1589329817601643,-1.7942091243128075,0.0
3409,3,-0.6998774505872849,-4.190597754715553,0.0
3409,4,-1.3035641179751374,-2.865733512334745,0.0
3410,0,0.0,0.0,0.0
3410,1,1.7035449153306113,0.10663051509638721,0.0
3410,2,0.07918758037246554,2.9088995952197916,0.0
3410,3,0.2643128496218261,-0.2473681661901802,0.0
3410,4,0.796964658105652,1.5510275967209712,0.0
3410,5,1.7870064045431144,2.59021586379675,0.0
3410,6,0.015139179096880229,2.191398777819673,0.0
3411,0,0.0,0.0,0.0
3411,1,0.9574383891779392,1.0448731668427917,0.0
3411,2,0.45053865961987793,0.43189086055674064,0.0
3412,0,0.0,0.0,0.0
3412,1,-0.7647512978208839,0.6580678206927786,0.0
3412,2,0.20043272535822476,0.25172288182840585,0.0
3412,3,-1.1565797034091072,-0.28405046646372023,0.0
3412,4,-0.878722726394638,1.1308391301144807,0.0
3412,5,0.32715462073534685,1.1461880777196962,0.0
3412,6,0.5548291323941732,2.7903443593746484,0.0
3413,0,0.0,0.0,0.0
3413,1,2.2363950248153626,2.2789882128927696,0.0
3413,2,-1.6378499476503978,2.266334470918768,0.0
3413,3,-1.4553488290357535,3.1855001279584596,0.0
3413,4,-2.1527983689940964,0.6227752095618673,0.0
3413,5,-2.4864238289934053,2.361886750113217,0.0
3413,6,-2.46200389587316,1.6483886471267692,0.0
3413,7,-2.7178549943909873,0.6250206463439216,0.0
3414,0,0.0,0.0,0.0
3414,1,0.5691690333369892,3.650083365803283,0.0
3414,2,-1.4060483539122361,3.667874283642214,0.0
3414,3,-1.7280729511602893,1.98945372173386,0.0
3415,0,0.0,0.0,0.0
3415,1,-0.9147698295532669,-0.9484637973882891,0.0
3415,2,-1.1077597849470078,-1.2841041435857132,0.0
3415,3,0.6186340763292577,-1.9379582512801476,0.0
3416,0,0.0,0.0,0.0
3416,1,0.6400231357224005,0.34792312041902695,0.0
3416,2,3.0654301313330765,-1.6763662322306945,0.0
3416,3,2.0974871124851115,-0.8902478947658099,0.0
3416,4,2.122042857486268,0.8791107238812867,0.0
3417,0,0.0,0.0,0.0
3417,1,2.034109934934515,0.27446654270909254,0.0
3417,2,1.7720530423440914,-0.546191952745476,0.0
3417,3,1.8928616365993176,0.9319573346956643,0.0
3418,0,0.0,0.0,0.0
3418,1,0.12329588706765227,-1.4452981082076175,0.0
3418,2,2.638052142320725,0.9869562957554496,0.0
3419,0,0.0,0.0,0.0
3419,1,-0.17676449885908685,-1.7110764510233525,0.0
3419,2,-0.9799154337273956,0.12672912256843816,0.0
3420,0,0.0,0.0,0.0
3420,1,-1.9229397067478164,-0.08393241167355159,0.0
3420,2,-1.8814610409681543,-2.4998408589860586,0.0
3421,0,0.0,0.0,0.0
3421,1,0.8500217434377682,-0.0658940623696862,0.0
3421,2,-2.705386856434924,0.6275299233497423,0.0
3422,0,0.0,0.0,0.0
3422,1,0.826381983249839,-0.05140947736139223,0.0
3422,2,-0.5083712846762037,0.7752950574644502,0.0
3422,3,-3.422728600117406,2.5156941992743356,0.0
3422,4,-1.2584278214632305,3.0552547572163746,0.0
3422,5,-2.5278206898838276,3.048913538555734,0.0
3422,6,-2.345060501307847,3.6444663373392983,0.0
3423,0,0.0,0.0,0.0
3423,1,0.016111465351023924,-0.6439662407522906,0.0
3423,2,-0.5389940889868808,2.887198114810906,0.0
3423,3,1.2175240326239518,2.1461558749367673,0.0
3423,4,-0.7186558030117141,1.309161608912948,0.0
3423,5,0.31509240351921086,-0.5718564832356667,0.0
3424,0,0.0,0.0,0.0
3424,1,2.310124559845851,1.7822545932109644,0.0
3424,2,0.38159219671353983,0.9188948487312931,0.0
3424,3,1.288352778391036,1.5187979935887168,0.0
3425,0,0.0,0.0,0.0
3425,1,-2.5976987338318467,-0.508243294166026,0.0
3425,2,-1.8845984464675658,-0.2834608802999137,0.0
3426,0,0.0,0.0,0.0
3426,1,-0.5288482222669306,-0.4507392296488377,0.0
3426,2,0.8488886470474304,0.7024531434683312,0.0
3427,0,0.0,0.0,0.0
3427,1,1.1203665351359775,-0.38880304613372246,0.0
3427,2,0.25050382099128443,-1.2503352508108494,0.0
3427,3,0.09776484254852225,1.0604720414798916,0.0
3428,0,0.0,0.0,0.0
3428,1,-0.9007370762271786,0.3556202297164637,0.0
3428,2,1.2947324923675263,1.906921862582876,0.0
3429,0,0.0,0.0,0.0
3429,1,1.221076610578145,-0.8025046453049959,0.0
3429,2,-1.445598517695157,1.5289556188868274,0.0
3430,0,0.0,0.0,0.0
3430,1,1.730388719939142,2.1732672178718433,0.0
3430,2,1.7567322068263072,0.8952963316104473,0.0
3431,0,0.0,0.0,0.0
3431,1,1.0958052947876538,2.0617490923748085,0.0
3431,2,-0.8165123558521787,1.8827543871101715,0.0
3432,0,0.0,0.0,0.0
3432,1,0.15887075689279562,0.9415492375295018,0.0
3432,2,-1.3306749682765568,1.2143845475395678,0.0
3432,3,-2.1403976124781976,-0.03697393825548968,0.0
3433,0,0.0,0.0,0.0
3433,1,1.1756637184224121,2.3411889295148494,0.0
3433,2,-0.5893081114278618,0.8996446072481442,0.0
3433,3,-0.3721470871435532,1.1911318652556373,0.0
3433,4,-0.0074285460169831175,2.770255973612518,0.0
3433,5,0.1365103887057042,3.039970949780006,0.0
3433,6,0.33030632968889717,3.8569215873676126,0.0
3434,0,0.0,0.0,0.0
3434,1,-0.9781211066315534,-2.464667472602825,0.0
3434,2,-1.9393152022393816,-3.1292024769183673,0.0
3434,3,-0.689297715107555,-1.815672955850591,0.0
3434,4,-1.2401168549109778,-3.1520607677355885,0.0
3435,0,0.0,0.0,0.0
3435,1,1.2368303010643442,0.41492571448877774,0.0
3435,2,-1.2312065406023782,1.1095250826805376,0.0
3435,3,-1.08843527614433,-1.1580223267680259,0.0
3435,4,-1.288903596342644,0.36061750472807536,0.0
3435,5,-2.540667955319832,-2.0925215041693135,0.0
3435,6,-2.4079003422808953,-1.4073289253074006,0.0
3435,7,-3.778202078754136,-0.8346596351584914,0.0
3435,8,-4.538731919932409,0.030533338402181254,0.0
3435,9,-7.349663835879127,1.4498510771058535,0.0
3436,0,0.0,0.0,0.0
3436,1,-0.01707222383270246,-1.991613864440808,0.0
3436,2,-2.3547867582106643,-0.2499893471866531,0.0
3436,3,-2.100010009839607,1.7899995630453314,0.0
3436,4,-1.5010171655856626,0.9652898613802721,0.0
3437,0,0.0,0.0,0.0
3437,1,-0.0109499605986082,-0.886469690737282,0.0
3437,2,0.38707711740224554,-3.4629166915111007,0.0
3437,3,0.5695630206541421,0.1365593873509261,0.0
3437,4,0.801664640387082,0.9661481939008176,0.0
3437,5,0.8959971577991823,1.8992932832289227,0.0
3437,6,1.5895599612035116,3.4650676840564536,0.0
3437,7,-1.2995340257174863,3.8992373873265147,0.0
3437,8,-0.04558791930434025,3.728958629406059,0.0
3438,0,0.0,0.0,0.0
3438,1,0.2032379989959251,-3.2543123989640894,0.0
3438,2,-0.9659129572903188,-2.8922747056120035,0.0
3439,0,0.0,0.0,0.0
3439,1,0.2294592763822756,0.29126855617198544,0.0
3439,2,1.3255160524693526,1.8316566464618962,0.0
3440,0,0.0,0.0,0.0
3440,1,-1.4754131897004394,-1.1843391434049155,0.0
3440,2,-1.680360855555985,-1.1206939705147971,0.0
3440,3,-1.4988991392106776,-0.02701986134294554,0.0
3441,0,0.0,0.0,0.0
3441,1,-2.45165736545472,3.137844531284008,0.0
3441,2,-1.142340327460401,0.8135563291996232,0.0
3442,0,0.0,0.0,0.0
3442,1,0.7929109154174827,-0.2785798539067281,0.0
3442,2,-0.37059598542615335,0.13858861002472356,0.0
3443,0,0.0,0.0,0.0
3443,1,-0.13389660254860694,0.7732658096245606,0.0
3443,2,-1.539753535855825,0.5089683357864536,0.0
3444,0,0.0,0.0,0.0
3444,1,-1.823794441816692,2.4267330164243606,0.0
3444,2,-1.3248336957856175,2.2776778719590918,0.0
3444,3,-2.244006905932391,-0.36649303779642883,0.0
3444,4,-3.7273560922413007,1.1537509191619015,0.0
3444,5,-3.3168611104084755,0.23529507793974513,0.0
3445,0,0.0,0.0,0.0
3445,1,5.0322995297516435,-1.370040043385755,0.0
3445,2,2.880281303794124,-0.06967750789393386,0.0
3446,0,0.0,0.0,0.0
3446,1,0.09297538270871497,-0.024620162242005805,0.0
3446,2,0.419017672343172,0.2767914558180731,0.0
3446,3,1.0000276539940391,0.07466080480096093,0.0
3446,4,2.552133998955412,0.5588930025291505,0.0
3446,5,0.82797676687861,0.5506306530946264,0.0
3447,0,0.0,0.0,0.0
3447,1,-0.04235582641127367,-0.6675001576038297,0.0
3447,2,1.067185742258122,3.3348391821070527,0.0
3448,0,0.0,0.0,0.0
3448,1,-0.6537697092870238,-0.4984737132478222,0.0
3448,2,1.6723587477219306,2.1955770362210343,0.0
3448,3,2.5296458760746816,0.9869984266623317,0.0
3449,0,0.0,0.0,0.0
3449,1,-2.4604772825053836,0.7100984261580074,0.0
3449,2,-0.7175760037504475,2.5016212623132272,0.0
3449,3,-0.4679737238199051,1.373858331725019,0.0
3450,0,0.0,0.0,0.0
3450,1,-1.7420711726587816,-1.0414569773140645,0.0
3450,2,-0.8651745577763134,-1.1929306650428226,0.0
3450,3,-1.3296132384766508,0.6248635706989447,0.0
3450,4,-0.38497421915939156,-1.8538052545136645,0.0
3451,0,0.0,0.0,0.0
3451,1,-0.8229793660346322,3.2010034062155217,0.0
3451,2,-2.913054082761962,4.0200416465386155,0.0
3452,0,0.0,0.0,0.0
3452,1,-2.943714199072935,0.806232276936697,0.0
3452,2,-1.3814410207033552,-0.09745755309915105,0.0
3452,3,-4.075290220347421,1.5654367005113923,0.0
3453,0,0.0,0.0,0.0
3453,1,-3.0508653441154507,1.5243942248760722,0.0
3453,2,-0.7420072180897828,0.5784264285695129,0.0
3453,3,-0.5512502653978681,-0.6027869907618413,0.0
3453,4,-2.7785464478709216,0.18599834952349936,0.0
3453,5,-1.500625522612805,-0.42875475751034364,0.0
3453,6,-0.6422514705886739,-2.1310972596620266,0.0
3453,7,0.3203527093008478,-2.2531731658062597,0.0
3453,8,1.194820563443926,-0.3856878653431959,0.0
3453,9,1.3101960024955972,-4.0157720548006814,0.0
3453,10,1.5703088338693874,-3.191256934130932,0.0
3453,11,1.6279843771799272,-1.352137653090353,0.0
3453,12,2.1747395140285777,0.07403033799579917,0.0
3454,0,0.0,0.0,0.0
3454,1,-1.7949699912205876,2.4011203982902174,0.0
3454,2,-1.8147079560787782,1.7673796756180387,0.0
3454,3,-1.9592984243019032,2.5099807140165025,0.0
3454,4,-0.7505636261435795,2.002390409102687,0.0
3454,5,0.051917834593430356,1.2053026658023342,0.0
3454,6,-0.39494336726514434,2.9452419889758117,0.0
3455,0,0.0,0.0,0.0
3455,1,1.8365547630327412,-1.589461922144838,0.0
3455,2,3.9383673026992687,-3.897905160484868,0.0
3455,3,2.8587314086197884,-4.236204482070056,0.0
3455,4,3.998394888769991,-3.7943405709941196,0.0
3455,5,3.924063278774234,-1.8570438862816687,0.0
3455,6,2.5240854499074157,-2.3371941166054198,0.0
3455,7,5.171590045717497,-0.1956911980391416,0.0
3455,8,2.9985088014821555,-2.167900425408446,0.0
3455,9,2.6598054192104614,-2.400626036043779,0.0
3455,10,0.6853524081373201,-2.647345533855648,0.0
3456,0,0.0,0.0,0.0
3456,1,-1.9588909649765345,-2.4990751909383815,0.0
3456,2,-2.878554839296405,-1.9260219224757642,0.0
3456,3,-0.5904341463228056,-0.7974317975596089,0.0
3456,4,0.5348956485183369,-0.737891967060001,0.0
3456,5,-0.46341226968490146,1.0844790325163802,0.0
3457,0,0.0,0.0,0.0
3457,1,0.5354434584819898,1.6309889809149136,0.0
3457,2,-1.0126352229073101,0.2752700781898556,0.0
3458,0,0.0,0.0,0.0
3458,1,-0.813985997694338,1.0246580128466187,0.0
3458,2,0.013938433354400592,2.0190722170221442,0.0
3458,3,1.5275124179676831,0.7367670819544827,0.0
3458,4,1.7291148230709112,0.3617356963399332,0.0
3458,5,-0.12099230081197243,1.1661286298644307,0.0
3458,6,1.116141914419454,-0.8792878444620227,0.0
3458,7,2.2292593478157583,2.5212015282511917,0.0
3459,0,0.0,0.0,0.0
3459,1,0.8135573894017193,-0.95839659752869,0.0
3459,2,0.8655652057048394,2.2223248144683687,0.0
3459,3,0.041538850795729984,1.899492570037051,0.0
3460,0,0.0,0.0,0.0
3460,1,0.3556515026750571,-1.0662162489238158,0.0
3460,2,2.4939860308312545,-0.6351040577055536,0.0
3461,0,0.0,0.0,0.0
3461,1,0.3229086614319817,0.29606818591616924,0.0
3461,2,-0.981657015659635,-0.19842702074000806,0.0
3461,3,2.8860526562478452,0.04409129741656237,0.0
3461,4,1.796504420265998,-1.8576722521793003,0.0
3462,0,0.0,0.0,0.0
3462,1,1.7741330977948926,1.5664161189196428,0.0
3462,2,1.9087137207787679,2.126242444858186,0.0
3462,3,0.7776193724274221,2.5175449369544833,0.0
3462,4,3.9142223824099758,0.1813690994957492,0.0
3462,5,4.258445294385635,-0.7310934590259575,0.0
3462,6,4.450920394368447,1.054403940206933,0.0
3463,0,0.0,0.0,0.0
3463,1,1.1898742071404325,0.1917970418499555,0.0
3463,2,0.751646388265229,-1.0056739906216134,0.0
3464,0,0.0,0.0,0.0
3464,1,1.0012286727030317,0.3674292527802365,0.0
3464,2,2.153554898159576,-0.38854880713488016,0.0
3465,0,0.0,0.0,0.0
3465,1,-2.5796844652172397,1.1291005725067658,0.0
3465,2,-1.248861155170421,-0.18976663472804,0.0
3465,3,-4.0572354320878485,2.2530840961135254,0.0
3466,0,0.0,0.0,0.0
3466,1,1.8057095917552148,-1.3005796837806871,0.0
3466,2,1.267304674481046,0.10993215209397333,0.0
3466,3,1.304698646584575,0.2589515114907017,0.0
3467,0,0.0,0.0,0.0
3467,1,0.7367918662405861,-1.555827917093894,0.0
3467,2,0.39826921235004065,-1.1876442190407432,0.0
3468,0,0.0,0.0,0.0
3468,1,0.8706255494326387,0.39717550514068106,0.0
3468,2,0.45249909465447447,1.007504892620987,0.0
3468,3,1.1453532002546143,1.2564008619854399,0.0
3469,0,0.0,0.0,0.0
3469,1,0.24415994113830197,0.8910040421976444,0.0
3469,2,1.1819380636335985,1.2167048707064254,0.0
3469,3,0.6660681549650483,-1.000107624592512,0.0
3469,4,1.8127383886195543,-3.1179237061032916,0.0
3470,0,0.0,0.0,0.0
3470,1,0.18659594668418267,1.4798042003183582,0.0
3470,2,-0.6355759117017521,2.8360037966267444,0.0
3471,0,0.0,0.0,0.0
3471,1,1.2491941791229033,-2.196727005888269,0.0
3471,2,2.2104832587355014,-3.2255130635340095,0.0
3472,0,0.0,0.0,0.0
3472,1,1.3797910942312792,1.4806833300683893,0.0
3472,2,1.0167632909793833,-2.683927690772289,0.0
3473,0,0.0,0.0,0.0
3473,1,-0.7149011976576702,-0.0620339422304832,0.0
3473,2,-1.9956825576015207,1.2467452468755278,0.0
3473,3,-0.363470105730503,-1.0546938194663937,0.0
3473,4,-1.1414233260077213,-1.3843704182899144,0.0
3474,0,0.0,0.0,0.0
3474,1,-0.810395611697849,-1.4185718657463453,0.0
3474,2,0.2864635687204973,-0.7969855902542038,0.0
3474,3,-0.6410032859918235,-1.6920066551595114,0.0
3475,0,0.0,0.0,0.0
3475,1,-1.2588598339334085,0.03693922880931311,0.0
3475,2,-1.7761602354554336,0.0864100973611992,0.0
3476,0,0.0,0.0,0.0
3476,1,-0.28739764268000756,-1.8574762840777352,0.0
3476,2,-2.55852639669315,-1.9403212323278787,0.0
3476,3,-2.2417206933252194,0.3915932109115954,0.0
3476,4,-3.1323633366564407,-0.4784446129927905,0.0
3476,5,-2.7629882785807425,-1.7381932681723993,0.0
3477,0,0.0,0.0,0.0
3477,1,-1.0584015557910122,1.0234848305150908,0.0
3477,2,-2.2384479313231944,0.9498530736892338,0.0
3478,0,0.0,0.0,0.0
3478,1,-0.1623666978798436,-1.032326920398737,0.0
3478,2,-2.511944617252588,-3.2266857183326265,0.0
3478,3,-1.1012050189766225,-2.2787565389823063,0.0
3479,0,0.0,0.0,0.0
3479,1,-0.557346820389969,-0.32961484012629794,0.0
3479,2,0.65818813436471,2.410873169103951,0.0
3479,3,0.8846975871049789,1.3341096364978433,0.0
3480,0,0.0,0.0,0.0
3480,1,0.9768896367410166,1.4338779620757816,0.0
3480,2,0.6915242710233551,1.1271663063293218,0.0
3480,3,-1.410763367604246,1.6388411373771556,0.0
3481,0,0.0,0.0,0.0
3481,1,-1.31637588832427,0.4650971441381231,0.0
3481,2,-0.5873539082006012,-0.2988915045748315,0.0
3481,3,-0.9565289513034819,0.13295942462750965,0.0
3481,4,-0.6756198951481781,-1.2642613539732275,0.0
3482,0,0.0,0.0,0.0
3482,1,2.9881463593523008,-2.579813282032227,0.0
3482,2,4.332257478997403,-1.0198873275729976,0.0
3483,0,0.0,0.0,0.0
3483,1,-0.9859044073648514,1.5734302132939157,0.0
3483,2,-2.454484151872169,0.9136180613249336,0.0
3484,0,0.0,0.0,0.0
3484,1,-2.061277665387098,1.3466222386663065,0.0
3484,2,-0.20704229641215022,1.6936971768711513,0.0
3484,3,-0.3414969258073385,-0.32442902526806744,0.0
3484,4,0.25752053848554,-0.4779811890582916,0.0
3485,0,0.0,0.0,0.0
3485,1,-0.6810200506910535,1.7627728746479772,0.0
3485,2,-1.032583261034234,0.18052330219574514,0.0
3485,3,-0.6692754223178239,-0.3891830777475857,0.0
3485,4,-1.618126804365833,-0.3973262918426644,0.0
3486,0,0.0,0.0,0.0
3486,1,-2.093549551320196,2.653189808492874,0.0
3486,2,-0.4697716005357728,1.1905493079508696,0.0
3487,0,0.0,0.0,0.0
3487,1,2.596803950103052,-1.9184817833127992,0.0
3487,2,2.2650356004896652,-1.5101931059554612,0.0
3487,3,4.11500042424397,-2.0610311222436617,0.0
3487,4,3.3564927003603255,-1.5541271279209852,0.0
3487,5,1.474139407169241,-2.548674143186381,0.0
3487,6,0.7918593302851054,-3.9642251574872867,0.0
3487,7,0.6515789141483577,-2.550486191311075,0.0
3488,0,0.0,0.0,0.0
3488,1,-1.282147863035868,-1.5498734360212287,0.0
3488,2,-1.453963623612206,-2.044990379970022,0.0
3488,3,-1.8971280101319998,1.4462171192140976,0.0
3489,0,0.0,0.0,0.0
3489,1,0.796463712070135,-0.8500753994432508,0.0
3489,2,-1.4189868866272408,1.8507170186764315,0.0
3490,0,0.0,0.0,0.0
3490,1,1.0058624411441683,-0.7985603821438538,0.0
3490,2,-0.7222011846094565,0.12518398137978037,0.0
3490,3,0.21049669621925587,0.27632713266894754,0.0
3490,4,-0.6110413396900416,-0.020694508340630247,0.0
3490,5,-1.5218648438053688,0.7835788562375932,0.0
3490,6,-1.4351627573510155,-0.005322193142736742,0.0
3490,7,-0.836003957057752,-0.4519104050021563,0.0
3491,0,0.0,0.0,0.0
3491,1,-2.237178674058967,-1.2464469418277428,0.0
3491,2,-4.333690099615658,-2.1637350829678375,0.0
3492,0,0.0,0.0,0.0
3492,1,0.1946205227065403,-0.14725622310058162,0.0
3492,2,-1.678577712525017,-2.822715274916948,0.0
3493,0,0.0,0.0,0.0
3493,1,-2.357575806589981,3.20708342342657,0.0
3493,2,-1.3099791917519483,2.7265464947954783,0.0
3494,0,0.0,0.0,0.0
3494,1,2.3071217664294252,-3.1992572608227476,0.0
3494,2,2.864595790495117,-0.7816860373922985,0.0
3494,3,4.983525526441291,-2.7822681463108525,0.0
3495,0,0.0,0.0,0.0
3495,1,-1.4116574092370962,2.6341110767166267,0.0
3495,2,-2.1397076197446285,2.9011702134922506,0.0
3495,3,-1.1631181111858002,0.5648894311083742,0.0
3495,4,-3.2445447343266993,1.9971509316581302,0.0
3495,5,-3.8669466688770076,3.2393242796168042,0.0
3495,6,0.5308280482958805,3.6623242846353707,0.0
3495,7,-0.42830999484400634,1.2776040475741257,0.0
3496,0,0.0,0.0,0.0
3496,1,-0.13671482478605446,-0.5225987055635268,0.0
3496,2,-0.010559146399995556,-0.17004692737313354,0.0
3497,0,0.0,0.0,0.0
3497,1,1.993633777671073,-0.9500405051663481,0.0
3497,2,-0.8708728248302007,0.14214985237785793,0.0
3498,0,0.0,0.0,0.0
3498,1,0.546931067968434,-0.29205802876649334,0.0
3498,2,-0.8918385965638014,-1.292248528929193,0.0
3498,3,-1.7453087078397331,0.10313306567044367,0.0
3498,4,0.9143872603152623,0.015026347454805578,0.0
3498,5,3.1916064458471363,-0.3011552003209703,0.0
3498,6,2.2727114569244335,-2.5943487949804247,0.0
3498,7,1.8613430610144033,0.5820645417737775,0.0
3498,8,1.4078743592610512,2.331940318154724,0.0
3498,9,0.013603896588850306,2.4438816061160122,0.0
3499,0,0.0,0.0,0.0
3499,1,0.26926796841133444,1.2809570259850118,0.0
3499,2,3.2408349090499353,1.1782529346222441,0.0
3499,3,1.5359568862211412,2.429210540971928,0.0
3499,4,1.1196765598122718,0.9057971260312516,0.0
3500,0,0.0,0.0,0.0
3500,1,-1.5727665284998835,-0.7297477980986652,0.0
3500,2,0.643079785221949,-2.3751914815156305,0.0
3501,0,0.0,0.0,0.0
3501,1,-0.9680440624657572,-2.31769562628028,0.0
3501,2,0.7316915739976545,-3.820859438653713,0.0
3502,0,0.0,0.0,0.0
3502,1,-0.8101298748411747,0.8511085272789134,0.0
3502,2,0.32686179394654635,3.04911725253537,0.0
3503,0,0.0,0.0,0.0
3503,1,-0.573150873530769,2.1940524543597406,0.0
3503,2,-2.0315032344446498,0.664831804239125,0.0
3504,0,0.0,0.0,0.0
3504,1,-2.144203484657602,-1.4498205213897912,0.0
3504,2,0.6917887358428935,0.8011396927806027,0.0
3505,0,0.0,0.0,0.0
3505,1,2.022688489900623,-0.3505084472477975,0.0
3505,2,0.1622853499795568,-1.7384369232446373,0.0
3505,3,1.160070994485746,-0.0710192883662466,0.0
3505,4,1.2619931218366074,-1.0315390309244452,0.0
3505,5,0.9318240494902316,0.3451357484221953,0.0
3506,0,0.0,0.0,0.0
3506,1,-0.41911898379247003,-0.6881926385938304,0.0
3506,2,-0.9451641450421038,-0.9084590933391321,0.0
3506,3,1.0792172150661963,-0.8830825683418866,0.0
3507,0,0.0,0.0,0.0
3507,1,0.058181536930422495,-0.6364248476356537,0.0
3507,2,0.2017799139018377,-2.7712464233649805,0.0
3508,0,0.0,0.0,0.0
3508,1,-1.0974354891489053,0.49811422937378635,0.0
3508,2,-0.46583427994802074,-0.647318074885918,0.0
3508,3,1.884843430054004,-2.1010655954429676,0.0
3508,4,1.3972705712973439,-1.8700951085596245,0.0
3509,0,0.0,0.0,0.0
3509,1,2.509383926908611,0.11662403308058111,0.0
3509,2,2.2405348186193876,-2.378843631277605,0.0
3509,3,0.954190982984531,-3.3640559116130424,0.0
3510,0,0.0,0.0,0.0
3510,1,-0.8269253085736972,-1.7708016920131837,0.0
3510,2,-1.3690512035530669,-4.69188133667095,0.0
3510,3,-1.4516477997245951,-6.263820174620456,0.0
3510,4,-1.0506208553119312,-3.9382123011549877,0.0
3510,5,0.2711805365287641,-2.399193343773019,0.0
3511,0,0.0,0.0,0.0
3511,1,0.7897759136944593,-0.022779780673061856,0.0
3511,2,2.3380493582110438,1.7562368728425666,0.0
3511,3,2.5328053884470956,1.6005519066728642,0.0
3511,4,1.5631881904439813,2.5884032471979586,0.0
3511,5,1.7790997700050069,1.0176682041964495,0.0
3511,6,1.9555148040366306,-2.315247605643498,0.0
3511,7,1.0518521444092486,-0.43726031632739026,0.0
3511,8,2.0613598786827576,-2.7186500222486822,0.0
3512,0,0.0,0.0,0.0
3512,1,1.6245087899434345,-0.808619412886748,0.0
3512,2,1.1177677796633763,0.00029597819093943323,0.0
3512,3,1.1110164795190107,-2.18302762523286,0.0
3512,4,-1.2051232174958308,-0.01635848973002138,0.0
3513,0,0.0,0.0,0.0
3513,1,-0.056538499235292916,-1.254673749771423,0.0
3513,2,-2.3806731948092534,-1.238163786813916,0.0
3513,3,-0.9615541269031618,-1.289979042352706,0.0
3514,0,0.0,0.0,0.0
3514,1,0.9086229644714173,0.39904147958586056,0.0
3514,2,-0.007854471258741912,-1.0412390831458265,0.0
3514,3,-0.08824377563833691,-3.8278362406072404,0.0
3515,0,0.0,0.0,0.0
3515,1,-0.8903144303979871,2.9932199535303043,0.0
3515,2,-1.1324340830078063,2.61869124731542,0.0
3515,3,-0.7512709798020983,2.204675864306836,0.0
3516,0,0.0,0.0,0.0
3516,1,0.7480668071116598,-1.1093025423127447,0.0
3516,2,2.055280040597445,1.826487290259918,0.0
3516,3,0.893087063253331,-0.3380265082670527,0.0
3517,0,0.0,0.0,0.0
3517,1,0.22188177401355075,2.706026756052505,0.0
3517,2,-0.5556223446710167,2.917916004485452,0.0
3518,0,0.0,0.0,0.0
3518,1,-0.5126971239079516,-2.942441366540238,0.0
3518,2,-0.6226465154353567,-3.3625848281421176,0.0
3518,3,1.2490816419828248,-2.4880445115146292,0.0
3518,4,2.4522349965527757,-2.3268843788738973,0.0
3519,0,0.0,0.0,0.0
3519,1,1.160395491362137,-0.12943105531576582,0.0
3519,2,-0.016514510577751107,-0.09934452118314363,0.0
3519,3,1.9898075346119626,0.3585157567062631,0.0
3519,4,1.6354603970583255,2.674069381125252,0.0
3520,0,0.0,0.0,0.0
3520,1,2.785168754471146,0.7295849731364239,0.0
3520,2,2.7330706598108705,-1.266325575704272,0.0
3521,0,0.0,0.0,0.0
3521,1,0.8571901704310164,-0.5916251077685193,0.0
3521,2,2.393315897407263,-0.90001930245891,0.0
3522,0,0.0,0.0,0.0
3522,1,-1.7472184269410695,-0.05613429268457448,0.0
3522,2,-1.6755290877151727,-1.8653791557878276,0.0
3523,0,0.0,0.0,0.0
3523,1,-1.3212068688290826,1.0006212457911448,0.0
3523,2,-2.5161704141825503,-2.7595985739858824,0.0
3524,0,0.0,0.0,0.0
3524,1,1.4217051198853095,-0.7672166276884539,0.0
3524,2,1.4357111090617882,-0.7152297290246612,0.0
3524,3,3.0161407910012654,0.5520788263024556,0.0
3525,0,0.0,0.0,0.0
3525,1,0.5182929839686623,1.1419342955266842,0.0
3525,2,0.36038037270418566,2.3194914610254314,0.0
3526,0,0.0,0.0,0.0
3526,1,-2.6958078693926253,-1.0808284935147854,0.0
3526,2,-1.886760086480625,-0.8608793101556356,0.0
3527,0,0.0,0.0,0.0
3527,1,1.32957967143226,0.1489712772192991,0.0
3527,2,2.4133369836000194,-1.618966599794624,0.0
3528,0,0.0,0.0,0.0
3528,1,-1.468508799954679,-1.2728216679635287,0.0
3528,2,-1.2025632673259077,-3.0564316873873603,0.0
3528,3,0.4301210570804206,-4.5691457906041055,0.0
3529,0,0.0,0.0,0.0
3529,1,-1.335887899274201,-2.07981362484053,0.0
3529,2,0.02360221076221003,0.8462105043541682,0.0
3529,3,-0.16885376379422423,-1.0554306408581473,0.0
3529,4,-1.3731593035323053,-0.04554943486145813,0.0
3529,5,-0.619734738586114,2.3892770984764424,0.0
3530,0,0.0,0.0,0.0
3530,1,-2.0506076685804766,-0.1785616732640396,0.0
3530,2,-2.1785215330057444,0.7850598963540382,0.0
3530,3,-1.99870298046953,0.222565229770596,0.0
3530,4,-2.8179167615012037,-1.4633169338048921,0.0
3531,0,0.0,0.0,0.0
3531,1,-2.3310447189555608,-0.7711614725787084,0.0
3531,2,-1.4594051263843952,-1.9851336401972335,0.0
3532,0,0.0,0.0,0.0
3532,1,-0.9375519892105362,-2.9372954354415732,0.0
3532,2,-0.7626533087807892,-1.2428377589223552,0.0
3533,0,0.0,0.0,0.0
3533,1,0.17501352096165346,-0.002719736096734482,0.0
3533,2,0.010035477985163577,1.3774978049069668,0.0
3534,0,0.0,0.0,0.0
3534,1,0.1536891580760147,-1.6743581802694816,0.0
3534,2,-1.5152082120531711,-0.1744222109386151,0.0
3535,0,0.0,0.0,0.0
3535,1,0.5119149823301496,1.7330881642937839,0.0
3535,2,0.5791462658472286,1.3433526773018598,0.0
3536,0,0.0,0.0,0.0
3536,1,-0.49790879221415524,-1.0393334620564445,0.0
3536,2,0.12497833728729851,-2.4450977439560813,0.0
3537,0,0.0,0.0,0.0
3537,1,3.1926987608282342,0.8591710738941899,0.0
3537,2,2.119719707629651,1.6552830260635405,0.0
3537,3,4.8838105856878355,1.8815303817810307,0.0
3537,4,3.379782651179596,-1.0170833241814303,0.0
3537,5,2.587421417373213,-0.7376399361777002,0.0
3537,6,4.184138285562904,-0.13326331738411645,0.0
3537,7,3.4353937080223247,0.06469220116806929,0.0
3537,8,3.4970230762476446,1.349997397347835,0.0
3538,0,0.0,0.0,0.0
3538,1,-1.5249503593783036,-0.827377349132637,0.0
3538,2,8.802859049916734e-05,-0.47896004744993803,0.0
3538,3,1.279819618449111,0.7657627140266481,0.0
3538,4,0.9349565516389489,0.9039822975199888,0.0
3539,0,0.0,0.0,0.0
3539,1,-0.6864626067335713,-0.8814925463566803,0.0
3539,2,1.659415169202582,1.3844673056926942,0.0
3540,0,0.0,0.0,0.0
3540,1,0.22629991809060923,0.9278115331432815,0.0
3540,2,1.761422294730298,0.6233210055819143,0.0
3540,3,2.0142320541490566,0.9810590399252546,0.0
3540,4,1.1508322815972483,0.567553709720684,0.0
3540,5,1.9944101150898104,-0.5352913022376453,0.0
3541,0,0.0,0.0,0.0
3541,1,-1.3572564043336601,0.12792768234849103,0.0
3541,2,1.475738949845678,0.47565405321371534,0.0
3541,3,3.7607697384781704,0.01520283171798395,0.0
3541,4,2.1073366129067073,-1.720627044127285,0.0
3541,5,0.8639514295603589,1.21906249537081,0.0
3542,0,0.0,0.0,0.0
3542,1,-2.0530751982008324,0.2712134620655926,0.0
3542,2,-2.200138266379734,-3.8907403464863792,0.0
3543,0,0.0,0.0,0.0
3543,1,1.1430611300800648,1.7110294056954938,0.0
3543,2,1.2177279253884559,0.43596667297647823,0.0
3543,3,2.3032627056438355,1.1882181145457542,0.0
3543,4,4.119568804419976,1.7310364343272948,0.0
3544,0,0.0,0.0,0.0
3544,1,-1.4630611579476778,-0.9799859263020015,0.0
3544,2,-1.225145042080338,1.4930874110265302,0.0
3545,0,0.0,0.0,0.0
3545,1,0.40310938820008624,0.5469784272792635,0.0
3545,2,0.03642471155453164,0.48732378549831196,0.0
3545,3,0.8638743081903733,-0.14141626735764778,0.0
3545,4,1.7408617506154975,-0.20170027875351682,0.0
3546,0,0.0,0.0,0.0
3546,1,2.6438951331849516,0.9976255135297483,0.0
3546,2,1.6794600986395845,-2.1379263789381144,0.0
3547,0,0.0,0.0,0.0
3547,1,1.7554957458209202,-0.05779769381863398,0.0
3547,2,1.2434375642750581,-0.43979721717019005,0.0
3547,3,0.24902510821348228,0.5569779503444588,0.0
3547,4,1.1777513876447128,0.07308504773804697,0.0
3548,0,0.0,0.0,0.0
3548,1,-0.5180012530372617,1.2686682043474617,0.0
3548,2,1.0022216210223427,-0.5437430862706658,0.0
3549,0,0.0,0.0,0.0
3549,1,-1.4507769772694732,1.2921159200148167,0.0
3549,2,-1.5756973149561495,2.03326950509767,0.0
3550,0,0.0,0.0,0.0
3550,1,2.636409145415095,0.9194359366021689,0.0
3550,2,4.4952596328917895,3.4524740753654664,0.0
3550,3,2.89950004353153,3.529162661105217,0.0
3551,0,0.0,0.0,0.0
3551,1,0.01372019568558347,0.5140963708207662,0.0
3551,2,-3.4574513553368185,-0.8077116170060612,0.0
3551,3,-4.342268167834154,2.026190281762715,0.0
3551,4,-5.1731555918139716,0.2989473270542278,0.0
3551,5,-2.994335195590609,-0.6910934064051935,0.0
3551,6,-6.575238992532018,-1.5165100502474913,0.0
3551,7,-4.805788120973478,-0.3156270392702083,0.0
3551,8,-5.246839738115524,-0.5972947086333602,0.0
3551,9,-4.7839963655567885,-2.28121664521021,0.0
3551,10,-5.100454752021093,-0.08600548389937623,0.0
3552,0,0.0,0.0,0.0
3552,1,0.4715883051541172,1.2011193627424648,0.0
3552,2,1.5268864038409709,3.3054967811474647,0.0
3552,3,1.342483456560273,0.6531694130867234,0.0
3552,4,1.8964653219261165,-0.5385118298749019,0.0
3552,5,2.0494186374676064,0.5394934457803997,0.0
3553,0,0.0,0.0,0.0
3553,1,0.7422656233688367,-0.01434562658418237,0.0
3553,2,1.3331281688701178,2.238958638598127,0.0
3553,3,2.002528641304508,1.1396727110210318,0.0
3553,4,-1.3627975302818864,2.358332224921239,0.0
3553,5,-0.20909461874321172,2.82423026646939,0.0
3553,6,0.5352680777474239,3.925823568901722,0.0
3553,7,0.2309250561180506,3.931057972680979,0.0
3554,0,0.0,0.0,0.0
3554,1,-1.6609277122545283,3.0111419739101373,0.0
3554,2,-1.570061931663922,1.848822980709585,0.0
3555,0,0.0,0.0,0.0
3555,1,-2.1256164904281083,1.0620942837483769,0.0
3555,2,1.9330287991821578,-0.028905551442113597,0.0
3555,3,3.600764928292963,-0.684353759428533,0.0
3556,0,0.0,0.0,0.0
3556,1,0.9230680608054574,-0.522291762939801,0.0
3556,2,-0.29922283030360575,2.2641852278118475,0.0
3556,3,-0.8606183971173538,2.0965321916464332,0.0
3557,0,0.0,0.0,0.0
3557,1,0.0859891272009004,0.0361583838600561,0.0
3557,2,0.28295504608040095,1.548049991827517,0.0
3557,3,2.368682597157986,0.48297123599440894,0.0
3557,4,2.298815011670523,0.006145537915984267,0.0
3557,5,2.996530429598357,-0.6667861185619257,0.0
3558,0,0.0,0.0,0.0
3558,1,-1.2764743744806075,-1.3719162915839775,0.0
3558,2,-2.1378820541414134,-1.0997874493339292,0.0
3558,3,-3.4209558964782305,-1.5372005512659488,0.0
3558,4,-2.821084957582963,-0.9802597993325671,0.0
3558,5,-4.375877587143861,-1.2111309618487733,0.0
3558,6,-1.5528300622707911,-4.377725392454906,0.0
3559,0,0.0,0.0,0.0
3559,1,-0.8198752817015207,1.0989937913412455,0.0
3559,2,-1.200358958478996,-0.8102818454392096,0.0
3559,3,-2.0845047699825283,-1.971811593393856,0.0
3560,0,0.0,0.0,0.0
3560,1,-0.4122667902588747,2.6516662076005146,0.0
3560,2,-1.2337667711847922,2.3957712480312714,0.0
3560,3,-0.10206830177112972,1.604986902737616,0.0
3561,0,0.0,0.0,0.0
3561,1,2.5622510330708534,3.328619974047318,0.0
3561,2,2.630680012805799,0.7575701314288585,0.0
3561,3,1.7345832686693345,-0.6194962593893547,0.0
3562,0,0.0,0.0,0.0
3562,1,-0.7514165146571544,0.5943549166952358,0.0
3562,2,-3.5528255225490977,-0.6255870674108592,0.0
3562,3,-0.5050485034138543,-0.9698824506723394,0.0
3563,0,0.0,0.0,0.0
3563,1,0.0456054062764224,1.6487977790124335,0.0
3563,2,-0.1211575768551707,-0.41966420168134677,0.0
3563,3,0.20268991500111766,0.06931064328247372,0.0
3563,4,-1.0517866653983794,1.0235689570582829,0.0
3563,5,-2.767973543765558,1.2014756455089168,0.0
3563,6,-1.7425375088933956,2.6739720560513955,0.0
3564,0,0.0,0.0,0.0
3564,1,1.8228616289551338,-0.19399180756826784,0.0
3564,2,0.8997180291523894,-1.682368915952041,0.0
3565,0,0.0,0.0,0.0
3565,1,0.04341476660084831,-0.4308673417718304,0.0
3565,2,0.18503914527745602,-2.1934043869518574,0.0
3566,0,0.0,0.0,0.0
3566,1,2.2923434954635287,1.1554184037550632,0.0
3566,2,1.7980583842911388,-2.1179691512408194,0.0
3566,3,1.0329673714319896,-2.016866127663759,0.0
3566,4,0.3088867751113842,-2.0893926735673523,0.0
3567,0,0.0,0.0,0.0
3567,1,-2.241047642587224,-0.9862185106406451,0.0
3567,2,0.3033968405684454,2.0752821661534755,0.0
3568,0,0.0,0.0,0.0
3568,1,0.5757273210525617,-0.8425439038526191,0.0
3568,2,1.1248132991877287,-0.5988481545440111,0.0
3568,3,0.07041212144980359,-2.7375746791945326,0.0
3569,0,0.0,0.0,0.0
3569,1,-0.45417145785347895,-1.1197861197406704,0.0
3569,2,-0.7930654108701115,-0.905997433506587,0.0
3569,3,1.4065700742758913,-2.5009475719265692,0.0
3569,4,1.0709017836463768,-0.10852790246909394,0.0
3570,0,0.0,0.0,0.0
3570,1,0.9048648947997823,0.9206731296774343,0.0
3570,2,0.3875904551739022,1.1900332500387765,0.0
3570,3,0.8088789725845197,1.6312998486336308,0.0
3570,4,0.9486857131479574,2.825660324438785,0.0
3571,0,0.0,0.0,0.0
3571,1,2.6426806431237693,-1.8769886345563875,0.0
3571,2,2.5252933106340407,-1.3241900816170589,0.0
3571,3,2.6795954928018224,-0.7886578463853415,0.0
3572,0,0.0,0.0,0.0
3572,1,-2.2633571895795774,1.60588840946758,0.0
3572,2,-0.177973607862993,2.110213534459685,0.0
3572,3,-0.6499907622086143,0.09388126076571462,0.0
3573,0,0.0,0.0,0.0
3573,1,1.799514184897874,-1.045550533077686,0.0
3573,2,2.9865260637628324,-1.4072438269123984,0.0
3573,3,3.765297744828049,-1.8120696244751553,0.0
3573,4,1.3620144680717476,-0.4204923696670658,0.0
3573,5,2.5661517138974403,-2.0693537060492457,0.0
3574,0,0.0,0.0,0.0
3574,1,2.1895176307909106,-0.4029910189925165,0.0
3574,2,-1.2418233934019733,0.6592009124569036,0.0
3574,3,-0.24646353658414005,1.0384498796293662,0.0
3574,4,-1.0401992399724111,2.023772169296043,0.0
3574,5,1.1799102814446227,-0.5746596004675657,0.0
3575,0,0.0,0.0,0.0
3575,1,-0.12319525820907073,2.0578944346090364,0.0
3575,2,-0.43372778609906004,1.7097306186950045,0.0
3576,0,0.0,0.0,0.0
3576,1,-0.4783547941402264,0.7399551337962781,0.0
3576,2,1.673497408536659,0.06708692480577383,0.0
3576,3,2.8733457764937813,-0.4450726249919269,0.0
3576,4,0.7940738936513916,-0.9075801314028882,0.0
3576,5,0.2653761968378089,1.2223133953388134,0.0
3577,0,0.0,0.0,0.0
3577,1,-2.0707674638304283,-1.5551384536938668,0.0
3577,2,-2.421904480708493,-0.667102545328514,0.0
3577,3,-0.01906505408009118,-1.9872625216389932,0.0
3577,4,-0.8933612712204895,-0.6511478830202135,0.0
3577,5,-1.876158077968755,0.8790710758434173,0.0
3578,0,0.0,0.0,0.0
3578,1,1.8699316712388274,0.9234071984046655,0.0
3578,2,1.9155514054429512,2.205857893329429,0.0
3578,3,2.6990298468434206,-0.22534721178535633,0.0
3578,4,3.417334328495001,-1.797411493932061,0.0
3578,5,1.917543832544566,-1.277339932459969,0.0
3578,6,1.0240947120791613,-0.45483240016540116,0.0
3579,0,0.0,0.0,0.0
3579,1,1.627371707455366,0.8890217243560645,0.0
3579,2,-0.7560787517095138,2.8759634447384532,0.0
3579,3,-0.7585382723441212,-0.7438457379928676,0.0
3579,4,0.1899124356516544,0.42752941611609163,0.0
3580,0,0.0,0.0,0.0
3580,1,0.30870485706119366,-1.124264981571944,0.0
3580,2,2.097290121284226,-1.9596871582072304,0.0
3580,3,4.265978329018475,-4.697551475170638,0.0
3580,4,0.78966124008647,-2.3601703272458323,0.0
3580,5,1.8089969075100512,-3.286404657399932,0.0
3580,6,-0.6222047440113023,-2.1199338765117552,0.0
3580,7,0.9868019949508129,-3.300308044031795,0.0
3580,8,0.7745762391717483,-3.6320832059776604,0.0
3580,9,1.2613213916208537,-5.5748224920217035,0.0
3581,0,0.0,0.0,0.0
3581,1,-0.5737978299101969,0.012499995884067472,0.0
3581,2,-0.9813219831699106,-0.4206079830117295,0.0
3581,3,0.9604574898455784,0.16449362760377495,0.0
3581,4,1.7159785379541306,-2.5082368860672286,0.0
3581,5,2.0342563754132446,0.6285437403268481,0.0
3581,6,1.4680825849960935,0.6192055173829718,0.0
3581,7,2.8084724924349977,-1.7051708866658155,0.0
3581,8,3.137811656439869,-0.4167195401403545,0.0
3582,0,0.0,0.0,0.0
3582,1,-0.3611220158742384,0.7572166141616458,0.0
3582,2,0.2222221621610957,0.6964962097409029,0.0
3582,3,0.6706597032668401,2.582660548608632,0.0
3583,0,0.0,0.0,0.0
3583,1,0.828638748396052,-2.390601349557246,0.0
3583,2,1.9764094709220834,-2.7681697136298773,0.0
3583,3,2.5629962291848134,-0.2282663004511567,0.0
3583,4,1.828061679804009,-1.0692239680901292,0.0
3583,5,1.5854486241748798,-1.1972659123427696,0.0
3583,6,1.128364915351896,-0.7124024185788023,0.0
3584,0,0.0,0.0,0.0
3584,1,-5.122817483109592,-0.49314775718035087,0.0
3584,2,-4.521214483417795,0.072305787393659,0.0
3585,0,0.0,0.0,0.0
3585,1,1.1659809034789075,-1.3017181597029948,0.0
3585,2,-0.761391658774496,-1.7894060191607866,0.0
3585,3,1.5263783690402835,-3.9964912136398913,0.0
3586,0,0.0,0.0,0.0
3586,1,0.10385653539205275,1.5195767571114551,0.0
3586,2,0.1708201093236622,1.67194820939602,0.0
3586,3,-1.4052027906932618,0.4193007610554539,0.0
3587,0,0.0,0.0,0.0
3587,1,-0.024327613826825578,1.7058216618511624,0.0
3587,2,1.762584358523028,1.7280191256940753,0.0
3587,3,1.5885643930379998,1.0651512918817139,0.0
3587,4,0.6301362848138184,3.359751183141476,0.0
3588,0,0.0,0.0,0.0
3588,1,-1.0749821665075114,1.0260615154685784,0.0
3588,2,0.9281549827494651,-0.9000880609459432,0.0
3589,0,0.0,0.0,0.0
3589,1,-0.37054416665310874,-1.550556649469551,0.0
3589,2,0.37078643738739514,-1.2045997997474596,0.0
3589,3,-0.3453320360222578,-1.8687565680239568,0.0
3590,0,0.0,0.0,0.0
3590,1,-0.7638572277505971,-0.13404507202119176,0.0
3590,2,-2.021615615337618,-0.7225585005387384,0.0
3590,3,-1.728027457159074,-1.4508063215383875,0.0
3590,4,-4.128054643141289,-0.5673972617329927,0.0
3590,5,-2.765487180212266,-0.4016999141814811,0.0
3591,0,0.0,0.0,0.0
3591,1,0.07988258921216751,3.14125456702283,0.0
3591,2,0.6039500324577176,3.3655688322094504,0.0
3592,0,0.0,0.0,0.0
3592,1,-2.0387409787245985,0.9317924645111886,0.0
3592,2,-0.9858639790097464,1.8538757869694915,0.0
3593,0,0.0,0.0,0.0
3593,1,1.189044166326025,-0.5084570280877362,0.0
3593,2,3.221116277445387,-0.01670907659591564,0.0
3593,3,2.3308334214502215,1.1600678255027939,0.0
3594,0,0.0,0.0,0.0
3594,1,-0.4870907413910466,1.164137904138753,0.0
3594,2,-1.196636237268993,-1.7211290126546812,0.0
3595,0,0.0,0.0,0.0
3595,1,2.879344582733786,-1.3752829130972954,0.0
3595,2,1.7981189071340558,1.4670837073713532,0.0
3595,3,4.482837252681132,2.08427653641057,0.0
3596,0,0.0,0.0,0.0
3596,1,1.105070968598909e-05,1.3424716515377182,0.0
3596,2,-0.14768073942397342,-1.1911585488541854,0.0
3596,3,0.09827303611362725,-0.8804503976619338,0.0
3597,0,0.0,0.0,0.0
3597,1,-0.92376429627435,-0.0037000984568595907,0.0
3597,2,2.177879446616668,0.02915112664163877,0.0
3597,3,1.4638715087851126,-2.8960167751382198,0.0
3598,0,0.0,0.0,0.0
3598,1,-2.797544579590002,-2.24024619442443,0.0
3598,2,-1.6455590612139332,-1.427210857550541,0.0
3598,3,-1.3954494380539855,-3.481509868772574,0.0
3598,4,-0.5527340315875373,-3.399109365737332,0.0
3598,5,-0.7675112112784072,-4.118179710844369,0.0
3598,6,-1.402421889075458,-2.576027148538114,0.0
3598,7,-2.5844208167767997,-1.340204044176026,0.0
3598,8,-1.9472521089335117,-1.5536237252433907,0.0
3599,0,0.0,0.0,0.0
3599,1,-1.3024792545858872,-1.319181330046435,0.0
3599,2,-1.2541485897628284,-1.409902600365176,0.0
3599,3,-3.716297304464097,-0.06717475616953439,0.0
3600,0,0.0,0.0,0.0
3600,1,-1.8864192846311911,1.970021143343572,0.0
3600,2,-3.781607174839345,-0.2563968821329079,0.0
3600,3,-4.751996914818772,-0.3373002666088316,0.0
3601,0,0.0,0.0,0.0
3601,1,-0.4858053632732477,0.9965551921515257,0.0
3601,2,-0.6519240335864164,0.42849300060861895,0.0
3602,0,0.0,0.0,0.0
3602,1,0.31086701045062926,-0.658096454088142,0.0
3602,2,1.9147508758767735,0.2963199943739954,0.0
3602,3,3.034110049211862,0.5535977525389966,0.0
3602,4,3.666630729869277,1.7807760545826004,0.0
3603,0,0.0,0.0,0.0
3603,1,0.4089900768382796,-0.07026586658256961,0.0
3603,2,1.278209152043067,-0.7615334326557864,0.0
3604,0,0.0,0.0,0.0
3604,1,-0.26037950389744946,-1.8262296715831532,0.0
3604,2,-0.09855940969866661,-3.3398235655576105,0.0
3604,3,-0.025300918908786718,-1.1407906027215595,0.0
3604,4,-0.7448993250920153,-2.266066409514372,0.0
3604,5,1.8173967814261682,-2.9674008797639657,0.0
3604,6,2.2138684866285168,-1.6447284744399058,0.0
3604,7,0.6607095426866734,-3.8930852892376206,0.0
3604,8,0.23419475962636227,-1.2174772306885009,0.0
3605,0,0.0,0.0,0.0
3605,1,-0.24397582863299194,0.5522110944425737,0.0
3605,2,0.9775465374318179,0.18269401462871693,0.0
3606,0,0.0,0.0,0.0
3606,1,1.7965884724771686,1.718778348875588,0.0
3606,2,2.0418984248998937,2.689780370294756,0.0
3606,3,2.4527955031159996,3.830415984763365,0.0
3607,0,0.0,0.0,0.0
3607,1,-0.9429231154217247,-0.7425160625051531,0.0
3607,2,-0.3296100316770474,-1.7550939025209988,0.0
3608,0,0.0,0.0,0.0
3608,1,-1.70384635405889,-0.9373117090240463,0.0
3608,2,-1.9788148963173156,-3.363626361699779,0.0
3608,3,-2.7231186735668587,-1.263356256268536,0.0
3609,0,0.0,0.0,0.0
3609,1,-1.8579784427074972,0.030019768565147098,0.0
3609,2,-2.709339684195644,0.6258420281366961,0.0
3610,0,0.0,0.0,0.0
3610,1,-1.743141280711666,-1.3717916067854734,0.0
3610,2,-2.0119989189656926,-0.14106462438098333,0.0
3610,3,1.3001914861686186,-1.9442476985332702,0.0
3610,4,-1.4046018437080399,0.13359718151829536,0.0
3611,0,0.0,0.0,0.0
3611,1,0.15856914071564457,-0.8936513250575985,0.0
3611,2,0.7724909993413198,-0.5527597184834785,0.0
3612,0,0.0,0.0,0.0
3612,1,-1.0765791628284507,1.3248523286500755,0.0
3612,2,-1.1922672452437788,2.4187744168176244,0.0
3613,0,0.0,0.0,0.0
3613,1,2.456498109700846,-0.6237905270338612,0.0
3613,2,-0.056741036237007436,1.1146502658211315,0.0
3613,3,1.6871804864329425,-0.7705034547047819,0.0
3614,0,0.0,0.0,0.0
3614,1,0.8930650414410597,1.4414392764420307,0.0
3614,2,1.9098008406373905,-2.137819757979253,0.0
3614,3,0.8195161134459015,-3.107703993267997,0.0
3615,0,0.0,0.0,0.0
3615,1,2.886543529840199,0.37090356504101796,0.0
3615,2,4.410658139091339,-0.8139425424372491,0.0
3615,3,5.057409654550478,-0.41007982272740034,0.0
3615,4,4.078834859551868,-2.129463297417644,0.0
3616,0,0.0,0.0,0.0
3616,1,1.6151342236524975,-1.8000715134490224,0.0
3616,2,2.2565623815156926,-1.0569654658125158,0.0
3616,3,0.7806721652990212,-1.6784527400176068,0.0
3616,4,1.6975343996449082,1.5217315818134112,0.0
3617,0,0.0,0.0,0.0
3617,1,1.0970288900250023,-1.2414998951054792,0.0
3617,2,2.797460575810796,-0.97989767697171,0.0
3617,3,1.507714455462796,0.9976434119790052,0.0
3618,0,0.0,0.0,0.0
3618,1,-0.3963153351134543,0.5561697480606708,0.0
3618,2,0.42835033612251583,0.6492746972643287,0.0
3618,3,-0.7071475871762949,-0.3020955811937848,0.0
3619,0,0.0,0.0,0.0
3619,1,-2.615375452945709,1.5747093617295431,0.0
3619,2,0.8477752782757654,1.6554414454515096,0.0
3619,3,1.1268160584317477,0.6368835966222122,0.0
3620,0,0.0,0.0,0.0
3620,1,-0.6466464108227838,-1.048408085241156,0.0
3620,2,-3.1163692053004763,-1.0221805007442164,0.0
3621,0,0.0,0.0,0.0
3621,1,-0.445986966306858,3.278518108467044,0.0
3621,2,-0.053296041182074316,1.5154224446370994,0.0
3622,0,0.0,0.0,0.0
3622,1,1.619070114668328,-0.09738957467615128,0.0
3622,2,0.13026091604684953,0.15594621941209164,0.0
3622,3,-1.8892373166244791,-0.029969708997227507,0.0
3622,4,0.5003255402258011,0.9252334391242213,0.0
3622,5,1.0704167542798029,-0.3241444274049897,0.0
3622,6,3.337425243732682,-1.0730829706507523,0.0
3622,7,2.186552945874541,0.667905042186679,0.0
3622,8,2.129080532768468,0.346538765136269,0.0
3622,9,3.641490191032049,1.6452823520578956,0.0
3623,0,0.0,0.0,0.0
3623,1,-1.504114582276447,0.5029541702700441,0.0
3623,2,-0.890626184712287,2.6197549041013346,0.0
3624,0,0.0,0.0,0.0
3624,1,-3.577164900744457,-3.3135393337801298,0.0
3624,2,-0.48210706169180184,-1.9377586025702382,0.0
3625,0,0.0,0.0,0.0
3625,1,1.5125227292810768,0.2951822799553772,0.0
3625,2,1.314392072891308,-0.10305064251162405,0.0
3625,3,1.002527193450571,-1.185759508273637,0.0
3625,4,-0.6930302752008373,-1.4911318344849507,0.0
3625,5,-0.5297873702954454,-0.44973941927831745,0.0
3626,0,0.0,0.0,0.0
3626,1,0.21018706079903438,0.26727680150152344,0.0
3626,2,0.8628062519770847,-0.8112296471111449,0.0
3626,3,-0.6173421365168998,0.45770091609889296,0.0
3626,4,-2.71884047949144,-0.4994353022721003,0.0
3627,0,0.0,0.0,0.0
3627,1,1.202449201045391,0.26715198246408633,0.0
3627,2,0.3190726774987198,1.1743784435294173,0.0
3627,3,-1.119817057888488,0.8095701202014827,0.0
3627,4,-0.23452439725063823,0.2473579963322039,0.0
3628,0,0.0,0.0,0.0
3628,1,0.6659868994839051,1.05233648031294,0.0
3628,2,-0.04594905400205322,0.9122882865752745,0.0
3629,0,0.0,0.0,0.0
3629,1,-1.8278405049662094,-1.6990318604886716,0.0
3629,2,-0.4429535649087235,-3.929153525764157,0.0
3630,0,0.0,0.0,0.0
3630,1,-0.22370740380386644,0.7573496604413894,0.0
3630,2,-0.22679159763027923,3.3495479007681697,0.0
3631,0,0.0,0.0,0.0
3631,1,0.3091983724946402,-1.4212010897643954,0.0
3631,2,-1.602185613769198,-1.95587204784316,0.0
3631,3,-5.772418416094149,-0.11119798377894341,0.0
3631,4,-4.0934692877965455,1.0732778514944155,0.0
3631,5,-5.397305584370856,0.21133505469250902,0.0
3631,6,-2.658386527212979,-0.3569822375545906,0.0
3631,7,-1.7252300870845492,-0.22422146739529158,0.0
3631,8,-1.2217624842917507,-0.06388585860267315,0.0
3631,9,1.6088749344496227,0.3745837181797729,0.0
3631,10,-1.6560913980674719,-1.4979000078394664,0.0
3631,11,-0.6454284065787367,-0.9888867572233684,0.0
3632,0,0.0,0.0,0.0
3632,1,-0.22277142845063036,1.6627039702662354,0.0
3632,2,-0.26470427259734497,-0.32259275100816764,0.0
3632,3,-2.8055666012638367,-3.1073144254699407,0.0
3632,4,-4.25724608503765,-0.6127200652629885,0.0
3632,5,-4.182104592728804,-2.092644422462815,0.0
3633,0,0.0,0.0,0.0
3633,1,0.27597851012097974,-0.1944225517968161,0.0
3633,2,1.2993996701276207,2.0170320898127923,0.0
3633,3,0.783570962806657,0.038236937739069,0.0
3633,4,2.333526134672863,0.9067806744184272,0.0
3633,5,3.2860528985714494,-1.0025287464932975,0.0
3633,6,3.1783373651933795,-1.1498339989485558,0.0
3633,7,1.924131529679953,-2.0059862369643566,0.0
3634,0,0.0,0.0,0.0
3634,1,-0.17801371451622894,2.0689994797626,0.0
3634,2,2.1235713648565366,2.385802911870375,0.0
3634,3,1.9940722023660797,3.9755158089896914,0.0
3634,4,2.6248973008231657,4.1508955909545415,0.0
3634,5,3.7428134853687864,2.3929107819969064,0.0
3634,6,3.1869810870718687,1.8464204725043916,0.0
3634,7,0.6452779727808434,2.97986339929667,0.0
3634,8,1.0323342036174608,0.5084234847682094,0.0
3635,0,0.0,0.0,0.0
3635,1,0.37324229517227114,-0.21664519634242274,0.0
3635,2,-2.7555531701538563,0.07508340381366851,0.0
3635,3,-1.6105322686402728,-0.7303180749847056,0.0
3636,0,0.0,0.0,0.0
3636,1,4.165277326883709,-1.879917305890822,0.0
3636,2,4.411160663413597,-1.500310798624626,0.0
3636,3,3.3384086181961097,-1.2405452518201774,0.0
3636,4,3.2744057124433734,-2.617022462834039,0.0
3636,5,3.335814106214889,-1.6281094782678294,0.0
3636,6,2.6028959260710907,-1.9668450866230234,0.0
3637,0,0.0,0.0,0.0
3637,1,-0.46763680950564424,0.8859032140175376,0.0
3637,2,-0.6760993108634303,0.2903907847816334,0.0
3638,0,0.0,0.0,0.0
3638,1,-2.2753212190919925,0.1415641678384949,0.0
3638,2,-1.307346944047355,-0.4416668315272395,0.0
3638,3,-1.0169976601241817,2.2988007526944916,0.0
3639,0,0.0,0.0,0.0
3639,1,-1.860368942756969,0.10933924653977467,0.0
3639,2,-0.4674971436535582,-0.6021724188533497,0.0
3640,0,0.0,0.0,0.0
3640,1,1.9212976241729138,-1.8240429456268268,0.0
3640,2,0.08663427439272309,-4.137089676301884,0.0
3641,0,0.0,0.0,0.0
3641,1,-2.740203501509619,-0.5271575292869123,0.0
3641,2,0.17117239097215609,0.6220906170888164,0.0
3642,0,0.0,0.0,0.0
3642,1,2.93705582965442,0.1974026889795214,0.0
3642,2,2.3893739643034086,0.6844434848788593,0.0
3642,3,2.5054814095900126,3.8218363651534104,0.0
3642,4,0.5889223944560416,2.5472355661680073,0.0
3643,0,0.0,0.0,0.0
3643,1,-1.0433426332452305,-0.40798410450111655,0.0
3643,2,-1.1756112181486138,-1.143890016365242,0.0
3643,3,-1.0936091934842491,-0.2630558803643187,0.0
3644,0,0.0,0.0,0.0
3644,1,-0.12133735122472122,3.067480035896021,0.0
3644,2,-0.5731031807005497,2.721740983753288,0.0
3644,3,-2.4707113131288843,3.761575246692984,0.0
3644,4,-1.0200383027912165,2.694052345943685,0.0
3645,0,0.0,0.0,0.0
3645,1,-0.8844722996670384,-1.9393110432635698,0.0
3645,2,-0.596142291174715,-2.207193778398548,0.0
3645,3,0.00951754829932483,-2.8296758726638935,0.0
3646,0,0.0,0.0,0.0
3646,1,-1.938143323041905,2.08540809587771,0.0
3646,2,-2.449099986313112,1.0641793549771674,0.0
3647,0,0.0,0.0,0.0
3647,1,0.014090748598978485,-1.7308110341565306,0.0
3647,2,1.4623439597512708,-2.0299507813579143,0.0
3648,0,0.0,0.0,0.0
3648,1,-1.15936422032875,2.905254152043748,0.0
3648,2,-0.1752331729066692,1.8496309813743306,0.0
3649,0,0.0,0.0,0.0
3649,1,1.1695780111636283,-0.12601974850586106,0.0
3649,2,-0.7389491619074242,-1.7970125135755874,0.0
3650,0,0.0,0.0,0.0
3650,1,-0.9015590981167418,0.6229795859308748,0.0
3650,2,1.3657729335883058,0.7522947342187902,0.0
3651,0,0.0,0.0,0.0
3651,1,2.5164371466678848,1.594617076095182,0.0
3651,2,0.2778171614455136,2.7061401021995715,0.0
3652,0,0.0,0.0,0.0
3652,1,-1.0208481917662162,-0.6767655377264608,0.0
3652,2,0.08575198125897487,0.5871845375299181,0.0
3652,3,-1.8102402335440348,-2.7829458732358363,0.0
3653,0,0.0,0.0,0.0
3653,1,-0.39987211580231585,1.0585598871303592,0.0
3653,2,-0.7051171943552972,3.9556619091836516,0.0
3654,0,0.0,0.0,0.0
3654,1,1.4195220961627275,-1.6433493383096527,0.0
3654,2,0.6213674908818834,-2.0246693151021793,0.0
3655,0,0.0,0.0,0.0
3655,1,2.447541602998255,-1.4239259263468966,0.0
3655,2,1.4886009316672122,-2.469313775185971,0.0
3655,3,-0.6881210875858016,-0.7457683029711581,0.0
3655,4,-1.480039773608437,0.0066226761446293025,0.0
3655,5,0.18195677860986315,-0.8110011767874403,0.0
3655,6,1.3958330093100555,-1.5498165948843114,0.0
3655,7,-0.7220999184088347,0.07392462258027654,0.0
3656,0,0.0,0.0,0.0
3656,1,2.631801822444304,-1.2116094537664714,0.0
3656,2,-0.1610178507440359,0.21548350697808982,0.0
3657,0,0.0,0.0,0.0
3657,1,1.218641377907954,-1.172480214418676,0.0
3657,2,0.5912045271165272,1.0374786142949977,0.0
3658,0,0.0,0.0,0.0
3658,1,2.2867207499665128,3.0351675183540054,0.0
3658,2,-0.1692316301585084,2.9739395073194337,0.0
3658,3,0.8280033323009051,0.7707386966056204,0.0
3659,0,0.0,0.0,0.0
3659,1,-0.9180570487975819,0.11460601684838423,0.0
3659,2,0.12122035826240274,-2.746394468887297,0.0
3659,3,-1.149547485117678,0.61374452200798,0.0
3660,0,0.0,0.0,0.0
3660,1,0.8377552077628019,-1.6087848856817712,0.0
3660,2,-1.0028867036617048,-2.946764810626897,0.0
3660,3,-1.760376347986744,-3.499836478002654,0.0
3660,4,-1.6479928626466687,-0.84584802920826,0.0
3660,5,-0.1637589381517579,-0.1235464804252242,0.0
3661,0,0.0,0.0,0.0
3661,1,-0.40771503427020905,-1.544343454122802,0.0
3661,2,0.6654685045602388,-2.874733765321271,0.0
3661,3,1.5722214494102569,-3.3808290965184122,0.0
3661,4,0.22218027264123774,-4.8050628124307515,0.0
3662,0,0.0,0.0,0.0
3662,1,0.1169959663809635,-0.1809222553399079,0.0
3662,2,1.2667169843866715,-0.46727347604119696,0.0
3663,0,0.0,0.0,0.0
3663,1,-1.6075477668828968,2.0640421342278565,0.0
3663,2,-3.6560932723922024,3.583651949872965,0.0
3663,3,-2.062971874455978,2.617036816347843,0.0
3663,4,-0.011531648988716059,1.6872566748279008,0.0
3663,5,-0.7891913552407008,2.624218349712855,0.0
3664,0,0.0,0.0,0.0
3664,1,1.908656486081906,0.25356041722165773,0.0
3664,2,3.0402902455174616,0.2831661382706316,0.0
3664,3,-0.1666403943145294,0.682066774261237,0.0
3664,4,0.9989461050833435,0.9762047504779534,0.0
3665,0,0.0,0.0,0.0
3665,1,-0.058898253334235484,-1.3389230721419862,0.0
3665,2,-1.1571643047726514,-0.6634940787679666,0.0
3665,3,-0.4672261223173366,-1.37246963116052,0.0
3665,4,-1.7947089597289627,-1.670494060933767,0.0
3665,5,-1.6926305368810624,-1.549630965841657,0.0
3665,6,-1.6255297877250177,0.44636560452541446,0.0
3665,7,-2.3937004816941734,-2.036426893941144,0.0
3666,0,0.0,0.0,0.0
3666,1,-0.8508749844682191,-0.6389826818780966,0.0
3666,2,-2.427317850188298,-1.8591470036494382,0.0
3667,0,0.0,0.0,0.0
3667,1,1.1153032751891976,-0.1686176877740847,0.0
3667,2,3.191332530340409,0.25022021470176825,0.0
3667,3,1.1855180921612256,2.1016032642631064,0.0
3667,4,0.4852592233235789,2.381448067395314,0.0
3667,5,0.821995967893068,2.680663418147682,0.0
3667,6,1.2789436958782594,2.527378517212763,0.0
3668,0,0.0,0.0,0.0
3668,1,1.1292180305942712,0.7108754324834274,0.0
3668,2,0.9107835594913833,-0.7365008671073945,0.0
3669,0,0.0,0.0,0.0
3669,1,1.1066256890489539,-0.09259710128086794,0.0
3669,2,1.8246094573804073,0.5005822089520642,0.0
3669,3,1.7743494602450296,-1.0966053462615701,0.0
3670,0,0.0,0.0,0.0
3670,1,0.6235549496512753,-1.8539872667497324,0.0
3670,2,2.718108922867099,-2.9655332130547967,0.0
3671,0,0.0,0.0,0.0
3671,1,-0.4041053524581749,0.24627394100256073,0.0
3671,2,1.3916629541840488,1.2627485031157422,0.0
3671,3,-0.7025345546449931,0.28141027361724635,0.0
3672,0,0.0,0.0,0.0
3672,1,-2.8529375568411353,3.510579489078487,0.0
3672,2,-0.5776505349734532,1.556168776963276,0.0
3672,3,-1.4881658312153032,1.6295138306779524,0.0
3673,0,0.0,0.0,0.0
3673,1,-1.4760501267036723,-3.4846543953085125,0.0
3673,2,-1.2543477934673017,-2.1560793354543835,0.0
3673,3,-1.8205466505900736,-4.5258698872760785,0.0
3673,4,0.10759534299472784,-3.4984643787566396,0.0
3673,5,-0.491621420925092,-4.487945841057551,0.0
3673,6,-2.1979024891523036,-4.42767265637422,0.0
3674,0,0.0,0.0,0.0
3674,1,-0.15154795956796074,-1.9307241461901627,0.0
3674,2,-2.193672767406037,-1.5675279765154757,0.0
3674,3,0.5249248280031924,0.04047855089424335,0.0
3675,0,0.0,0.0,0.0
3675,1,-0.6256177711980186,-0.5135714665674946,0.0
3675,2,-0.7963180445119775,-0.9937984443397125,0.0
3675,3,-0.7407797366159441,-1.891344884866151,0.0
3675,4,-0.64553838241897,-2.0899938730779812,0.0
3675,5,1.6067296552021197,-1.87355358950835,0.0
3675,6,-0.8043511726619177,-1.8978803719412174,0.0
3676,0,0.0,0.0,0.0
3676,1,-0.4159747398146003,-0.6189294645354069,0.0
3676,2,0.3918996622196367,1.3683289474587645,0.0
3677,0,0.0,0.0,0.0
3677,1,-2.697045637767668,-0.5981228498726074,0.0
3677,2,-0.43108615530806627,-1.6008624449257927,0.0
3678,0,0.0,0.0,0.0
3678,1,0.3880954369137239,-0.33880198971068864,0.0
3678,2,-0.8757064981512139,-0.3192136110442431,0.0
3678,3,-1.0293738044158884,-0.6436908014554098,0.0
3678,4,0.3206997288461313,-0.2624581495668199,0.0
3678,5,-0.6338084640120744,-1.382509677916084,0.0
3678,6,0.25477254241165104,-3.2492542722294386,0.0
3678,7,-0.19807490762089255,-2.3226973184064317,0.0
3678,8,-0.5656627056918162,-1.1923002672366405,0.0
3678,9,-0.004932768688502759,-2.805418265633154,0.0
3678,10,-0.9430953772316295,-1.9486675571844907,0.0
3678,11,-0.7503997853392664,-0.8879006942622618,0.0
3678,12,-0.13923152950562298,-0.7224896013023049,0.0
3678,13,-1.1515672242292467,-1.827481346898954,0.0
3679,0,0.0,0.0,0.0
3679,1,0.34828006451467386,-0.613760595187973,0.0
3679,2,-0.2842517218860753,0.6034827635305933,0.0
3680,0,0.0,0.0,0.0
3680,1,-0.8427924155838497,-3.237633655102563,0.0
3680,2,-0.39955948322407975,-0.5502512389120526,0.0
3680,3,-0.8961223470079605,-0.9606212901604518,0.0
3680,4,-0.6988879741568881,-0.944327906605561,0.0
3681,0,0.0,0.0,0.0
3681,1,1.9629047097715397,-1.0077624388570394,0.0
3681,2,-0.15591394554395377,-2.5136237036608415,0.0
3681,3,-0.7887116424102201,-0.10153275440136023,0.0
3681,4,1.0067704488901819,-2.278130847048958,0.0
3681,5,0.7281285248419691,-3.914035838791782,0.0
3681,6,-0.5211879589122372,-1.2040521148485153,0.0
3682,0,0.0,0.0,0.0
3682,1,-0.9904804503193751,0.879841310172243,0.0
3682,2,1.0651513423824877,1.4886117928564646,0.0
3682,3,-2.21246611475092,3.7553944504332373,0.0
3682,4,-4.580033898418737,-0.25927610551917835,0.0
3682,5,-2.156273601043644,0.4240683701053295,0.0
3682,6,-1.9100480678946223,2.7887396648630123,0.0
3683,0,0.0,0.0,0.0
3683,1,-0.9149134483822489,0.8368336215971459,0.0
3683,2,1.546347693162717,1.5460966499488378,0.0
3684,0,0.0,0.0,0.0
3684,1,-0.15472417680915174,-1.7717730871003832,0.0
3684,2,0.48126317075283376,-0.5360597390006048,0.0
3684,3,-0.12513753826312857,0.6510849195607769,0.0
3684,4,0.3065759090831752,-1.5709130058848593,0.0
3684,5,1.1029498999478176,-0.7110384763300308,0.0
3685,0,0.0,0.0,0.0
3685,1,-0.19375864739995002,-0.35103650846893975,0.0
3685,2,0.9283969093634651,-0.8493996290787806,0.0
3686,0,0.0,0.0,0.0
3686,1,1.3846846402417656,1.3401070334336105,0.0
3686,2,0.573930045352093,1.814913693790352,0.0
3686,3,0.0011553536369279804,0.00017144369352073419,0.0
3687,0,0.0,0.0,0.0
3687,1,1.3229662602546968,-0.13159384123525397,0.0
3687,2,-1.6362415259920071,0.35554187810371696,0.0
3687,3,-0.9590497012743675,1.9846305040996046,0.0
3687,4,0.14496725235810365,2.3353065039256506,0.0
3687,5,-0.4979446280208358,2.172173862142487,0.0
3688,0,0.0,0.0,0.0
3688,1,-0.57962065066611,-2.8546462110523527,0.0
3688,2,-1.6021250595965806,-3.501107312845429,0.0
3689,0,0.0,0.0,0.0
3689,1,-0.1083064455154168,-1.1503500565292448,0.0
3689,2,0.5823190816160495,1.876516256190372,0.0
3690,0,0.0,0.0,0.0
3690,1,-1.089889570688505,1.4853816873200252,0.0
3690,2,-2.2726446186123503,-0.7607320191615283,0.0
3691,0,0.0,0.0,0.0
3691,1,1.5886850389674831,-0.22309904895879673,0.0
3691,2,0.149711332412092,-1.5473453439371891,0.0
3692,0,0.0,0.0,0.0
3692,1,0.979989748025109,-1.1957354173722514,0.0
3692,2,1.2231763869860772,1.5158553248117865,0.0
3692,3,1.9642757279522767,0.6752268538372297,0.0
3693,0,0.0,0.0,0.0
3693,1,1.8912749859612716,-1.4279544114704572,0.0
3693,2,-0.17050921088774862,-0.6866645554210249,0.0
3693,3,1.2927701793165538,-1.5445751601322695,0.0
3694,0,0.0,0.0,0.0
3694,1,-2.44832373068629,0.15574868723127544,0.0
3694,2,-3.300918433599373,-0.5082737535414557,0.0
3695,0,0.0,0.0,0.0
3695,1,0.7315881647812342,1.9146967893884668,0.0
3695,2,4.952910073215607,4.044764329876087,0.0
3696,0,0.0,0.0,0.0
3696,1,-1.2306286464765062,-0.0832638821181223,0.0
3696,2,-2.444049746642728,0.5995318619939707,0.0
3696,3,-1.9842774719037988,1.4247539190600902,0.0
3696,4,-0.41451942645856743,-1.8027174061150912,0.0
3696,5,-0.37646971302073595,0.5184954290256316,0.0
3697,0,0.0,0.0,0.0
3697,1,-1.9849739742953152,1.6226157709138151,0.0
3697,2,0.36064633992689,2.036147476523274,0.0
3697,3,0.3790078834949451,-1.1171345333839802,0.0
3698,0,0.0,0.0,0.0
3698,1,-2.260939005847716,1.3561277335981659,0.0
3698,2,-2.043229344650561,0.13627835889688011,0.0
3698,3,-3.2275626214733664,0.4337305994005354,0.0
3698,4,-3.426877735608471,-0.20110281095785343,0.0
3698,5,-0.6941818834197058,-1.3391974844537469,0.0
3698,6,0.6702916009474083,-0.06857820381569235,0.0
3698,7,-1.4035154357384412,0.9982198849161192,0.0
3699,0,0.0,0.0,0.0
3699,1,0.2895259688015668,0.3949874860051529,0.0
3699,2,-0.56778910354635,1.364731636589319,0.0
3699,3,-0.6617327029719982,1.8616145929964414,0.0
3699,4,-2.336370904758617,1.7310360700319156,0.0
3699,5,-1.8256189021968088,1.0545032061911315,0.0
3699,6,0.14830243991309278,3.1830811723109855,0.0
3700,0,0.0,0.0,0.0
3700,1,-0.8178704694912584,0.04337816743124323,0.0
3700,2,1.430474345460064,1.3076565718182804,0.0
3701,0,0.0,0.0,0.0
3701,1,-0.6838794979482076,-0.6960374001389772,0.0
3701,2,0.0740562414403434,0.438378318486537,0.0
3701,3,1.6210629559754706,3.1335142453117433,0.0
3701,4,0.7201098751417347,2.2799797760565164,0.0
3702,0,0.0,0.0,0.0
3702,1,1.3718157745306983,-0.45126404924606306,0.0
3702,2,1.4602123813921553,2.78253873130236,0.0
3702,3,0.4095451896766389,2.6697175025258213,0.0
3702,4,1.1301677637144252,5.129393620866313,0.0
3702,5,-0.9618904786075748,3.4683537474630155,0.0
3702,6,-0.5211844129370111,2.9509855398969633,0.0
3702,7,0.49681002622289716,-0.09192096337516525,0.0
3703,0,0.0,0.0,0.0
3703,1,1.4711816923614207,-0.4555770204805414,0.0
3703,2,0.9503539867016335,-1.5762405332178864,0.0
3704,0,0.0,0.0,0.0
3704,1,0.7344919272081896,-0.38359347308395086,0.0
3704,2,1.6571461983171694,1.2670190465813067,0.0
3705,0,0.0,0.0,0.0
3705,1,-0.5766216508655033,-1.2000665843300686,0.0
3705,2,1.4543303679759298,-2.5100877168865514,0.0
3705,3,2.71989607729259,-2.754819874567479,0.0
3705,4,1.3770762168935131,-3.458972977505408,0.0
3705,5,0.27943746136896896,-4.091675906256687,0.0
3705,6,0.9912154127814143,-3.1285416895984826,0.0
3705,7,1.6016710897904023,-2.2870825225535016,0.0
3705,8,-0.518326733542914,-2.334211531312177,0.0
3706,0,0.0,0.0,0.0
3706,1,0.7903024264200553,0.6654140598600919,0.0
3706,2,0.1610938771864615,1.006050887948539,0.0
3706,3,-0.4485428613662643,0.37458127786763806,0.0
3706,4,-0.3085486159610381,-1.252170741763709,0.0
3706,5,-2.1126713654527163,-3.724774560244743,0.0
3707,0,0.0,0.0,0.0
3707,1,0.2752329703847222,1.1924253222533818,0.0
3707,2,-0.5403576783813769,-0.08086524153669189,0.0
3708,0,0.0,0.0,0.0
3708,1,-0.10850968146001305,-0.9434986540185906,0.0
3708,2,-1.0543890746081295,-2.2541096170411454,0.0
3708,3,-1.0928860337535333,0.470703230197687,0.0
3709,0,0.0,0.0,0.0
3709,1,-1.310280284318679,2.381537903874622,0.0
3709,2,-3.019188363364575,-0.6361621205815458,0.0
3709,3,0.771055500556262,1.4408307758760346,0.0
3709,4,1.474269265597756,1.5964156483445247,0.0
3709,5,0.3193455552856234,0.47203411702564413,0.0
3710,0,0.0,0.0,0.0
3710,1,-0.2113829184987427,-0.7674544914170363,0.0
3710,2,-1.4100078244492837,0.25009343300684983,0.0
3711,0,0.0,0.0,0.0
3711,1,3.010224977772062,-0.265976112613616,0.0
3711,2,0.7034561528072851,0.8078938417344892,0.0
3711,3,1.81006909749845,-0.05182150083631232,0.0
3711,4,1.0090852918519095,1.7113639641173854,0.0
3711,5,0.11955572925206304,1.7851085580797594,0.0
3711,6,0.983807152019241,0.27104810309062977,0.0
3711,7,1.975049671995243,-2.70065525927693,0.0
3712,0,0.0,0.0,0.0
3712,1,3.1448914594507626,1.0638041083129703,0.0
3712,2,3.7893779797613383,1.466813460048152,0.0
3713,0,0.0,0.0,0.0
3713,1,-0.46792072769327914,2.011265179412778,0.0
3713,2,-1.628493285848458,0.7388970505994583,0.0
3713,3,-3.8013931699392773,1.8919068479382017,0.0
3714,0,0.0,0.0,0.0
3714,1,1.46733685494949,-2.1155309278194383,0.0
3714,2,3.6573721911941677,-2.5800718308364665,0.0
3715,0,0.0,0.0,0.0
3715,1,-1.169089673761624,-1.2239907519108946,0.0
3715,2,-0.1370003348340215,-0.98143285758833,0.0
3715,3,-0.8871617543503476,-1.167432285456794,0.0
3716,0,0.0,0.0,0.0
3716,1,-0.529024168039631,-0.8989825039281181,0.0
3716,2,-1.013391249464586,1.9100744723530203,0.0
3717,0,0.0,0.0,0.0
3717,1,1.0155689630323785,0.5016063974505216,0.0
3717,2,1.0815660543633374,1.594157117905484,0.0
3718,0,0.0,0.0,0.0
3718,1,3.460976863180304,-1.357477006301432,0.0
3718,2,4.611685031900475,-1.759710065466588,0.0
3718,3,2.8650218747038325,-3.0362581672033797,0.0
3719,0,0.0,0.0,0.0
3719,1,-0.05790537248030225,-1.6602424142892152,0.0
3719,2,2.017412402331055,0.2504781274366974,0.0
3719,3,1.1061316151461664,-1.480381922593604,0.0
3719,4,3.0316496754265376,1.6675579001303258,0.0
3719,5,3.0529830361334156,1.274591155788261,0.0
3720,0,0.0,0.0,0.0
3720,1,0.09939356761747398,1.8898838813072463,0.0
3720,2,0.9590187380350348,1.1297092541792575,0.0
3720,3,0.8546840143758501,2.6470614361540274,0.0
3721,0,0.0,0.0,0.0
3721,1,-0.18119228094066608,-1.0515060189086467,0.0
3721,2,1.6288261664266717,0.7464517647543278,0.0
3722,0,0.0,0.0,0.0
3722,1,0.47345127352741684,-2.2833344464741185,0.0
3722,2,0.6981390686534558,-0.7736667737309189,0.0
3722,3,-0.8674426169333498,-1.9877349220345875,0.0
3723,0,0.0,0.0,0.0
3723,1,1.9574733038575431,-1.0288139823395874,0.0
3723,2,2.4410430186155847,-1.7079240003221146,0.0
3723,3,5.9215032973626,0.871839265834712,0.0
3723,4,5.074584640843528,0.5820664110106686,0.0
3723,5,4.259900968442919,-0.247486610169789,0.0
3724,0,0.0,0.0,0.0
3724,1,-0.14556973394065098,0.6395840423008349,0.0
3724,2,-0.17437822042153872,-0.1118318378593155,0.0
3725,0,0.0,0.0,0.0
3725,1,1.2381978214894773,0.2569913572049277,0.0
3725,2,0.206479812737835,1.1899932550314607,0.0
3726,0,0.0,0.0,0.0
3726,1,-2.738648065186406,0.06266488248755664,0.0
3726,2,-1.8001172261977934,0.5149551824780083,0.0
3727,0,0.0,0.0,0.0
3727,1,-1.364800395067757,0.5188482515669233,0.0
3727,2,1.167296182027833,-0.489429774975519,0.0
3728,0,0.0,0.0,0.0
3728,1,1.7588192147658814,-0.35658528276673407,0.0
3728,2,2.7353609848507214,-1.206203760301074,0.0
3729,0,0.0,0.0,0.0
3729,1,2.5308181078772245,-2.6235125872026295,0.0
3729,2,1.8716555875285987,-1.8914461318614375,0.0
3730,0,0.0,0.0,0.0
3730,1,0.08397281137847834,-1.2331187203081264,0.0
3730,2,-0.38573393118449717,-0.10857404999089781,0.0
3731,0,0.0,0.0,0.0
3731,1,-0.058231563656978236,2.4297059611449034,0.0
3731,2,-0.16433364367219705,1.5554708074217964,0.0
3731,3,-0.8278918340675825,3.224520279378723,0.0
3731,4,0.46083884833098776,4.352340072952565,0.0
3731,5,-1.639136007078952,2.23091682663011,0.0
3732,0,0.0,0.0,0.0
3732,1,0.49531417806151173,0.598987952920171,0.0
3732,2,0.9608981268893477,1.9167900882647362,0.0
3732,3,1.480400312423112,2.1676245078243674,0.0
3733,0,0.0,0.0,0.0
3733,1,0.21655405797994165,-0.5857152008784637,0.0
3733,2,0.8507973647094489,-0.853190835357227,0.0
3734,0,0.0,0.0,0.0
3734,1,1.0177477211663415,-0.7812126391202197,0.0
3734,2,1.5310724916540353,-3.5580310739948535,0.0
3734,3,1.261623363646963,-1.959633585709344,0.0
3735,0,0.0,0.0,0.0
3735,1,1.82027366031909,0.3125289184925651,0.0
3735,2,1.5287621557948416,1.4048471375484568,0.0
3736,0,0.0,0.0,0.0
3736,1,0.06346092469226416,-0.804004106303591,0.0
3736,2,-1.0876332880589457,1.5752136475932212,0.0
3737,0,0.0,0.0,0.0
3737,1,0.7183349454954961,-1.3039346205851625,0.0
3737,2,0.6542782943302934,-2.3075366975794354,0.0
3737,3,0.18785026436904984,0.3334164547167029,0.0
3737,4,-1.186103071890589,-0.12846280716830463,0.0
3738,0,0.0,0.0,0.0
3738,1,1.3095178669073622,-3.0405307052985204,0.0
3738,2,1.1486016412018527,-2.5347322641528107,0.0
3738,3,1.2185950555450424,-1.7501336338658628,0.0
3738,4,2.7249070923192042,-1.8144793687108183,0.0
3739,0,0.0,0.0,0.0
3739,1,-0.3341786274546106,-1.1887263024126375,0.0
3739,2,1.8838011529224756,-1.157958150016388,0.0
3739,3,1.1799996422706283,-0.43760898373268253,0.0
3739,4,1.877839319544068,-1.9036812291347802,0.0
3739,5,-0.16085736272116424,-1.4175462608701372,0.0
3740,0,0.0,0.0,0.0
3740,1,1.5478256939140027,0.620459331683348,0.0
3740,2,0.5428574663672444,-0.2613669280338031,0.0
3741,0,0.0,0.0,0.0
3741,1,-1.912263093753675,0.6949848560402692,0.0
3741,2,-3.6650970014345874,2.524443431219176,0.0
3741,3,-4.807124135745381,2.421571054015946,0.0
3741,4,-4.110050641038513,3.3506891359993585,0.0
3741,5,-3.0484686775428247,4.027057111951177,0.0
3742,0,0.0,0.0,0.0
3742,1,-1.4048900357726706,1.1001852106273677,0.0
3742,2,-1.0928774920243476,2.4829920538139003,0.0
3742,3,-1.6659123002915637,0.7028349372946385,0.0
3742,4,-0.9478864580853982,2.017779606074417,0.0
3742,5,0.9860501716615462,-0.8033723663965056,0.0
3742,6,-1.0062451271831665,3.1783585886857404,0.0
3743,0,0.0,0.0,0.0
3743,1,-1.4931328337434573,-0.9361879118416113,0.0
3743,2,-2.415410325102667,-0.44677160804155336,0.0
3744,0,0.0,0.0,0.0
3744,1,-1.8594525238281299,0.09876741708082282,0.0
3744,2,-1.062611141870232,-0.08314261828721925,0.0
3744,3,0.5949124788054903,1.8361649899239727,0.0
3745,0,0.0,0.0,0.0
3745,1,-0.333936539190807,-0.336376904204549,0.0
3745,2,2.5210660201618573,0.9957502177127631,0.0
3746,0,0.0,0.0,0.0
3746,1,1.3183732645128625,1.9128175849684645,0.0
3746,2,-0.9964955117729257,1.8159139182494715,0.0
3746,3,1.3555522061065206,1.74968553384614,0.0
3747,0,0.0,0.0,0.0
3747,1,2.046526286231033,2.534268680729514,0.0
3747,2,0.38702206150962654,1.3903825061913389,0.0
3747,3,2.426444486713852,-1.5920258552920887,0.0
3747,4,1.6724974837839341,-2.101807538153484,0.0
3747,5,2.6665899423349058,-1.316027849672083,0.0
3748,0,0.0,0.0,0.0
3748,1,-0.9583310125475712,-0.7131622985159166,0.0
3748,2,0.3987966718504814,1.6553631445754569,0.0
3748,3,-0.4980521559373443,1.5268324020329875,0.0
3748,4,-0.06673666893763208,1.11287122976755,0.0
3748,5,-0.9556927106556778,1.4027229391353717,0.0
3748,6,-0.3845738640779981,0.9645962834248124,0.0
3748,7,0.11630811758368909,1.2708518989986328,0.0
3748,8,0.3660908665795253,2.379517476706773,0.0
3748,9,0.4457937306383746,0.8246132177779774,0.0
3748,10,-0.3079935361182189,1.5182126408663748,0.0
3748,11,-1.1505264149563512,2.7292153503481495,0.0
3749,0,0.0,0.0,0.0
3749,1,-2.884858902039765,-1.7212007302218644,0.0
3749,2,-1.9261609853858355,0.4209074225270061,0.0
3749,3,-1.4472019693664193,0.6931705416798639,0.0
3749,4,0.44250443242641113,1.8351703464161062,0.0
3749,5,-0.05050443758126777,0.7039711661360121,0.0
3750,0,0.0,0.0,0.0
3750,1,-0.34585118481995636,1.7795152127424798,0.0
3750,2,-2.2057229858016543,0.8973876440695557,0.0
3750,3,-4.483141546747274,2.0820987383912497,0.0
3750,4,-4.280334476876768,2.1511555346133187,0.0
3750,5,-3.7124092928890473,-1.8033114432122899,0.0
3750,6,-3.0934526432413403,-0.4239408194749301,0.0
3751,0,0.0,0.0,0.0
3751,1,0.708093531424159,1.9631274472625058,0.0
3751,2,1.0712546054251513,1.8923718112241155,0.0
3752,0,0.0,0.0,0.0
3752,1,-1.1649628124532427,0.10180509726251652,0.0
3752,2,-0.16421573601550682,2.6008316188947407,0.0
3752,3,0.8633171736306957,2.9698229153713864,0.0
3753,0,0.0,0.0,0.0
3753,1,-1.0113509172312158,-3.2454363419416006,0.0
3753,2,-0.0801538962236266,0.08084641746545485,0.0
3754,0,0.0,0.0,0.0
3754,1,0.4170363472641605,-1.657735624941552,0.0
3754,2,1.7453426560658405,-2.990656613994736,0.0
3754,3,1.0078185167409548,-3.674451182938052,0.0
3754,4,2.1173391521587965,-2.729359290009007,0.0
3754,5,2.0351927949093582,-2.359109649278875,0.0
3755,0,0.0,0.0,0.0
3755,1,2.1426458111724695,-2.507200552087329,0.0
3755,2,0.3795021657851628,-0.6332594647267991,0.0
3755,3,0.7884950965403998,-1.1443106734923996,0.0
3756,0,0.0,0.0,0.0
3756,1,-2.0285394174517513,1.2822309460616457,0.0
3756,2,-1.4411236758423343,2.7998540858932786,0.0
3757,0,0.0,0.0,0.0
3757,1,-1.128892684287724,1.9776772884158005,0.0
3757,2,-1.3734369740000392,-0.08347471233191095,0.0
3758,0,0.0,0.0,0.0
3758,1,-2.487564361813619,0.25781642363385693,0.0
3758,2,-1.2673373071950038,1.8696824284096385,0.0
3758,3,-3.4537502908451403,0.2116591785393238,0.0
3758,4,-1.0884788535983518,-0.32533962695992,0.0
3759,0,0.0,0.0,0.0
3759,1,0.3029471852636794,1.1824760115744921,0.0
3759,2,0.21067567771195478,2.239620831309641,0.0
3760,0,0.0,0.0,0.0
3760,1,0.998933433513508,2.982953843503847,0.0
3760,2,0.8451138437611856,2.8955247514102536,0.0
3760,3,0.45806733609223627,5.6829590616457555,0.0
3760,4,1.834919531047979,5.800209647572907,0.0
3761,0,0.0,0.0,0.0
3761,1,0.23355299485530945,0.7098490661188982,0.0
3761,2,-2.078035889793508,-0.16146427430242694,0.0
3761,3,-5.408078877910458,0.3145556036307895,0.0
3762,0,0.0,0.0,0.0
3762,1,0.7855291072910555,1.047193701734596,0.0
3762,2,0.1564642629838482,1.4428657901427275,0.0
3763,0,0.0,0.0,0.0
3763,1,0.11091452215012143,-1.4636884114894622,0.0
3763,2,-2.2589656525791755,0.7683919033914448,0.0
3763,3,-3.8353037413003483,1.8669687758537192,0.0
3764,0,0.0,0.0,0.0
3764,1,0.2999803281016811,0.39968582832328764,0.0
3764,2,1.5794980713568791,-1.0144557750894714,0.0
3764,3,-0.07001170249157906,-1.5621819809977187,0.0
3764,4,0.05822518501260876,-1.6965710456473326,0.0
3764,5,1.378923921786246,-3.383039513518736,0.0
3764,6,0.8597961295343515,-1.6322132095361703,0.0
3764,7,-1.0942258883346634,-2.3464702597053098,0.0
3764,8,-0.8243719969795106,-0.9697765544503092,0.0
3765,0,0.0,0.0,0.0
3765,1,-2.8465072786060603,-0.10717169566018181,0.0
3765,2,-0.7861706809984841,1.676584622877216,0.0
3766,0,0.0,0.0,0.0
3766,1,2.073191377908416,-1.2765841240726792,0.0
3766,2,3.133479121569269,-0.6767873239688906,0.0
3766,3,-0.92152227163167,-0.5747627765051465,0.0
3766,4,-0.374684701223448,0.8132675270929552,0.0
3767,0,0.0,0.0,0.0
3767,1,2.21965190627498,-1.371225809198726,0.0
3767,2,-0.1412083067247198,0.9765049008152735,0.0
3767,3,2.155130536006638,1.9006316480153223,0.0
3767,4,1.898206373507053,0.866906509297555,0.0
3767,5,0.8531648898258097,-0.4115459781442081,0.0
3767,6,2.1923242300724697,1.0586954209539612,0.0
3768,0,0.0,0.0,0.0
3768,1,-0.6641857724080131,-0.6416646630535418,0.0
3768,2,-0.41124788581597316,0.24590741741072264,0.0
3768,3,1.5245936790125725,0.10645037268734492,0.0
3768,4,-0.39611736736354475,3.4081298308952768,0.0
3768,5,-0.39669615420650606,2.067797255562761,0.0
3768,6,0.06334690460870984,2.9030046131417713,0.0
3769,0,0.0,0.0,0.0
3769,1,0.08940849798284178,-1.9363705850631188,0.0
3769,2,-1.3184489417629695,-0.010779477804120141,0.0
3770,0,0.0,0.0,0.0
3770,1,1.901258504390471,0.40231140840865237,0.0
3770,2,-0.9245339369317228,0.370865648749315,0.0
3770,3,-1.2096103486757617,1.20299804569828,0.0
3770,4,-0.17297634480901436,-0.31799052252887344,0.0
3770,5,-0.933046427869242,1.1419421434104353,0.0
3770,6,1.0770606881691216,0.3278480659283051,0.0
3770,7,-0.18518231031448973,-0.14091291183920657,0.0
3770,8,-1.4988942040051922,0.9476484324220611,0.0
3770,9,-1.4251538335100853,0.5024936054536968,0.0
3770,10,-1.4450412389598393,-0.24990920063882,0.0
3771,0,0.0,0.0,0.0
3771,1,-2.2297754522085764,0.26425720433564237,0.0
3771,2,-0.5737039588296972,0.7855274993923008,0.0
3771,3,-0.9112468883757731,0.6898533485381276,0.0
3771,4,-3.4149180657708817,-0.17136787590181393,0.0
3771,5,-2.0953112763637467,-0.8489541043781783,0.0
3771,6,-2.5798679715099855,-0.049124893749776605,0.0
3772,0,0.0,0.0,0.0
3772,1,-0.4371578324075128,-1.7797803679390314,0.0
3772,2,1.9887113131130012,-0.39604658299048434,0.0
3772,3,2.4712481429703814,-1.1737326430054376,0.0
3773,0,0.0,0.0,0.0
3773,1,0.6776701448263642,-0.6654429141532958,0.0
3773,2,1.9477128661538485,1.839251998380323,0.0
3773,3,-1.1364714554236055,0.7799433149261101,0.0
3774,0,0.0,0.0,0.0
3774,1,-0.4320951267718536,1.9976098335382497,0.0
3774,2,-1.6685988120396902,1.4535622678769653,0.0
3774,3,-2.431150555447803,2.245939209866944,0.0
3775,0,0.0,0.0,0.0
3775,1,-1.189998528673033,2.17494721105729,0.0
3775,2,-0.8218546339311343,2.8272081353303324,0.0
3775,3,0.22181387171050743,5.108888711119967,0.0
3776,0,0.0,0.0,0.0
3776,1,0.5693541279369276,0.8252626693578473,0.0
3776,2,-0.9644872140398395,0.27440482236947805,0.0
3776,3,-2.3584016638725664,0.691447513382192,0.0
3777,0,0.0,0.0,0.0
3777,1,1.0868514835511425,-0.5624193408659744,0.0
3777,2,1.0606000466733765,0.15725486401712352,0.0
3777,3,-0.11603968041238866,-0.5770396923335,0.0
3777,4,2.10266878680508,-0.24695729608162476,0.0
3777,5,3.3224035678083457,-1.7874581745996179,0.0
3777,6,0.5173151119450976,-0.2434058538936955,0.0
3777,7,1.796295353765454,-0.07851795481174895,0.0
3778,0,0.0,0.0,0.0
3778,1,1.4041676000753447,-0.017596171893275336,0.0
3778,2,-0.21330430997219058,-0.17989399209975998,0.0
3778,3,1.4750421922631047,-2.7728672361875932,0.0
3779,0,0.0,0.0,0.0
3779,1,-0.504613277115527,1.041219540723603,0.0
3779,2,0.2629136708652484,-1.1499723913651414,0.0
3779,3,0.6524442523950253,-0.2157698632801932,0.0
3780,0,0.0,0.0,0.0
3780,1,0.734506586287257,-0.5714402150742974,0.0
3780,2,0.6160170172532647,3.5072740655231285,0.0
3780,3,-0.08358784592042423,2.69115166426209,0.0
3781,0,0.0,0.0,0.0
3781,1,1.7126288313097815,-2.1934456072599375,0.0
3781,2,0.8420019729546354,-3.973810285915568,0.0
3781,3,-2.1918532094234844,-3.41816046263898,0.0
3782,0,0.0,0.0,0.0
3782,1,1.4973388077461582,1.095771292413396,0.0
3782,2,1.713439733214907,1.0724781174502915,0.0
3782,3,3.0361334457279705,0.7571767744707047,0.0
3782,4,0.7893774462955341,0.7261565234732696,0.0
3783,0,0.0,0.0,0.0
3783,1,-1.7859802844767247,-0.3196337997222708,0.0
3783,2,-2.8927275995072703,-1.8370476631426347,0.0
3784,0,0.0,0.0,0.0
3784,1,-3.9037568384959247,-0.8886983941153797,0.0
3784,2,-3.6419870200883837,-0.6329531849641039,0.0
3785,0,0.0,0.0,0.0
3785,1,-0.5196112071258869,-1.7025889353764803,0.0
3785,2,-0.6893464433480542,-2.376367144482154,0.0
3785,3,-2.2333959207933476,-3.6766942551460153,0.0
3786,0,0.0,0.0,0.0
3786,1,1.0304123508660723,-1.9961176168476453,0.0
3786,2,-0.15681276534206567,-1.7089207463154457,0.0
3787,0,0.0,0.0,0.0
3787,1,0.4162841813069141,-0.6349817399196604,0.0
3787,2,1.4026071241099698,-1.7943461760410848,0.0
3787,3,1.4549480253774343,-0.30183609025083696,0.0
3788,0,0.0,0.0,0.0
3788,1,-1.0588620389244796,0.04477267833068388,0.0
3788,2,-1.6908874543144692,-1.1228231296008728,0.0
3788,3,-2.727053566617884,-0.08639062738712866,0.0
3789,0,0.0,0.0,0.0
3789,1,2.67248801667966,-0.8489729473942216,0.0
3789,2,0.9636020522197275,0.3059207873300771,0.0
3790,0,0.0,0.0,0.0
3790,1,2.2781537862594234,2.7854285357271324,0.0
3790,2,1.3592389000144194,2.175703004680427,0.0
3791,0,0.0,0.0,0.0
3791,1,2.0276475693071494,1.1423054247844582,0.0
3791,2,1.2863571909894058,0.943317618061842,0.0
3792,0,0.0,0.0,0.0
3792,1,1.198276583317651,-1.7472894425187548,0.0
3792,2,2.2173195044743403,-0.5915588352303147,0.0
3793,0,0.0,0.0,0.0
3793,1,0.07734828467993615,0.5091615326604046,0.0
3793,2,1.069287723927392,-1.1211265144568052,0.0
3793,3,2.248661783434186,-2.651792509228532,0.0
3793,4,3.796648039832834,-5.142302091771731,0.0
3794,0,0.0,0.0,0.0
3794,1,-1.9236397078699052,1.5042770972983441,0.0
3794,2,1.664090818615713,-0.48682098591173417,0.0
3794,3,2.0625225609474027,2.8785938262739537,0.0
3794,4,4.226410660626512,0.3125611593366656,0.0
3795,0,0.0,0.0,0.0
3795,1,-1.124447313882731,0.34109035393838716,0.0
3795,2,1.1734165837466457,0.7083081103296482,0.0
3795,3,-1.8119335774225171,-0.7031779575750743,0.0
3796,0,0.0,0.0,0.0
3796,1,0.5453983959420503,1.523994554884476,0.0
3796,2,1.9774661629630395,3.331026985786685,0.0
3796,3,2.8902864913355364,0.8715084941457305,0.0
3796,4,1.4281171919242104,1.9184469898923875,0.0
3796,5,1.5828968889180042,0.43482516121035397,0.0
3797,0,0.0,0.0,0.0
3797,1,1.4374262976909233,-1.0611290442565973,0.0
3797,2,0.6161098708498661,-1.1184504150834567,0.0
3797,3,0.048166816956137316,-1.8738586412828115,0.0
3798,0,0.0,0.0,0.0
3798,1,-0.062184916486542896,1.8178821891233046,0.0
3798,2,-0.2000482846427638,4.779476914645509,0.0
3799,0,0.0,0.0,0.0
3799,1,2.0364123480371097,0.030910133071929857,0.0
3799,2,2.4337424233195684,-3.248443729841443,0.0
3800,0,0.0,0.0,0.0
3800,1,1.1099955909517685,0.18250788728237083,0.0
3800,2,-1.1811328678674569,3.7867611244849573,0.0
3800,3,-1.0181375844531126,2.5757856123064267,0.0
3800,4,-0.31951683378209816,2.848033307722633,0.0
3800,5,-1.0221945115304827,4.051892536160706,0.0
3800,6,1.2983199680603308,4.843782697938245,0.0
3801,0,0.0,0.0,0.0
3801,1,1.4822041532003611,1.6300121422386713,0.0
3801,2,-0.12237397197931658,0.707757020346313,0.0
3801,3,1.457606154647526,-2.064810615038604,0.0
3801,4,0.1744451237954646,-2.4083896152060382,0.0
3802,0,0.0,0.0,0.0
3802,1,0.52183817406354,0.01724584336636359,0.0
3802,2,0.7992687360789883,0.4894859280282117,0.0
3802,3,2.4798761285443005,0.11444031164482765,0.0
3802,4,-0.21425624235630925,0.9710331158792345,0.0
3803,0,0.0,0.0,0.0
3803,1,-0.7436056949891336,0.45742100067868785,0.0
3803,2,-0.031969380099679534,2.288574534489732,0.0
3804,0,0.0,0.0,0.0
3804,1,0.6569368856357368,-0.09559424241036296,0.0
3804,2,-0.41335949241397285,1.0278342354707273,0.0
3804,3,0.38860620911134347,-1.7809729135435943,0.0
3804,4,1.3670615929845664,1.1763557333451513,0.0
3805,0,0.0,0.0,0.0
3805,1,-0.20270314949777735,0.1613082274302845,0.0
3805,2,-0.046226366357938975,-0.7751961768994835,0.0
3805,3,1.052366301901171,0.09698970098889692,0.0
3805,4,1.6187933649757984,-0.2925491994456927,0.0
3806,0,0.0,0.0,0.0
3806,1,0.5169003970508252,-0.5940821999063894,0.0
3806,2,0.4311575337306075,0.718393407615669,0.0
3806,3,-1.1777492487846528,-1.1251605984507482,0.0
3806,4,-2.6666090177669073,-0.933554597862243,0.0
3806,5,-1.1283996471820372,0.37012501599613423,0.0
3806,6,0.5906404762887811,-0.1976880284238468,0.0
3806,7,1.2569042880730752,0.01706019044853857,0.0
3807,0,0.0,0.0,0.0
3807,1,0.707487455638045,-2.2193957694499313,0.0
3807,2,0.8323208105332682,-1.6607558099312203,0.0
3807,3,-1.843263961639579,-2.2501962930399992,0.0
3807,4,-2.6677598114783603,-3.02607342832106,0.0
3808,0,0.0,0.0,0.0
3808,1,0.19194771302161506,0.3056565895494265,0.0
3808,2,-0.6752543688669742,-0.1789847628543787,0.0
3808,3,0.89536890335034,0.675141420688359,0.0
3809,0,0.0,0.0,0.0
3809,1,-0.11140926320968414,1.030081042051085,0.0
3809,2,0.7918240313116068,1.5013196187877427,0.0
3809,3,1.2951859307700953,1.6519565135457996,0.0
3809,4,-0.4419342144599886,1.0722694456935815,0.0
3809,5,-0.4358211423935824,1.0998142947892489,0.0
3810,0,0.0,0.0,0.0
3810,1,0.7271394218647018,0.7676213630562176,0.0
3810,2,-0.5686140597658977,0.298903898815138,0.0
3810,3,0.8070109397288949,-0.3750290309892631,0.0
3811,0,0.0,0.0,0.0
3811,1,0.6129964638221681,0.2635887606518592,0.0
3811,2,0.061022713006766205,2.3995838269146534,0.0
3811,3,-1.386717106837967,0.21802035530335173,0.0
3812,0,0.0,0.0,0.0
3812,1,-1.0875045296642885,1.9131103691313909,0.0
3812,2,-2.1152271873605537,0.5607440754279381,0.0
3812,3,-4.14455573335019,-0.30205370300750156,0.0
3813,0,0.0,0.0,0.0
3813,1,-1.3173818821919885,0.08710015801880155,0.0
3813,2,-1.2428701262074524,-1.5782449836781804,0.0
3813,3,-2.351693660305565,-2.5835121853558776,0.0
3814,0,0.0,0.0,0.0
3814,1,-1.8528768022857462,-3.7421284285221517,0.0
3814,2,-0.44125834661815766,-1.5739060647998402,0.0
3814,3,-1.67412555830335,-2.3128921057197314,0.0
3814,4,-1.3104295342995267,-1.2888410244496662,0.0
3815,0,0.0,0.0,0.0
3815,1,-0.076397125025494,2.819207698510585,0.0
3815,2,-0.4475057204791062,1.6999957328711834,0.0
3816,0,0.0,0.0,0.0
3816,1,0.19078022932100258,2.6822250834420363,0.0
3816,2,-0.5744256394365242,3.6728122395629557,0.0
3816,3,-1.749063025133475,1.9563136515655006,0.0
3816,4,-0.5738253595199435,1.7738108097546184,0.0
3817,0,0.0,0.0,0.0
3817,1,0.34420509805246313,0.16657587940189966,0.0
3817,2,-0.033552318348792465,-0.3955603852372349,0.0
3818,0,0.0,0.0,0.0
3818,1,1.5516985944404373,1.095841806868754,0.0
3818,2,0.5571848298248484,-0.39420629914317273,0.0
3818,3,-0.07349910481165634,-0.026368031827121996,0.0
3819,0,0.0,0.0,0.0
3819,1,-1.1621139747672875,-2.2761754791348663,0.0
3819,2,-2.9612797304903133,-1.8982216398342153,0.0
3819,3,-0.7636308612445556,-3.235005568210978,0.0
3820,0,0.0,0.0,0.0
3820,1,-0.9329757248508176,0.3364211265831669,0.0
3820,2,-2.0202555874856607,-0.49692422491405885,0.0
3820,3,-4.981705446432805,0.4621262092365692,0.0
3820,4,-4.504157043117793,2.602766568854439,0.0
3820,5,-4.5394369870302125,-0.38502878290648934,0.0
3820,6,-4.119507045129499,-0.910583283351639,0.0
3821,0,0.0,0.0,0.0
3821,1,0.26051089369613933,0.5347201613098905,0.0
3821,2,3.9639758744593996,0.6119511339814998,0.0
3821,3,4.216222429871031,-0.8345135026506197,0.0
3821,4,2.7127032182731776,-0.3633460203641715,0.0
3821,5,3.621952047871254,-0.9310719445223882,0.0
3822,0,0.0,0.0,0.0
3822,1,2.1580776245980937,2.319941966633924,0.0
3822,2,1.2584109469629192,2.157468912132942,0.0
3823,0,0.0,0.0,0.0
3823,1,0.35002192775363616,0.2575420246789768,0.0
3823,2,0.15759818843414064,-0.01614217506137061,0.0
3823,3,0.7593189803154231,1.6447515481256425,0.0
3823,4,-0.24786679519188615,1.7881398958000223,0.0
3823,5,-1.1767634375396905,1.157515547099901,0.0
3823,6,-1.1414414293685167,1.8210133576881748,0.0
3824,0,0.0,0.0,0.0
3824,1,-2.1350089463615523,2.3580301752716175,0.0
3824,2,-4.000387911784076,4.511179439637141,0.0
3825,0,0.0,0.0,0.0
3825,1,-0.39884279574125925,0.03575272107253702,0.0
3825,2,-0.07033328240263081,0.09464249833890315,0.0
3826,0,0.0,0.0,0.0
3826,1,-1.7102711771046248,-1.4726038253252987,0.0
3826,2,0.6193840681944196,0.539541073346235,0.0
3827,0,0.0,0.0,0.0
3827,1,1.4036712638097728,-1.606583453392776,0.0
3827,2,-2.1513163475294292,-1.9264783541827903,0.0
3827,3,-2.786681617502073,-2.350988100080834,0.0
3827,4,-3.2794546231962234,-1.8826770920766236,0.0
3828,0,0.0,0.0,0.0
3828,1,0.4457247020165529,2.187953868044779,0.0
3828,2,0.4491546913461919,2.276459499174071,0.0
3828,3,0.8817788941783191,-0.9398686730950152,0.0
3829,0,0.0,0.0,0.0
3829,1,-1.5998703781811363,-0.15978849548997365,0.0
3829,2,-1.7933838072456838,-0.24369677104677773,0.0
3830,0,0.0,0.0,0.0
3830,1,0.14136322367793874,0.7764902296708428,0.0
3830,2,-3.210372337931641,0.7177252027378342,0.0
3831,0,0.0,0.0,0.0
3831,1,1.890438677991907,-1.0805276118035654,0.0
3831,2,1.8686456184997913,0.5801906490441464,0.0
3831,3,0.5114079481641742,1.2590698498022685,0.0
3832,0,0.0,0.0,0.0
3832,1,0.759568380200419,0.4182021323863532,0.0
3832,2,0.38649862147948294,-0.008895061955356054,0.0
3833,0,0.0,0.0,0.0
3833,1,-1.4167712659805105,-0.5379658923081618,0.0
3833,2,-1.4239085179116016,-1.576276302086786,0.0
3833,3,-2.5363663202278377,-1.530569887227248,0.0
3833,4,-2.131060134633644,-2.635296590838497,0.0
3833,5,-1.693092886124497,-2.2243906767873405,0.0
3834,0,0.0,0.0,0.0
3834,1,2.2922158995407136,-3.335541786363688,0.0
3834,2,2.987820271771189,-1.0168193574414737,0.0
3834,3,2.0760190301726764,-2.0609973802813863,0.0
3835,0,0.0,0.0,0.0
3835,1,1.4178210996678324,0.5987733152789924,0.0
3835,2,0.6199170834046508,-1.6453542425483227,0.0
3836,0,0.0,0.0,0.0
3836,1,2.987073328864712,-0.04293119561372649,0.0
3836,2,1.8470316560928026,-0.9268428170299875,0.0
3836,3,1.2460470068303404,-0.37719999239894364,0.0
3837,0,0.0,0.0,0.0
3837,1,0.36833497129374804,-0.23110490101244513,0.0
3837,2,-1.2911532928589429,1.9216817770322552,0.0
3837,3,-0.9568511250519729,1.395198306791299,0.0
3837,4,-0.7922027018567347,0.22009950523308378,0.0
3837,5,-0.039771509078642575,0.7776003525001515,0.0
3837,6,0.9494022895619014,-1.4015599074126517,0.0
3837,7,-0.8619482247715538,0.19840424041793128,0.0
3838,0,0.0,0.0,0.0
3838,1,-4.208789303147221,1.8929202209180036,0.0
3838,2,-2.459151771958479,1.0553099888136628,0.0
3838,3,-1.8246191240933345,2.7717133444441866,0.0
3839,0,0.0,0.0,0.0
3839,1,1.8563971907694474,-0.40139952547657864,0.0
3839,2,1.10090591198728,-0.5872993895598545,0.0
3839,3,0.060167617685628394,-1.0539451422237232,0.0
3840,0,0.0,0.0,0.0
3840,1,0.4611440194499694,-1.5633101930015054,0.0
3840,2,1.3312626161858958,-2.4436610429418364,0.0
3840,3,2.0656052816353747,-2.7393328364946528,0.0
3841,0,0.0,0.0,0.0
3841,1,0.9911352634789292,0.8101630562676762,0.0
3841,2,1.6619402052853176,0.9233704220199228,0.0
3841,3,0.38250648392813247,3.1392543991287414,0.0
3841,4,-0.17112358609865286,1.4771591607653525,0.0
3841,5,0.43050211391995363,-0.6875704171298316,0.0
3842,0,0.0,0.0,0.0
3842,1,-1.6895761488632157,-0.01546148613898568,0.0
3842,2,-1.6059730755337518,-0.5818981839602757,0.0
3842,3,-2.0983633906706416,-4.31630586019367,0.0
3843,0,0.0,0.0,0.0
3843,1,2.324227398822314,-0.6277125295461718,0.0
3843,2,0.8749190061287812,0.10725715120979201,0.0
3844,0,0.0,0.0,0.0
3844,1,1.01263128584454,-1.3937758600512704,0.0
3844,2,3.060057911283992,0.5341384231757382,0.0
3845,0,0.0,0.0,0.0
3845,1,-2.2406080464736813,-0.393156364190129,0.0
3845,2,-0.3856140600997344,-0.6251363140880698,0.0
3846,0,0.0,0.0,0.0
3846,1,-1.4264315624509925,0.2708100646804932,0.0
3846,2,-1.4362100375104574,1.8263555535575207,0.0
3847,0,0.0,0.0,0.0
3847,1,0.13184168114919137,-0.4671928523886867,0.0
3847,2,0.4610614465872659,-3.1102294853715877,0.0
3847,3,1.8227115824511153,-3.7429373980260956,0.0
3847,4,1.6030813795011216,-4.602003564746386,0.0
3847,5,0.8671554696786689,-2.6375941264243044,0.0
3847,6,-0.7403498978479095,-1.9988731247874245,0.0
3848,0,0.0,0.0,0.0
3848,1,-0.9067642625482564,-0.07829900863563233,0.0
3848,2,-1.7253332801035501,2.2327727863847633,0.0
3848,3,-0.12036911933158256,1.930608494405277,0.0
3848,4,1.2625102600035212,1.4250150097513625,0.0
3849,0,0.0,0.0,0.0
3849,1,2.524782591536489,0.8434436777249986,0.0
3849,2,0.4368106180338614,3.169769242149,0.0
3849,3,0.0977990367503746,2.3149504233073306,0.0
3850,0,0.0,0.0,0.0
3850,1,-1.7685463739784777,-2.37676514154708,0.0
3850,2,-1.9752518051669141,-1.8440653792352457,0.0
3850,3,-1.066453908005319,-0.5696317818395638,0.0
3851,0,0.0,0.0,0.0
3851,1,1.084813794292255,-1.2818759668540398,0.0
3851,2,-0.26933515965803245,-1.9350041985103297,0.0
3851,3,1.817292080395653,-1.7273194890089827,0.0
3851,4,0.08534615306025772,-3.5701790549366392,0.0
3852,0,0.0,0.0,0.0
3852,1,-1.4563630329097965,1.9797209377440934,0.0
3852,2,-1.4228325362970573,0.08209612452608028,0.0
3852,3,-2.811660914099197,-0.41983087961972876,0.0
3853,0,0.0,0.0,0.0
3853,1,0.7977860019721075,-0.5631719461964865,0.0
3853,2,0.5474614109042626,-0.8694728086230268,0.0
3854,0,0.0,0.0,0.0
3854,1,-2.361983061764088,-1.1184840400252496,0.0
3854,2,0.4822611827540828,-0.9204646000312764,0.0
3855,0,0.0,0.0,0.0
3855,1,0.7605029139474595,0.4865627676570442,0.0
3855,2,-0.9608268902234582,3.1762039057043387,0.0
3855,3,-0.07387795081768844,2.944534246335288,0.0
3856,0,0.0,0.0,0.0
3856,1,-0.821372085155464,-0.23606769695778762,0.0
3856,2,-0.9477205282229698,-0.9999707142313923,0.0
3857,0,0.0,0.0,0.0
3857,1,-1.552279707895752,-1.5346613436611154,0.0
3857,2,-1.7135297181915692,0.15784541480131353,0.0
3858,0,0.0,0.0,0.0
3858,1,-0.0851418308191888,-0.5974514329119747,0.0
3858,2,-0.19918523240136732,-2.945559628357298,0.0
3858,3,0.9443943334752884,-1.640918241508658,0.0
3858,4,-0.5643142156914323,-1.1908852818605498,0.0
3858,5,0.6508804286788226,-1.6481159258453697,0.0
3858,6,-0.4547388290259442,-2.1182772245059964,0.0
3859,0,0.0,0.0,0.0
3859,1,-0.592461253621333,-1.7096501900073653,0.0
3859,2,0.29386705682913017,-2.0670555389324363,0.0
3859,3,0.890953349072253,-0.2281077687335813,0.0
3859,4,2.079339751212013,3.057382489137729,0.0
3859,5,1.6243525630916045,0.4886564273696199,0.0
3859,6,2.7974045501492104,1.1424205292006626,0.0
3860,0,0.0,0.0,0.0
3860,1,-3.016560326472049,0.9813194819182744,0.0
3860,2,-2.1752512664669648,-0.006969919269754932,0.0
3860,3,-0.8283048107048379,0.1858566751015301,0.0
3861,0,0.0,0.0,0.0
3861,1,-0.2001060160230279,-0.10197563290123549,0.0
3861,2,-0.21202923871184987,-2.634957691537373,0.0
3861,3,1.3447100443131965,-1.0709559050985449,0.0
3862,0,0.0,0.0,0.0
3862,1,-2.0410902854640094,1.8246979936708243,0.0
3862,2,-0.9715249934706895,0.9393328920395742,0.0
3862,3,-2.2880870685428176,1.2936003583510383,0.0
3862,4,-2.6449027280054813,2.2907316646751807,0.0
3863,0,0.0,0.0,0.0
3863,1,-2.188880265746247,1.1687663260553949,0.0
3863,2,-1.0514343828279924,1.1371626702041602,0.0
3864,0,0.0,0.0,0.0
3864,1,-2.83147080329248,-0.5007682652938696,0.0
3864,2,-3.071956262245928,-0.22666066848256672,0.0
3864,3,-4.703148083145566,-0.8244429565497573,0.0
3865,0,0.0,0.0,0.0
3865,1,-0.40141871540693064,0.08791835931738179,0.0
3865,2,1.7580545471772668,1.2916991052748,0.0
3866,0,0.0,0.0,0.0
3866,1,0.782742901232759,0.8855252376981095,0.0
3866,2,-0.12749965107942274,-1.1795603673142727,0.0
3866,3,-0.14855541499869063,-2.0052943968606898,0.0
3867,0,0.0,0.0,0.0
3867,1,-0.9772576110708427,1.36861072955768,0.0
3867,2,-1.5665467248152338,-0.4728008687766456,0.0
3867,3,-3.55075025831317,1.1940646483316157,0.0
3867,4,-4.06486848396676,0.9409211279222371,0.0
3867,5,-4.890881080823396,0.8502634144414205,0.0
3867,6,-4.443511297416936,-0.3401422010333992,0.0
3867,7,-3.985517254327192,0.6341431883776726,0.0
3868,0,0.0,0.0,0.0
3868,1,-1.0869893665874026,0.8157202963341417,0.0
3868,2,-0.6520272914073689,0.7568379725622669,0.0
3868,3,-1.6821571868870455,1.35253438388837,0.0
3869,0,0.0,0.0,0.0
3869,1,-0.06599381535909046,1.2726976440356852,0.0
3869,2,-2.766686862482178,-0.6222622820696866,0.0
3869,3,-2.6873251369255557,-0.08452975569179777,0.0
3869,4,-4.541199864786615,-0.5001747180904454,0.0
3870,0,0.0,0.0,0.0
3870,1,0.21986275619736384,-0.08729321317112437,0.0
3870,2,-0.08724830955410456,-0.41258843945814205,0.0
3870,3,1.899003665803698,2.0236165381342,0.0
3871,0,0.0,0.0,0.0
3871,1,0.07923762186141908,0.7237752572294183,0.0
3871,2,-1.86822900850977,-0.47391810698245385,0.0
3871,3,-2.0320988183399784,-0.6489039184552817,0.0
3871,4,-3.3220336006351356,-0.49542695931236647,0.0
3871,5,-2.5567819945111365,0.2886833162023872,0.0
3872,0,0.0,0.0,0.0
3872,1,-1.2528921507341106,0.7581948799961163,0.0
3872,2,0.5802363167308284,1.0350076039062506,0.0
3872,3,-3.410970239752463,2.525410982512694,0.0
3872,4,-3.131816190984318,1.7428531830660372,0.0
3872,5,-1.228237691837403,0.6915547122258979,0.0
3873,0,0.0,0.0,0.0
3873,1,1.1302411147839,-2.1653877810957884,0.0
3873,2,-1.505671868466786,-2.377119230455304,0.0
3874,0,0.0,0.0,0.0
3874,1,0.07637485265789712,-1.9607688803004837,0.0
3874,2,-1.0872072924173897,-2.039919780740231,0.0
3874,3,0.17520558700735744,-1.48010812296669,0.0
3874,4,-0.20749734790694346,-0.06809843075070066,0.0
3874,5,-1.2523577537145947,1.3404335703119254,0.0
3875,0,0.0,0.0,0.0
3875,1,-0.10116195039988618,-0.8869679631834246,0.0
3875,2,-0.3919134051497468,0.9491378109842801,0.0
3876,0,0.0,0.0,0.0
3876,1,1.2942521254940753,-1.7977078481052224,0.0
3876,2,0.43456948981325005,-0.7252214647832695,0.0
3877,0,0.0,0.0,0.0
3877,1,-0.688252572637968,-0.06688055809153759,0.0
3877,2,-0.7503622267901582,0.9244777578803491,0.0
3877,3,-2.592840746718491,1.4857048882723716,0.0
3877,4,0.6318925706777496,2.650144079029897,0.0
3877,5,-0.24473046816440913,2.2313513327037944,0.0
3878,0,0.0,0.0,0.0
3878,1,-2.303008851195526,-0.8328053565985236,0.0
3878,2,-0.6918807524513937,-0.007974833918529267,0.0
3879,0,0.0,0.0,0.0
3879,1,-0.9736914682994887,0.8401095354839063,0.0
3879,2,-0.7269292787810585,3.9043878491477484,0.0
3880,0,0.0,0.0,0.0
3880,1,1.339339843473823,3.995879505462447,0.0
3880,2,-0.44634950036509635,1.8345549956206026,0.0
3881,0,0.0,0.0,0.0
3881,1,2.468405111808277,-2.096253310133907,0.0
3881,2,1.2009943050425975,-2.6062327808335475,0.0
3882,0,0.0,0.0,0.0
3882,1,0.7582461465045733,-2.669752238211028,0.0
3882,2,-0.9833398478828568,0.5781768101041479,0.0
3882,3,0.2049575981355516,-1.6651819820871223,0.0
3882,4,-0.588260869587762,-4.639396093848568,0.0
3883,0,0.0,0.0,0.0
3883,1,1.4991117150681013,0.7564649253536293,0.0
3883,2,0.9510298845427302,0.38809567433190906,0.0
3883,3,-0.4106654054205069,0.6855297203497452,0.0
3884,0,0.0,0.0,0.0
3884,1,0.5545270996117349,3.370533285479044,0.0
3884,2,-1.5817256711109582,2.0147704651661877,0.0
3884,3,-0.182961201057261,2.1424497173125063,0.0
3884,4,-0.20990364654016008,0.2081152335048796,0.0
3885,0,0.0,0.0,0.0
3885,1,1.2127767702406693,-0.02045394711250398,0.0
3885,2,0.8470428960068245,1.1197842592464966,0.0
3885,3,-1.1488009265692654,0.3520500920515712,0.0
3886,0,0.0,0.0,0.0
3886,1,-1.6192363915418497,0.4106170894814867,0.0
3886,2,-2.356186488770933,1.1561834784634897,0.0
3886,3,-2.0505165715277753,2.0621861161737134,0.0
3887,0,0.0,0.0,0.0
3887,1,-1.046654845250531,0.13651800687967736,0.0
3887,2,-0.8918776986160986,0.22201612301946955,0.0
3887,3,-0.20080202384133217,-1.2546827645731866,0.0
3888,0,0.0,0.0,0.0
3888,1,-0.9571286599222011,-1.3019816899690295,0.0
3888,2,0.681422360343918,-0.12303309600024603,0.0
3888,3,2.3283242502482304,-1.1547323245639092,0.0
3889,0,0.0,0.0,0.0
3889,1,-0.7774519193078233,0.6641996939812609,0.0
3889,2,-0.3957867008975309,-2.057689193006712,0.0
3890,0,0.0,0.0,0.0
3890,1,1.40664519328043,-1.7427991105982876,0.0
3890,2,0.8253681697233778,-0.07680719061197805,0.0
3890,3,-0.09622969811072157,1.884885315768399,0.0
3891,0,0.0,0.0,0.0
3891,1,0.6272166729757815,0.03161513483306211,0.0
3891,2,0.052662783983567496,-0.7140132653058707,0.0
3891,3,0.13124756511069668,-1.511743469199852,0.0
3891,4,-1.533719866935239,0.8359388721015325,0.0
3892,0,0.0,0.0,0.0
3892,1,-0.1878067904206504,0.5764987289138083,0.0
3892,2,-1.4535725140431761,0.0628333603896416,0.0
3893,0,0.0,0.0,0.0
3893,1,-0.9671472478719296,-2.3185358367837896,0.0
3893,2,-1.2623006837044035,-1.4482450706564727,0.0
3894,0,0.0,0.0,0.0
3894,1,-2.231350148924316,-0.18378782200867824,0.0
3894,2,-1.7529929781686366,-1.9615228408213317,0.0
3894,3,-2.2595776350684456,-5.323940877610925,0.0
3894,4,-3.461172146331617,-6.3923289489095785,0.0
3895,0,0.0,0.0,0.0
3895,1,-0.3779668614634293,-0.8056476606611873,0.0
3895,2,-0.33388279510617824,1.0804611026355995,0.0
3895,3,-0.95885900048131,1.6185105329237606,0.0
3895,4,-3.0331342831763815,-0.35048005168320273,0.0
3895,5,-0.32812482982067337,0.7394207112284097,0.0
3896,0,0.0,0.0,0.0
3896,1,-0.8160715622984394,-0.028567497288722765,0.0
3896,2,-1.2852893046158436,-0.3281462473973218,0.0
3896,3,-0.021007475854200486,1.8450842489870547,0.0
3897,0,0.0,0.0,0.0
3897,1,2.012987290453942,0.9843435329423734,0.0
3897,2,2.307798423932546,0.7411928838261339,0.0
3897,3,0.8322145695654497,-0.12572872287031212,0.0
3898,0,0.0,0.0,0.0
3898,1,0.951598795213064,0.8899743160521514,0.0
3898,2,1.9694556159546233,-0.6831845006575223,0.0
3898,3,0.4473353596608504,0.6029636934058764,0.0
3898,4,2.2827852368849455,0.1318841172028613,0.0
3898,5,0.9203732837257991,-0.3107540026389668,0.0
3898,6,1.7846675394671734,-0.22224729005061583,0.0
3898,7,2.166294262565945,-0.7935708010651044,0.0
3898,8,2.877749126612175,-1.8771995059400468,0.0
3899,0,0.0,0.0,0.0
3899,1,0.2608053474981376,2.960301622508408,0.0
3899,2,0.12687378151719308,1.8981585677895483,0.0
3900,0,0.0,0.0,0.0
3900,1,1.3461555778774166,1.9014241506380265,0.0
3900,2,1.5288619581252783,2.496049743982184,0.0
3900,3,-1.180248213087141,2.1454974959132938,0.0
3900,4,0.14244299556743528,-0.1281554466929321,0.0
3900,5,-0.7961149914003767,2.24667317445449,0.0
3901,0,0.0,0.0,0.0
3901,1,0.7850039937621474,-0.7007764474836649,0.0
3901,2,2.399774928042102,-2.8747506719037252,0.0
3902,0,0.0,0.0,0.0
3902,1,0.11911558831743452,-0.6208752146514558,0.0
3902,2,-2.072542874798609,1.9961016187117178,0.0
3903,0,0.0,0.0,0.0
3903,1,0.01610515053883299,-0.19746975169579262,0.0
3903,2,1.6947950000071956,1.649844808778947,0.0
3904,0,0.0,0.0,0.0
3904,1,-0.43541171728972006,-0.5957093730748365,0.0
3904,2,-0.21975361640077007,-0.26913815363391846,0.0
3905,0,0.0,0.0,0.0
3905,1,0.699980177849451,-3.411315444875196,0.0
3905,2,2.536116688977343,0.1204323117699535,0.0
3905,3,0.2205062927568543,-0.7448458637827109,0.0
3905,4,-1.7420725708474527,0.023266146272338695,0.0
3905,5,-0.5149717399206365,1.847775751048518,0.0
3905,6,-1.4777020172272675,2.2532996348151753,0.0
3905,7,-1.154279379616191,0.9577876137499222,0.0
3905,8,-1.7015082653814964,-0.492402314913331,0.0
3905,9,1.1761660408456356,0.5632977518053814,0.0
3905,10,0.31057113342894815,-2.5435238710215886,0.0
3905,11,-0.04205239049132936,0.3370570628657217,0.0
3906,0,0.0,0.0,0.0
3906,1,-3.1411025214072135,-0.3619423413651808,0.0
3906,2,-2.1189387420292194,1.1664642372074607,0.0
3906,3,-0.19699715978615,1.293601830200716,0.0
3907,0,0.0,0.0,0.0
3907,1,-1.3757271292369737,-1.0505155967274826,0.0
3907,2,-2.803562457909387,-0.19241495648518692,0.0
3907,3,-2.5233025574707453,-0.8424681182874469,0.0
3907,4,-3.5540735201027664,0.8852255215266323,0.0
3907,5,-1.4562217386313256,0.32711350769305003,0.0
3907,6,0.7111921476840718,0.050291525585532515,0.0
3908,0,0.0,0.0,0.0
3908,1,0.724356885167984,-0.16268823218727624,0.0
3908,2,2.1059310591475677,-1.696541574422285,0.0
3908,3,4.105807233515856,-1.0286070573478843,0.0
3908,4,3.1027398505101766,-1.8434524055527284,0.0
3908,5,3.9446753382128596,-2.471320195639688,0.0
3908,6,3.387781972633585,-1.4088049873589232,0.0
3908,7,2.554259332659893,-0.8395313151265482,0.0
3908,8,3.44709391582162,-1.2353645956740353,0.0
3908,9,5.175932766598383,-1.8005902782742267,0.0
3908,10,3.569050722375214,-0.1716118769795596,0.0
3909,0,0.0,0.0,0.0
3909,1,0.45366455519647686,-0.2521946975363554,0.0
3909,2,0.3982320688572296,-0.32210494724058897,0.0
3910,0,0.0,0.0,0.0
3910,1,0.9179860541635092,-2.0908264407695785,0.0
3910,2,0.07415819965507908,-0.5969732782247096,0.0
3910,3,0.8114545818551872,0.0015230973422047933,0.0
3910,4,1.6880792340240007,2.6695308475011825,0.0
3911,0,0.0,0.0,0.0
3911,1,2.2006841717122336,0.5123662107719877,0.0
3911,2,2.3978978582856953,-0.6483040511770621,0.0
3911,3,3.4541240562745608,2.129591397431223,0.0
3911,4,4.032243089926204,2.3255930816089165,0.0
3911,5,-0.21698604510002573,1.7892612387921423,0.0
3911,6,3.0253392409476554,0.8349265815203943,0.0
3911,7,0.9972656151371312,-0.42321466713703537,0.0
3911,8,-0.34792611544026497,-3.098394379032471,0.0
3911,9,0.30931146425836975,-2.353987925468353,0.0
3911,10,0.9705743714833632,-4.15399956450955,0.0
3911,11,-2.9761811790405797,-3.429116851137897,0.0
3912,0,0.0,0.0,0.0
3912,1,-0.36839745760527487,0.9062000061565101,0.0
3912,2,-1.4640065614353668,1.8160502618715286,0.0
3912,3,-1.0366295465826125,2.847190187681928,0.0
3912,4,-1.3817460714748062,3.097703871912021,0.0
3913,0,0.0,0.0,0.0
3913,1,1.6060586869581166,-0.9992568519716756,0.0
3913,2,-0.5076861085553305,-0.9156868010318187,0.0
3913,3,-3.4023687629263364,1.9930845447557073,0.0
3913,4,-3.9522780843397385,0.7588149129595294,0.0
3913,5,-2.5795446581553136,-0.7726687862614321,0.0
3913,6,-0.5347297163962604,-0.05453950434908106,0.0
3913,7,-1.858912421976889,-0.9531794518294918,0.0
3913,8,-3.0925396572203496,-1.918760154608515,0.0
3913,9,-1.682733345665972,-1.1185438562707974,0.0
3914,0,0.0,0.0,0.0
3914,1,-0.4985017672233793,2.988607638396082,0.0
3914,2,0.4549449127723255,-0.05988276864283622,0.0
3915,0,0.0,0.0,0.0
3915,1,1.5226224823034138,1.1543587913546984,0.0
3915,2,0.2638349559486284,0.47752641454508443,0.0
3916,0,0.0,0.0,0.0
3916,1,0.6745598451079853,0.7159741785138579,0.0
3916,2,0.48277775699342573,-0.2995819305507913,0.0
3917,0,0.0,0.0,0.0
3917,1,-0.4402642268457666,1.121084883238023,0.0
3917,2,-0.6488775715610418,4.336531376193331,0.0
3918,0,0.0,0.0,0.0
3918,1,0.5099702665767806,-0.06607025586483578,0.0
3918,2,-0.23494399162399926,-3.8292467395885312,0.0
3918,3,1.2088829182525458,-3.14503102653104,0.0
3919,0,0.0,0.0,0.0
3919,1,0.6640601533480118,-0.4307433031684742,0.0
3919,2,-1.4555909163089122,-1.6337354689712684,0.0
3919,3,-0.4927648234845976,-1.3922664653005008,0.0
3920,0,0.0,0.0,0.0
3920,1,0.6868621237682668,1.725724022717414,0.0
3920,2,0.6745665375238818,2.300325625634036,0.0
3920,3,2.4748645662272915,2.48928800978804,0.0
3920,4,0.1715954548268499,1.7305818309777965,0.0
3921,0,0.0,0.0,0.0
3921,1,-1.2835714946161323,0.6025038909188281,0.0
3921,2,-1.879822203537846,-2.795288689631308,0.0
3922,0,0.0,0.0,0.0
3922,1,-0.7591450703817835,-2.0296305356748015,0.0
3922,2,3.271971907627462,-3.2076526749371093,0.0
3923,0,0.0,0.0,0.0
3923,1,-2.985979675385172,0.6312679005250124,0.0
3923,2,-2.720171485115751,-1.9257390111633055,0.0
3923,3,-3.5679263477446037,1.0232854931892628,0.0
3924,0,0.0,0.0,0.0
3924,1,-2.159115537375555,0.9665423521850081,0.0
3924,2,-1.1477220057627173,0.8934985769132295,0.0
3924,3,-1.514080133100814,1.117492547743037,0.0
3924,4,-3.0210057526398164,2.455838703776073,0.0
3924,5,-1.4783158452247183,-1.884808038800668,0.0
3925,0,0.0,0.0,0.0
3925,1,2.423749491013815,-2.9302932908502775,0.0
3925,2,1.4542541630785768,-0.2678793401307784,0.0
3925,3,5.388688911476027,-1.612909502677973,0.0
3925,4,4.139979729122854,-0.6662075750476271,0.0
3925,5,5.5877545871046514,-2.65264825585772,0.0
3926,0,0.0,0.0,0.0
3926,1,-1.4654218914065185,-0.4277593975719389,0.0
3926,2,-0.85497208801065,0.2588969898071183,0.0
3926,3,0.4664155466611132,-1.9789911029821836,0.0
3926,4,-0.7220230019194397,-0.4829479773120109,0.0
3926,5,-1.186245765125507,-2.486286235959624,0.0
3927,0,0.0,0.0,0.0
3927,1,1.5192326678719512,2.009315705884174,0.0
3927,2,0.6921684495590235,2.1511303016632457,0.0
3928,0,0.0,0.0,0.0
3928,1,-0.3050800011101635,-0.16712482650657812,0.0
3928,2,-0.6688271606722735,-0.4199041740689176,0.0
3929,0,0.0,0.0,0.0
3929,1,1.7309258761828548,0.747964199719666,0.0
3929,2,1.0672481949399168,1.4013898094922213,0.0
3929,3,2.4747930800400866,2.1435115119048005,0.0
3929,4,2.733511149251323,3.3709061801135984,0.0
3929,5,4.023513240254386,3.7785265064773776,0.0
3929,6,4.903934141813576,4.354662025221062,0.0
3929,7,5.213672775119194,3.354063669159795,0.0
3929,8,3.07528075979765,2.9324260719632944,0.0
3929,9,4.591224674342142,2.177730415415185,0.0
3930,0,0.0,0.0,0.0
3930,1,0.05895052394554462,-0.5839193090785106,0.0
3930,2,1.4918050353812007,-2.2800946250818295,0.0
3930,3,1.8496936878896992,-3.032532521635459,0.0
3930,4,2.599960832064538,-1.1313839384010893,0.0
3930,5,-0.6752723680995163,-2.0148547968833057,0.0
3931,0,0.0,0.0,0.0
3931,1,0.7664276718137999,-0.01772387696311528,0.0
3931,2,0.40297137453064913,0.49133826392842017,0.0
3931,3,3.187036544086838,1.4272103724140828,0.0
3932,0,0.0,0.0,0.0
3932,1,1.5818102403651308,-0.16743380570957367,0.0
3932,2,1.5336038046857547,1.601437369023726,0.0
3933,0,0.0,0.0,0.0
3933,1,0.3084685815487561,-1.9132238097001468,0.0
3933,2,0.7836748606355055,-3.4079187256248216,0.0
3934,0,0.0,0.0,0.0
3934,1,-0.5841509697369988,0.052485608287181185,0.0
3934,2,-0.6764544029975799,1.1569531810549867,0.0
3935,0,0.0,0.0,0.0
3935,1,-0.8458483409186885,0.951993224865725,0.0
3935,2,0.353017776343888,-0.9621970265548863,0.0
3935,3,1.2029674782612594,0.37187117085917354,0.0
3936,0,0.0,0.0,0.0
3936,1,0.4063359059290738,0.5353191137828265,0.0
3936,2,0.05279321643943985,-1.5065040315530518,0.0
3937,0,0.0,0.0,0.0
3937,1,0.6234202618978429,1.9291989921034387,0.0
3937,2,2.206720246601025,0.44376303229886127,0.0
3937,3,1.2154047069593896,2.2874359371795707,0.0
3937,4,1.966063534881664,1.8460564637112173,0.0
3938,0,0.0,0.0,0.0
3938,1,1.812559935996282,0.8589359348132528,0.0
3938,2,0.9539492662010507,1.786013912749453,0.0
3938,3,0.8237150692755879,1.2440127008642836,0.0
3939,0,0.0,0.0,0.0
3939,1,2.2322760587317334,1.2183556625119538,0.0
3939,2,0.31950176197176655,0.08485544209710838,0.0
3939,3,1.8218219667646167,-0.03553243230448344,0.0
3939,4,1.7231084615035925,2.5129424291918943,0.0
3939,5,0.6733608987427526,1.5516512335511292,0.0
3940,0,0.0,0.0,0.0
3940,1,-0.8052996044619842,-0.7876209684769543,0.0
3940,2,-2.8312149351256877,0.6755896238073823,0.0
3941,0,0.0,0.0,0.0
3941,1,0.2526408183164195,-1.1997392167612864,0.0
3941,2,1.0823544877496925,-0.35507648787576884,0.0
3942,0,0.0,0.0,0.0
3942,1,1.4066414106975291,-0.8625392189284141,0.0
3942,2,-1.0613274397848067,-4.05806253057507,0.0
3943,0,0.0,0.0,0.0
3943,1,0.05632839271035062,1.103426601037023,0.0
3943,2,0.47261433509558426,0.9140136793607734,0.0
3943,3,0.8272266928492065,0.7672140596826735,0.0
3943,4,-1.695291365938061,0.15384577634081797,0.0
3943,5,-1.2853385636616694,0.9391084247132866,0.0
3944,0,0.0,0.0,0.0
3944,1,-0.35729568589783467,-0.6297291159917497,0.0
3944,2,-2.145349392468263,0.4515910734072328,0.0
3944,3,-0.23303062458600687,-1.438364917716774,0.0
3945,0,0.0,0.0,0.0
3945,1,-2.094031219685966,-0.7212871456082439,0.0
3945,2,-1.3585606387179028,1.0255759269751408,0.0
3945,3,-0.1392037578970778,-0.6052149755606451,0.0
3945,4,-0.5409772163788414,0.8871525371749518,0.0
3946,0,0.0,0.0,0.0
3946,1,0.4198676256442835,-2.328311551054873,0.0
3946,2,-0.10420887861133046,-1.740194744900434,0.0
3946,3,-2.0240851024089563,-0.5113073925205649,0.0
3946,4,-0.9649386214555356,0.5740201904816344,0.0
3946,5,-1.3249829869620553,-0.09837819262399083,0.0
3946,6,-1.6862923676512882,0.04126181406216567,0.0
3946,7,0.2155403968453635,1.8154035917595976,0.0
3947,0,0.0,0.0,0.0
3947,1,-0.026035531882127705,-0.823670447688022,0.0
3947,2,-2.8649821803366247,1.190080992482472,0.0
3947,3,-1.8006197932686736,1.8098918197608633,0.0
3948,0,0.0,0.0,0.0
3948,1,-0.3129827863765964,0.6726468974420705,0.0
3948,2,-0.5964061215400996,1.4107179849194051,0.0
3949,0,0.0,0.0,0.0
3949,1,-0.3759120576252759,0.22978740826265076,0.0
3949,2,-2.051113369071342,1.8370699310379284,0.0
3950,0,0.0,0.0,0.0
3950,1,-0.1724346153051114,0.42521160410191583,0.0
3950,2,1.828382830091063,0.6521079174136426,0.0
3951,0,0.0,0.0,0.0
3951,1,2.1806882017005726,1.4375543785172378,0.0
3951,2,-0.5789785493696953,0.5483113151072441,0.0
3951,3,-1.5221506538099185,0.4300408432755913,0.0
3952,0,0.0,0.0,0.0
3952,1,-0.04075967630691701,-0.5192279035629904,0.0
3952,2,-1.3641620027891306,-0.6707244038319619,0.0
3953,0,0.0,0.0,0.0
3953,1,2.3397310010488512,-2.031164317017145,0.0
3953,2,1.1269077273977683,-2.184758615139058,0.0
3954,0,0.0,0.0,0.0
3954,1,-0.5738350269012302,-0.7500702788968832,0.0
3954,2,-0.19747235009484476,-1.8914770576950957,0.0
3954,3,3.234287200869609,-1.4195013806510677,0.0
3954,4,3.5875196909659497,-3.6088349091492926,0.0
3955,0,0.0,0.0,0.0
3955,1,-0.4322658265052577,-2.4489341041979964,0.0
3955,2,-1.3455107105500983,-0.8601056395249056,0.0
3955,3,0.5068766222122949,-3.641581798820912,0.0
3955,4,-0.15926541267771466,-4.143369807068963,0.0
3955,5,-2.1855497163013538,-3.7997368305411277,0.0
3956,0,0.0,0.0,0.0
3956,1,0.47810358743731896,2.350318730346661,0.0
3956,2,-1.4677577451769683,1.4998250317269681,0.0
3956,3,-0.10201508280843363,1.103743643319673,0.0
3957,0,0.0,0.0,0.0
3957,1,-0.5702588192093672,2.2623907031486628,0.0
3957,2,1.2676219509584625,1.0587456049841322,0.0
3957,3,-0.33510051210286207,1.2105483332196096,0.0
3958,0,0.0,0.0,0.0
3958,1,0.40992818730468494,2.571576511116591,0.0
3958,2,0.18598443575557422,-0.5082919526692677,0.0
3959,0,0.0,0.0,0.0
3959,1,-0.7392651095768537,1.0265804642574499,0.0
3959,2,-0.05099898241362566,2.499285190489111,0.0
3959,3,0.5197876955536097,2.9071136284667194,0.0
3959,4,1.7210423170755709,0.7869205190265389,0.0
3959,5,1.80630881115746,-0.1454598207020703,0.0
3959,6,1.6806752202071071,-1.151191131933305,0.0
3960,0,0.0,0.0,0.0
3960,1,1.801534604422448,-2.988844353802115,0.0
3960,2,5.029036424290635,-5.753885814524741,0.0
3961,0,0.0,0.0,0.0
3961,1,0.854999629289762,-2.1571662133400427,0.0
3961,2,0.85944077566561,-2.3285458657792324,0.0
3961,3,0.5302091388682533,-1.2718006138997955,0.0
3962,0,0.0,0.0,0.0
3962,1,0.018187505696147577,0.44793863043595405,0.0
3962,2,-1.457215718764879,0.7245173925557669,0.0
3962,3,1.8968261473235632,0.6225745102179534,0.0
3963,0,0.0,0.0,0.0
3963,1,-2.030639544135672,1.5514244810468198,0.0
3963,2,-0.18653881683452772,2.995659517850087,0.0
3963,3,0.20300385639153068,1.9544331367453058,0.0
3964,0,0.0,0.0,0.0
3964,1,0.07030021721060734,-0.8730673347484931,0.0
3964,2,-0.3013773216617678,-2.5260318871569507,0.0
3965,0,0.0,0.0,0.0
3965,1,0.16169159618342133,0.7652299779940885,0.0
3965,2,-0.08743071330851127,0.26746397443548586,0.0
3965,3,-1.5100321727813286,1.60710557173414,0.0
3966,0,0.0,0.0,0.0
3966,1,-0.7408746440685263,-0.29279074166518315,0.0
3966,2,1.6643903016971455,-1.015262917790685,0.0
3967,0,0.0,0.0,0.0
3967,1,-0.9699731497578488,-0.5307318551319825,0.0
3967,2,0.9516282316350921,-0.9339921794868677,0.0
3967,3,-0.05222240863957944,-0.4872522712494231,0.0
3967,4,-1.2699406116548118,0.5580132356765293,0.0
3967,5,-1.2571557235683901,0.923817760991781,0.0
3967,6,-0.5273809327150363,1.863879611748881,0.0
3967,7,-1.7778277739141741,-0.43751057280972394,0.0
3967,8,0.5479546525395012,-1.9955134851544205,0.0
3967,9,0.605800312578262,-2.4908031560503656,0.0
3968,0,0.0,0.0,0.0
3968,1,-1.3017361933363323,-0.021598950994950322,0.0
3968,2,-0.5571352915119505,0.18342149939165164,0.0
3969,0,0.0,0.0,0.0
3969,1,-0.12056159071935141,0.7529233246830653,0.0
3969,2,0.06097174949356737,-0.9757177404113817,0.0
3969,3,0.23987069568692615,1.707116299799591,0.0
3969,4,0.663113971391676,1.0598897797996782,0.0
3969,5,-0.8755885294558663,-1.6778901589243334,0.0
3969,6,-1.98598967972764,-0.6410231375861215,0.0
3970,0,0.0,0.0,0.0
3970,1,-0.901010180158089,-0.5521388879001792,0.0
3970,2,0.3580103541933335,0.21828475278814014,0.0
3971,0,0.0,0.0,0.0
3971,1,-1.9650373326514128,2.4702607860743253,0.0
3971,2,-2.00024090411521,0.3036123399021129,0.0
3971,3,-3.200158838884472,0.5959598401639956,0.0
3971,4,-0.9875251223487664,-1.2008951887978963,0.0
3971,5,-1.321207700538729,0.07589876738334422,0.0
3971,6,-0.855835278257322,-0.053194980897775634,0.0
3972,0,0.0,0.0,0.0
3972,1,-0.287850731484345,-0.11528463211752582,0.0
3972,2,0.762817925173917,0.37795750039181497,0.0
3972,3,-0.07025458616190461,-1.2519903465223974,0.0
3972,4,1.2971852711596115,-0.8904543941254535,0.0
3973,0,0.0,0.0,0.0
3973,1,-1.2402457182193938,-1.1429759548736231,0.0
3973,2,0.20247514727254723,-1.8580174808179386,0.0
3973,3,-0.7584150444962805,-1.8171512645929302,0.0
3973,4,0.6502731283872378,-3.7524131605438615,0.0
3973,5,1.367804114531571,-2.205421105873431,0.0
3974,0,0.0,0.0,0.0
3974,1,-2.0554795674202797,-0.6460825656605753,0.0
3974,2,-0.9939521049777673,0.5879078196856343,0.0
3974,3,-0.39474986957338176,2.846560904425297,0.0
3974,4,-0.009109387957658477,2.7396327851836437,0.0
3974,5,-0.5249435766998483,0.04736753975861807,0.0
3975,0,0.0,0.0,0.0
3975,1,-0.9691176532103598,-0.1256811713864004,0.0
3975,2,-1.397603730664367,0.5181528755182585,0.0
3975,3,-1.4082243115857387,1.7677983892872138,0.0
3976,0,0.0,0.0,0.0
3976,1,1.0508002481000183,1.3272515444838004,0.0
3976,2,-0.09642382253085341,3.145879839723821,0.0
3976,3,-1.4109945105280068,4.539021776868306,0.0
3977,0,0.0,0.0,0.0
3977,1,-0.47167542099040305,0.34266521273353057,0.0
3977,2,-0.7201710527010772,0.7630580812740306,0.0
3977,3,-2.4939512148253824,-0.48567183635681976,0.0
3977,4,-1.3098634253702035,-1.0938533585082681,0.0
3978,0,0.0,0.0,0.0
3978,1,-1.8798970589456667,0.46732415853320664,0.0
3978,2,-1.4488311813729777,-1.7370430674741462,0.0
3978,3,-4.175847077083107,-2.309063111425388,0.0
3978,4,-3.1987235886118586,-1.8470175852987591,0.0
3978,5,-1.5396628248155482,-1.485867189469042,0.0
3979,0,0.0,0.0,0.0
3979,1,-1.0646304345641446,0.06984001989740163,0.0
3979,2,-2.4869667062444716,-0.4386145289656451,0.0
3979,3,-2.296214705034787,-1.4003340599069853,0.0
3980,0,0.0,0.0,0.0
3980,1,-1.7212749664665687,1.6954296348122657,0.0
3980,2,-2.5750463990854002,0.3422482108651588,0.0
3980,3,-3.353937390730684,0.9484020494439895,0.0
3980,4,-3.6731989959542974,0.15195561019756054,0.0
3980,5,-4.074753174728752,-1.022846069940392,0.0
3980,6,-3.2239836945589206,-1.9241771836959916,0.0
3980,7,-3.1438094923647943,-1.339851966964419,0.0
3980,8,-1.9649798072390001,-2.6001814407359913,0.0
3980,9,-4.584656373035114,-2.4131235356918537,0.0
3981,0,0.0,0.0,0.0
3981,1,-1.6032528780484407,1.5319895790407467,0.0
3981,2,2.5179467997621234,2.0541768927747164,0.0
3981,3,1.825928310001034,1.6894276912502204,0.0
3982,0,0.0,0.0,0.0
3982,1,0.783619168202824,-1.8629646864812108,0.0
3982,2,0.6072691150661287,-3.079405012651194,0.0
3983,0,0.0,0.0,0.0
3983,1,1.8916350547360605,0.750447104645902,0.0
3983,2,2.7657005397327494,1.3040855115631094,0.0
3983,3,1.9472215601088614,-1.1703380345884327,0.0
3984,0,0.0,0.0,0.0
3984,1,0.7028019556927446,-2.351145486513855,0.0
3984,2,0.08211234580415186,-0.4099878563800532,0.0
3984,3,-0.36144284785118064,0.6144641276594509,0.0
3984,4,-1.9147537475538132,-2.7182099862200975,0.0
3985,0,0.0,0.0,0.0
3985,1,-0.9210143819048109,0.6919003539088253,0.0
3985,2,-1.0999324970395323,0.6453889545810099,0.0
3986,0,0.0,0.0,0.0
3986,1,-0.2335030406367941,-3.285480109070669,0.0
3986,2,-1.0057884435828817,-1.053607226543535,0.0
3986,3,-1.9542048521091224,-3.0698666140633213,0.0
3987,0,0.0,0.0,0.0
3987,1,1.7225619346703411,-0.8885507264808001,0.0
3987,2,-1.4138351733617434,0.17358733958083872,0.0
3987,3,-3.146384419708549,-1.6293464402146123,0.0
3987,4,-1.5161199533120686,-0.6204910482090771,0.0
3988,0,0.0,0.0,0.0
3988,1,0.8603533045279743,-0.6768370326603336,0.0
3988,2,-0.3186609885045908,-1.2046314509549974,0.0
3988,3,0.45260982655135373,0.4220486051438582,0.0
3988,4,1.0151901535948307,0.05959209301958157,0.0
3988,5,0.8418315949706895,-1.4539235092973555,0.0
3989,0,0.0,0.0,0.0
3989,1,-2.5849222854673197,0.8876750335515358,0.0
3989,2,0.35752481668453484,-0.5156619475356434,0.0
3990,0,0.0,0.0,0.0
3990,1,0.9833920422747064,-1.7366247948842772,0.0
3990,2,-1.4683932879524761,4.287134690117223,0.0
3990,3,-0.009975456884895803,3.748925551511937,0.0
3991,0,0.0,0.0,0.0
3991,1,-1.4375116919989939,0.3387206379398131,0.0
3991,2,-1.3264642874303378,-1.2093015155922326,0.0
3991,3,-0.9949865019747359,-1.8489063098353458,0.0
3991,4,-0.8560472781153479,-1.093222714209391,0.0
3991,5,1.904814467206673,-1.7820282898620232,0.0
3992,0,0.0,0.0,0.0
3992,1,-0.12907768771229655,-0.48292743611982836,0.0
3992,2,1.6308136016928754,0.013442171453708629,0.0
3992,3,2.553367462464123,3.1214825446761383,0.0
3992,4,1.7696362553808975,2.3254263260522166,0.0
3992,5,2.4233537183526264,1.310031774180787,0.0
3993,0,0.0,0.0,0.0
3993,1,0.5323663138692191,-0.7049956968849931,0.0
3993,2,0.8044461719532606,-0.6327840840990069,0.0
3993,3,1.5343512380290614,-0.4935360781728982,0.0
3993,4,0.46360284975913324,1.1645205136475332,0.0
3994,0,0.0,0.0,0.0
3994,1,0.9725069941838372,0.35844603665935093,0.0
3994,2,0.8878006269223176,1.0309849546480891,0.0
3995,0,0.0,0.0,0.0
3995,1,-1.6580156133775779,0.06436548775744844,0.0
3995,2,-2.240070867603909,-0.4216655300931036,0.0
3995,3,-4.476789810703719,0.4838376046370052,0.0
3996,0,0.0,0.0,0.0
3996,1,-2.218102959236634,-1.5216887510349912,0.0
3996,2,-3.8944209386896476,-2.558641520260537,0.0
3997,0,0.0,0.0,0.0
3997,1,-0.09141609061808742,1.761084069383999,0.0
3997,2,-1.744244529762296,3.721014673335878,0.0
3997,3,0.13601555840275248,3.543860597614401,0.0
3997,4,-0.48071067232633036,2.489499922589145,0.0
3997,5,-1.2367650408979989,3.8426614778990533,0.0
3997,6,-2.889149822519541,2.110371686913288,0.0
3998,0,0.0,0.0,0.0
3998,1,1.4804654316783126,-0.20311908277867274,0.0
3998,2,-0.9706540984371703,2.1210412243564076,0.0
3998,3,-0.48483603796934494,0.8249466065190382,0.0
3998,4,-1.4919286459771892,2.174305174766276,0.0
3999,0,0.0,0.0,0.0
3999,1,-1.4742229059977516,3.1180746367017553,0.0
3999,2,0.25281568684082667,1.679593498747472,0.0
3999,3,-1.0349665461534505,0.7575960609735986,0.0
4000,0,0.0,0.0,0.0
4000,1,0.6159744748216965,-3.3311930611827205,0.0
4000,2,1.216469961889407,-2.7879770747283272,0.0
4000,3,0.4210270808162143,-2.0783061886925003,0.0
4000,4,-0.7890939795696407,-1.2306043245887328,0.0
4000,5,-3.040252141930546,-2.1620394631504904,0.0
4000,6,-2.5458339134734076,-2.4306487433975583,0.0
4001,0,0.0,0.0,0.0
4001,1,-0.06921079452192047,1.665885585503833,0.0
4001,2,0.4917468091921784,-0.5540437551421442,0.0
4001,3,-1.0102137002224985,1.0483811519177129,0.0
4001,4,0.05478449431962318,-1.7833365287029654,0.0
4001,5,0.35538628715131537,-2.9144982338884273,0.0
4001,6,-0.9517444841742064,-3.612778924562874,0.0
4001,7,-0.697544932058633,-3.396590775943035,0.0
4002,0,0.0,0.0,0.0
4002,1,3.5100303750027355,-0.07075272540610034,0.0
4002,2,1.282670551654855,-0.028434096452448432,0.0
4003,0,0.0,0.0,0.0
4003,1,-1.0176767969719753,0.8209529035277305,0.0
4003,2,-1.8263892589298827,-0.8883064994468599,0.0
4003,3,-2.571269391750684,0.3278354942361878,0.0
4003,4,-3.6606707072387934,1.756654615962584,0.0
4003,5,-3.4114964099747853,3.2240966737431513,0.0
4004,0,0.0,0.0,0.0
4004,1,-1.8476725920344916,-1.5227704127129489,0.0
4004,2,-2.28903143155369,-1.7591411796709773,0.0
4004,3,-2.1177721799903244,-2.2507671786956744,0.0
4005,0,0.0,0.0,0.0
4005,1,0.6037055612520418,3.431539113219969,0.0
4005,2,0.6391435054677583,1.6112021337919986,0.0
4005,3,1.6194852422856234,0.30453253032571287,0.0
4006,0,0.0,0.0,0.0
4006,1,-1.2357177827296344,2.9642836463228033,0.0
4006,2,-2.740867610125912,1.014585665539898,0.0
4006,3,-3.397921679368374,1.7842941793226945,0.0
4006,4,-3.6610295746328827,1.9992223272212741,0.0
4006,5,-3.169647561885827,1.3603068121494446,0.0
4006,6,-3.3393454813579355,0.6027540209245839,0.0
4006,7,-3.2564904489201565,0.7169879707238989,0.0
4007,0,0.0,0.0,0.0
4007,1,0.3383030588399688,4.113937425796767,0.0
4007,2,0.5087511156059771,3.823993550418431,0.0
4008,0,0.0,0.0,0.0
4008,1,-0.11323815372628032,-0.5399803773440872,0.0
4008,2,1.5111079702027663,-0.5439832565158798,0.0
4008,3,0.4614831647428781,-2.592695387948586,0.0
4008,4,-1.308186072871377,-2.139572740195794,0.0
4009,0,0.0,0.0,0.0
4009,1,-1.5607422291792195,0.9168722878469269,0.0
4009,2,0.023930595744869443,3.2677186804120844,0.0
4010,0,0.0,0.0,0.0
4010,1,-1.906637764880959,0.2756991151189332,0.0
4010,2,-1.0559043999859652,1.0346279613633944,0.0
4011,0,0.0,0.0,0.0
4011,1,0.5350236152424365,-0.9899569378945796,0.0
4011,2,1.4962768942164963,0.013262311914377323,0.0
4012,0,0.0,0.0,0.0
4012,1,-0.31769572021857084,-0.9203681221004061,0.0
4012,2,-0.6047755305713902,-0.527322745646488,0.0
4013,0,0.0,0.0,0.0
4013,1,-0.1526503714286911,-0.34094947468924125,0.0
4013,2,0.289343410028422,-1.1434450851643667,0.0
4013,3,1.0341014593398992,-0.29557342759843036,0.0
4014,0,0.0,0.0,0.0
4014,1,1.4403863929348066,1.1558002411799158,0.0
4014,2,0.37852511488475327,0.06697118713681327,0.0
4014,3,2.9528666938314423,0.38163172916519406,0.0
4015,0,0.0,0.0,0.0
4015,1,0.9680133114897475,-0.8307704840407847,0.0
4015,2,0.22661118337838979,-1.3653074533779888,0.0
4016,0,0.0,0.0,0.0
4016,1,2.219713464495926,0.9505178005758144,0.0
4016,2,1.0010064726220693,-0.7952033802147778,0.0
4017,0,0.0,0.0,0.0
4017,1,-1.323073172075262,0.29048180053609407,0.0
4017,2,-2.0860350360507107,0.9784362295513941,0.0
4017,3,1.6675026587163775,-2.5557015563586853,0.0
4017,4,1.3293027030737876,-2.9650352931390125,0.0
4017,5,2.3520918882991237,-1.9728742808513093,0.0
4017,6,2.178479564996178,-0.40952470068834546,0.0
4017,7,1.6222007275585797,0.6346640159920934,0.0
4017,8,2.6438131374425957,0.6069683269673531,0.0
4017,9,3.0631839546703086,-0.3165876723653326,0.0
4017,10,2.897828522104766,-0.5617167205372803,0.0
4017,11,3.079169835395164,0.1304718390155135,0.0
4018,0,0.0,0.0,0.0
4018,1,-0.05230017239489608,-1.0811501404710495,0.0
4018,2,0.6097664471747757,-1.0472200733308459,0.0
4018,3,-2.8507959283708804,-2.4608920566575123,0.0
4018,4,-1.362833693473546,-2.922889424137262,0.0
4018,5,-2.6373410007690397,-2.3524701500290415,0.0
4018,6,-0.7055099942371758,-1.5207166141889943,0.0
4019,0,0.0,0.0,0.0
4019,1,0.691315642482164,-0.534155074256051,0.0
4019,2,0.6236430651757174,-0.46984212104926537,0.0
4019,3,-1.3591007802033197,-2.4356745468899117,0.0
4019,4,-0.6616202847697326,2.2868412366073003,0.0
4019,5,-1.5054252143568818,1.778679749959501,0.0
4020,0,0.0,0.0,0.0
4020,1,0.2025101537186769,-0.7790816622065704,0.0
4020,2,0.16875748270543628,0.743343561366248,0.0
4021,0,0.0,0.0,0.0
4021,1,-0.3563983703103393,-1.0210196838482877,0.0
4021,2,-0.40226925989055207,-1.841104002648271,0.0
4021,3,-0.22816976310155734,-0.5707173868781842,0.0
4021,4,-2.1352131442751148,-1.387706974510531,0.0
4021,5,-0.7799881065589034,-2.091476398352197,0.0
4021,6,0.7922705431497143,-1.541049178955368,0.0
4022,0,0.0,0.0,0.0
4022,1,-0.649811169844476,2.8268508829282415,0.0
4022,2,0.06799330775849954,1.27050022065247,0.0
4023,0,0.0,0.0,0.0
4023,1,0.38220899380173823,1.3923453752809742,0.0
4023,2,1.0745924766733097,1.3964363862082279,0.0
4023,3,1.7532988269804546,0.1076913909521402,0.0
4024,0,0.0,0.0,0.0
4024,1,1.3187061932987127,-3.4927894718575945,0.0
4024,2,3.452703288265054,-2.424212461931897,0.0
4025,0,0.0,0.0,0.0
4025,1,0.8542377757890923,0.502634040107691,0.0
4025,2,-1.4968683343439912,0.40422709284503844,0.0
4025,3,-1.256863358159272,-2.458021291987256,0.0
4025,4,0.18238578497407854,-1.7602388744724133,0.0
4026,0,0.0,0.0,0.0
4026,1,1.726369785061582,-0.041138923703010935,0.0
4026,2,0.022087483570754185,-0.869010482788673,0.0
4027,0,0.0,0.0,0.0
4027,1,-0.600006837580775,1.4233688481287003,0.0
4027,2,1.4837004931883178,-0.416331945445819,0.0
4027,3,1.8001855548386636,-0.02192893826254294,0.0
4027,4,-1.3813790403920245,-1.4589892902914101,0.0
4028,0,0.0,0.0,0.0
4028,1,2.1388976710252052,-0.9230144951946988,0.0
4028,2,0.1610503406555821,0.9794858884751994,0.0
4028,3,-1.9121019571673454,0.6410930489487642,0.0
4028,4,-1.170659807557232,1.2419311002753628,0.0
4028,5,-2.617654683592102,-0.20333885271876495,0.0
4028,6,-3.308517832961214,-0.2345748285869842,0.0
4028,7,-3.5653810375275006,-0.02972040693463396,0.0
4029,0,0.0,0.0,0.0
4029,1,0.013604176687452507,-1.1521392909550852,0.0
4029,2,-0.29660841618907724,0.10008978716178119,0.0
4029,3,0.7905285625668151,0.45445618407034005,0.0
4029,4,1.517955849168429,0.32324465508079436,0.0
4030,0,0.0,0.0,0.0
4030,1,-0.1892104071461523,-4.8909181361923135,0.0
4030,2,1.4459797137170451,-3.4083652524976813,0.0
4030,3,0.6463113943663367,-2.050783667520858,0.0
4031,0,0.0,0.0,0.0
4031,1,-0.2546653291876142,1.3171407738345868,0.0
4031,2,0.7668017221846029,3.4931100581773675,0.0
4031,3,1.5862179915404844,1.3351811307326504,0.0
4031,4,2.964487653094089,3.364287616559083,0.0
4032,0,0.0,0.0,0.0
4032,1,-0.8523794220982543,0.1152778687907996,0.0
4032,2,0.9668648676912441,0.7194421398142636,0.0
4032,3,2.2691976729746157,2.8872439733359085,0.0
4033,0,0.0,0.0,0.0
4033,1,0.6425349563450523,-1.2719484171278952,0.0
4033,2,2.2771406395662654,1.0182489800048047,0.0
4033,3,1.76173538466705,-0.047791984803819965,0.0
4033,4,0.9935252883453414,-0.6758327902126668,0.0
4033,5,0.027635729686994237,-1.1164841553955138,0.0
4034,0,0.0,0.0,0.0
4034,1,-2.9517779252425362,1.3473156614073312,0.0
4034,2,-3.3282434149468867,1.1464693426842616,0.0
4035,0,0.0,0.0,0.0
4035,1,1.3225700642890723,-0.9736257007491043,0.0
4035,2,2.0728645832585118,-0.37252448297764307,0.0
4035,3,1.7596494180324038,-0.005556073606777456,0.0
4036,0,0.0,0.0,0.0
4036,1,1.146461351463425,-0.8629254171317612,0.0
4036,2,0.2659848154720545,-1.5750842055125316,0.0
4037,0,0.0,0.0,0.0
4037,1,-0.3747155580296335,-1.1167281311099408,0.0
4037,2,-0.716893824694969,-1.9842081928773339,0.0
4038,0,0.0,0.0,0.0
4038,1,1.5588056070395646,1.2311902591831023,0.0
4038,2,0.2742209253278556,1.028675287792483,0.0
4039,0,0.0,0.0,0.0
4039,1,0.393864068498037,0.02032899476836625,0.0
4039,2,-0.3218490695492733,-0.8583011329702348,0.0
4039,3,-0.17977464151697076,-1.6225309190219894,0.0
4039,4,-2.193373791528696,-3.296252465817606,0.0
4039,5,-3.1836322608899135,-3.0761424325167903,0.0
4040,0,0.0,0.0,0.0
4040,1,0.5800695336194039,-0.3892855939679458,0.0
4040,2,1.3055877689748918,1.1077183829731527,0.0
4040,3,1.2704446295049148,4.683546965409581,0.0
4040,4,0.8619966209093122,-0.759197176012836,0.0
4041,0,0.0,0.0,0.0
4041,1,-1.0890645254737308,-1.1223482610376043,0.0
4041,2,-0.8575217364162078,0.30331965178841036,0.0
4041,3,-0.1872497750286196,0.8342878168232585,0.0
4041,4,1.5708802302444531,1.3760288508212186,0.0
4042,0,0.0,0.0,0.0
4042,1,-1.5006748189497148,2.1564858335760837,0.0
4042,2,0.6318301350281237,2.927582068176175,0.0
4042,3,0.7504268453395407,2.19505010562852,0.0
4043,0,0.0,0.0,0.0
4043,1,1.5515103086075388,-3.3349133153483588,0.0
4043,2,1.3320721350869396,-3.134395561552352,0.0
4043,3,1.0597585707768817,-1.3780209665673695,0.0
4043,4,0.2195048046307586,-2.1680097277656136,0.0
4043,5,2.063239007477505,-0.0304912695602213,0.0
4044,0,0.0,0.0,0.0
4044,1,-0.648120070443915,1.9714154157841075,0.0
4044,2,-0.9719718789137415,1.8464449380451597,0.0
4044,3,-0.8809579757291897,2.671305562392106,0.0
4044,4,0.06132073306725894,2.8999810106205755,0.0
4044,5,1.284266951345724,3.2885422773052593,0.0
4044,6,-0.06087986611901841,4.146528307110767,0.0
4045,0,0.0,0.0,0.0
4045,1,2.9574600331954333,0.35059672202244796,0.0
4045,2,2.448329613744561,-0.3633173345114896,0.0
4045,3,-1.4838143080069202,-0.4057687636349256,0.0
4045,4,-0.6858156496326033,-3.80573860846882,0.0
4046,0,0.0,0.0,0.0
4046,1,2.7935532876751883,1.5206845393156176,0.0
4046,2,1.5740689272619928,2.2265538935172695,0.0
4046,3,0.6291767241575407,1.1355888769788294,0.0
4047,0,0.0,0.0,0.0
4047,1,0.5374556881457322,-1.0958219824654845,0.0
4047,2,-1.406029979560708,2.245235908229975,0.0
4047,3,-1.1193152880828794,3.6876113133371837,0.0
4047,4,-2.255479931332262,2.624157110395447,0.0
4048,0,0.0,0.0,0.0
4048,1,1.1697072500065167,1.7719740878631347,0.0
4048,2,0.3533112479270908,0.08348284806326145,0.0
4048,3,1.491437871896149,1.3247171902462953,0.0
4048,4,0.7023131387633846,-2.0146175399627917,0.0
4049,0,0.0,0.0,0.0
4049,1,-1.36970834881384,1.7469349932500382,0.0
4049,2,-1.0071218998551148,0.8281280985954478,0.0
4049,3,0.26728224668041145,1.331354626893798,0.0
4049,4,-0.4533171295107248,1.6152292118155653,0.0
4050,0,0.0,0.0,0.0
4050,1,-1.6993757106942764,2.0228734535413784,0.0
4050,2,1.108018819775106,0.9121948823867221,0.0
4050,3,0.4160863962561858,2.0784290421257037,0.0
4050,4,-0.5192840600055256,1.984830451600537,0.0
4051,0,0.0,0.0,0.0
4051,1,2.09330396658886,3.259408947991835,0.0
4051,2,2.044431577128894,1.415745489966492,0.0
4051,3,2.003591786636124,1.3322955529736977,0.0
4052,0,0.0,0.0,0.0
4052,1,1.166536379252436,2.830855666429679,0.0
4052,2,3.4679109136906576,0.3877937336521957,0.0
4052,3,1.4399618160229506,-0.4279009382362309,0.0
4053,0,0.0,0.0,0.0
4053,1,-1.9601473492838004,-2.915894830271219,0.0
4053,2,-1.7284074654582278,-1.562315314424299,0.0
4054,0,0.0,0.0,0.0
4054,1,-0.40526931920688847,-3.3322191953536415,0.0
4054,2,0.009149773830790076,-5.447738840160392,0.0
4054,3,1.5574234632615207,-4.1309821538253075,0.0
4054,4,0.09500376716809489,-2.69199997702764,0.0
4054,5,-1.803748912341418,-1.67668469817517,0.0
4054,6,-0.5708596913441332,-2.5839409929039623,0.0
4055,0,0.0,0.0,0.0
4055,1,-1.0804850870406035,0.9020835150274814,0.0
4055,2,-0.5113528537164271,-0.6730839405060655,0.0
4055,3,-0.8287178435210786,0.35573743932111535,0.0
4055,4,0.08365566691140114,-0.37216520695683153,0.0
4055,5,-0.7819568019882523,0.6929126596786734,0.0
4055,6,0.7978322726558448,0.43874504540328096,0.0
4056,0,0.0,0.0,0.0
4056,1,-2.613853066503835,-0.6193714902971992,0.0
4056,2,0.006362499520679132,-0.8032316468209679,0.0
4057,0,0.0,0.0,0.0
4057,1,1.7787582142923553,0.41837670032009266,0.0
4057,2,1.1420488432374185,-0.14065800630209158,0.0
4058,0,0.0,0.0,0.0
4058,1,0.7986534496844759,0.3523082142582723,0.0
4058,2,2.3752930857096732,0.4323669842876474,0.0
4059,0,0.0,0.0,0.0
4059,1,2.290312289070005,0.32062864681985787,0.0
4059,2,2.4498596722243517,2.6404860947530704,0.0
4059,3,1.701372586433475,-0.4069654164177504,0.0
4059,4,5.0738835708127,-2.2346592851964395,0.0
4060,0,0.0,0.0,0.0
4060,1,-0.5909656403070321,-0.6277439663861394,0.0
4060,2,1.0137298431075936,-0.5294987462253368,0.0
4060,3,-1.0690676328377147,-2.303898999522665,0.0
4061,0,0.0,0.0,0.0
4061,1,0.3913527325378092,-0.28865783855994653,0.0
4061,2,1.1543264846249615,-0.7079400492719559,0.0
4062,0,0.0,0.0,0.0
4062,1,1.883414969464646,0.9951439823936234,0.0
4062,2,0.7990643893268263,1.8852598946153543,0.0
4062,3,1.6457006384822757,1.79508374336431,0.0
4062,4,1.367389577788614,2.914835084542695,0.0
4063,0,0.0,0.0,0.0
4063,1,0.5877696164841786,-1.124573729344944,0.0
4063,2,1.3344081068710492,-2.342290557529899,0.0
4063,3,3.425902125284069,-1.709037909154216,0.0
4064,0,0.0,0.0,0.0
4064,1,-0.29809718113184447,0.2317275746937656,0.0
4064,2,1.223341284410074,-0.1047773052245572,0.0
4064,3,0.6460588774724418,-0.47659054634089804,0.0
4064,4,2.21445829673519,0.17475101850610275,0.0
4064,5,3.929729019487288,-1.415626781658632,0.0
4064,6,3.062632468336629,-1.9133967333330495,0.0
4065,0,0.0,0.0,0.0
4065,1,2.3831219323431556,-0.13975349029302875,0.0
4065,2,2.00738573474208,1.1718009635886173,0.0
4065,3,2.6590198391165742,1.7587424728783756,0.0
4066,0,0.0,0.0,0.0
4066,1,-0.030698535594523124,0.41360311883378154,0.0
4066,2,-1.3004649763537786,0.8705366806362735,0.0
4066,3,1.0930293551019261,2.018716752276168,0.0
4067,0,0.0,0.0,0.0
4067,1,3.4335231841189153,2.2791402493410096,0.0
4067,2,3.2758446771419822,2.726310397913883,0.0
4067,3,2.679323265532398,0.738253916067318,0.0
4067,4,4.6276965888619035,-0.25828601245181915,0.0
4067,5,3.922752224699799,0.6446426455931862,0.0
4067,6,4.138885601731216,0.4804133432748413,0.0
4067,7,4.002722762525136,1.871782939367151,0.0
4067,8,4.55198196474785,5.073025382226452,0.0
4068,0,0.0,0.0,0.0
4068,1,0.012490952446964076,-3.023418237649768,0.0
4068,2,-0.10234659336189722,-0.9197221838729395,0.0
4069,0,0.0,0.0,0.0
4069,1,1.557934637276995,1.587034713928219,0.0
4069,2,0.6617325600573634,2.489983621923353,0.0
4069,3,0.41219597916413114,0.0942781677407476,0.0
4070,0,0.0,0.0,0.0
4070,1,2.292449356990254,0.9679839408887232,0.0
4070,2,2.800596557247291,0.17472510922107132,0.0
4070,3,-0.05716664597531462,-0.28291460010567215,0.0
4070,4,0.26865618170778416,-0.6686446733999847,0.0
4071,0,0.0,0.0,0.0
4071,1,0.3629142985546991,0.7894663339213625,0.0
4071,2,-0.8046572788926083,1.4787090161408993,0.0
4071,3,-1.6585979049575128,0.13456330521513826,0.0
4072,0,0.0,0.0,0.0
4072,1,3.335035372983211,0.9487186621317079,0.0
4072,2,2.2855796109389064,-2.3015362790554894,0.0
4073,0,0.0,0.0,0.0
4073,1,0.541439548684161,0.07530660002056622,0.0
4073,2,-0.5139219365699934,-0.521937706638446,0.0
4074,0,0.0,0.0,0.0
4074,1,0.4338424801038639,-1.0149770498680466,0.0
4074,2,2.1547153969714987,-2.8609976565574273,0.0
4074,3,1.1590277623450491,-3.4407150437563887,0.0
4074,4,0.7898264737619363,-3.0645584934155483,0.0
4075,0,0.0,0.0,0.0
4075,1,-0.1793615644042803,-1.5361382126535994,0.0
4075,2,-0.2319474426250583,-4.007242812204952,0.0
4076,0,0.0,0.0,0.0
4076,1,-0.0444301725338081,-0.9914150453204956,0.0
4076,2,0.3290254485259268,-0.3994184989986689,0.0
4076,3,0.22220198534378777,-0.7951964742636692,0.0
4076,4,-1.147159340207754,-1.529031022087718,0.0
4077,0,0.0,0.0,0.0
4077,1,1.003656042649461,-0.39773017759265006,0.0
4077,2,1.1740418218221103,0.37701139100060677,0.0
4078,0,0.0,0.0,0.0
4078,1,-1.5054041623406735,-0.5999467757700949,0.0
4078,2,-2.410616350530458,0.16233632786710317,0.0
4078,3,-0.7648253478800229,1.016522167288484,0.0
4078,4,-3.8115530433633387,1.511872456340834,0.0
4079,0,0.0,0.0,0.0
4079,1,1.4899547271341784,-2.756268453255394,0.0
4079,2,1.159625951828904,-0.1661348379328607,0.0
4079,3,4.9873724347357085,-1.434800121853798,0.0
4079,4,1.5766045922735088,-0.7896527024692113,0.0
4080,0,0.0,0.0,0.0
4080,1,0.2880731647610437,-1.2261536541179776,0.0
4080,2,1.1346166153334807,0.2941715117481129,0.0
4080,3,4.036345689316633,-2.029391157015971,0.0
4080,4,5.144661645754422,-0.1466836981719704,0.0
4081,0,0.0,0.0,0.0
4081,1,1.03969847012109,-0.23457046376237967,0.0
4081,2,0.6079191930344299,-2.4490481163886058,0.0
4082,0,0.0,0.0,0.0
4082,1,-1.5637830210526464,-1.7357851093039602,0.0
4082,2,0.6605772870442741,-3.5042349029651203,0.0
4082,3,1.4460078563233636,-3.403992016344676,0.0
4082,4,2.1281129900163482,-4.953788798587249,0.0
4082,5,1.5667986503916356,-4.406277738139833,0.0
4082,6,1.5299358048413487,-5.875938388028882,0.0
4083,0,0.0,0.0,0.0
4083,1,2.0850139421542746,0.5775056251671362,0.0
4083,2,0.20829311659388194,0.7450226928071819,0.0
4083,3,-1.0738977126903753,0.6330946663454093,0.0
4083,4,-0.4107351699008892,-0.8077802219903285,0.0
4084,0,0.0,0.0,0.0
4084,1,0.9342493906571251,0.48166898553482396,0.0
4084,2,1.7467888120031732,-1.5430540700916593,0.0
4084,3,0.6039799472840538,1.873340896203893,0.0
4085,0,0.0,0.0,0.0
4085,1,-0.4426156693395725,-1.369694019776884,0.0
4085,2,0.26354031396178057,1.1385574671310668,0.0
4086,0,0.0,0.0,0.0
4086,1,0.27202131696221765,0.3898368158450525,0.0
4086,2,0.23419157966786597,0.9610033072066637,0.0
4086,3,2.449842748200843,-0.29133187237328606,0.0
4086,4,2.1211927395709225,-1.904466160271638,0.0
4086,5,1.9719113879269743,-0.21070877374342367,0.0
4086,6,2.173435294918985,-2.631529791110167,0.0
4087,0,0.0,0.0,0.0
4087,1,1.4144026837022612,1.1573926992386578,0.0
4087,2,1.449964538517676,1.2742319989397444,0.0
4087,3,0.5041162434018065,-0.3072576113552595,0.0
4087,4,-1.9511990131132788,1.272595644661145,0.0
4087,5,0.48191578232834154,0.8097562476684501,0.0
4087,6,2.2206190075158307,2.97926328078686,0.0
4088,0,0.0,0.0,0.0
4088,1,-2.2535177483443602,0.22607912580723033,0.0
4088,2,-3.065313887699708,-1.8520110457025756,0.0
4089,0,0.0,0.0,0.0
4089,1,0.07438874627426917,0.1075783980506334,0.0
4089,2,-1.5273896030248002,1.3819274922637859,0.0
4090,0,0.0,0.0,0.0
4090,1,-0.10568076285643546,0.8171295623333191,0.0
4090,2,0.589835888195096,1.138159308334141,0.0
4091,0,0.0,0.0,0.0
4091,1,0.2276739095846096,-0.9881297970334352,0.0
4091,2,-0.2185991719254567,-2.0213969705876518,0.0
4092,0,0.0,0.0,0.0
4092,1,-1.4505008085926276,-0.6515650732677161,0.0
4092,2,-1.232169929848063,0.9564648774892286,0.0
4092,3,-0.6420610885263611,0.9414689004493327,0.0
4093,0,0.0,0.0,0.0
4093,1,-2.0980007570416053,-0.2858667433745681,0.0
4093,2,-2.056412109135271,-0.638083912828699,0.0
4094,0,0.0,0.0,0.0
4094,1,1.6638691105516759,-1.3250253593203873,0.0
4094,2,1.706154271933206,-0.1284573583766786,0.0
4095,0,0.0,0.0,0.0
4095,1,0.40392990475267043,0.019292659667102502,0.0
4095,2,-0.5112509249318783,-0.654807653519027,0.0
4095,3,0.9590545447054567,1.8129194674533875,0.0
4096,0,0.0,0.0,0.0
4096,1,-1.3648975183824854,1.9780582528956805,0.0
4096,2,0.28041360926451997,0.5854354151875099,0.0
4096,3,-1.2987843790569409,1.0615427495855851,0.0
4097,0,0.0,0.0,0.0
4097,1,-0.3576869081426137,-0.46170896778998105,0.0
4097,2,2.013707046733708,-0.5898864224304273,0.0
4098,0,0.0,0.0,0.0
4098,1,-1.3670037311237073,0.6680417740434601,0.0
4098,2,2.7426739420843647,-2.291395884660316,0.0
4098,3,2.805222080337392,0.7527790851710576,0.0
4098,4,2.3605636063984967,0.7311807014016674,0.0
4098,5,3.7142994841467925,2.367953473403648,0.0
4098,6,1.9089197819318873,1.1071795523668042,0.0
4098,7,3.1832453569228303,1.547984412329831,0.0
4099,0,0.0,0.0,0.0
4099,1,-1.068818302922078,-0.48572809995736477,0.0
4099,2,-0.5665340739409088,-0.8037869699794935,0.0
4100,0,0.0,0.0,0.0
4100,1,0.5925781414189618,-0.23535223580507925,0.0
4100,2,1.4868753280184852,-1.930234610476397,0.0
4101,0,0.0,0.0,0.0
4101,1,-0.582903858840247,-0.173464371082535,0.0
4101,2,-1.768498058424301,0.8816037568063324,0.0
4101,3,0.23910354338312756,0.2979224397260585,0.0
4101,4,0.29212203176925267,1.7127892504076423,0.0
4101,5,0.5585917874129173,1.8115397815286005,0.0
4101,6,2.0014057505212093,-0.7432365504461884,0.0
4101,7,1.7498106235589486,-1.7360664052944852,0.0
4101,8,-0.6232895088692866,-1.455303766103307,0.0
4101,9,-1.9372845040436681,-1.0431022625679471,0.0
4102,0,0.0,0.0,0.0
4102,1,1.8110762436588668,1.5453739887236901,0.0
4102,2,0.5908528329353276,1.8719599993282983,0.0
4103,0,0.0,0.0,0.0
4103,1,1.2665758440805703,0.5851161671986413,0.0
4103,2,0.6487542000068558,1.1889555286530733,0.0
4103,3,2.4510603387156986,3.0357553634092493,0.0
4103,4,1.8190991374412582,2.6309052732946894,0.0
4104,0,0.0,0.0,0.0
4104,1,1.0048198892259816,2.6374994513605734,0.0
4104,2,0.5841536543126851,0.34607819883106666,0.0
4104,3,0.8152760490161208,0.869041217037072,0.0
4104,4,2.2636596376303144,0.777645266631076,0.0
4105,0,0.0,0.0,0.0
4105,1,-0.1527847838325573,1.043912621805906,0.0
4105,2,0.49203734018148715,1.6557615758151991,0.0
4105,3,-1.1571813327288059,-0.22488547393650715,0.0
4105,4,-2.2575902214841443,-0.9761579323374137,0.0
4106,0,0.0,0.0,0.0
4106,1,-1.4043609194388553,-0.2034323106313224,0.0
4106,2,-2.235605319349887,0.6124721008972133,0.0
4106,3,-1.7872142997118838,-1.7143309726171196,0.0
4107,0,0.0,0.0,0.0
4107,1,1.4050572848243204,-0.5024429133884755,0.0
4107,2,-1.515108004300604,-2.5045970244078473,0.0
4107,3,1.6919504835858281,-1.599068296510354,0.0
4107,4,2.6684234493826975,-2.337506676421285,0.0
4107,5,1.9720519957271194,-2.3477566495472635,0.0
4107,6,2.948158774131968,-2.5226342162816264,0.0
4107,7,3.3296612428213233,-2.414255006792783,0.0
4107,8,0.38707378852648544,-3.3082128139090683,0.0
4107,9,1.2328611779793208,-1.9652939247843995,0.0
4107,10,2.3212116523771953,-1.772599641964757,0.0
4107,11,2.66094585304652,-0.4701251238325768,0.0
4107,12,0.38172852731839546,-0.13007928069589947,0.0
4108,0,0.0,0.0,0.0
4108,1,0.9207227319331055,0.43939466683288697,0.0
4108,2,0.2849357080141899,1.7030448597757948,0.0
4109,0,0.0,0.0,0.0
4109,1,1.1117542648434335,1.3996144465218916,0.0
4109,2,-0.5138864792179585,4.233792259340174,0.0
4109,3,-1.9260285937033348,3.8737929964546707,0.0
4110,0,0.0,0.0,0.0
4110,1,2.9695145351853203,-1.7075465529632305,0.0
4110,2,0.10351366070407364,0.26575835925982183,0.0
4111,0,0.0,0.0,0.0
4111,1,2.7306710349298173,0.9299795186339745,0.0
4111,2,0.6882054572578511,0.5141927115311513,0.0
4111,3,2.1914678574883353,-0.26435884193242476,0.0
4112,0,0.0,0.0,0.0
4112,1,0.4389184386332059,-1.6689015508915057,0.0
4112,2,1.3673771189189743,-0.7622983781603602,0.0
4113,0,0.0,0.0,0.0
4113,1,1.788718645004044,0.22241999237596644,0.0
4113,2,2.8624492339876646,0.5196503565447901,0.0
4113,3,2.3361748870305026,2.3197303095733908,0.0
4114,0,0.0,0.0,0.0
4114,1,-1.017647381094224,0.68031657685052,0.0
4114,2,-0.5310071463092751,0.10382338444407668,0.0
4114,3,-1.6378275482917317,-0.15325751812379018,0.0
4114,4,1.361398176233041,1.0143568131554286,0.0
4114,5,-0.3398436040759343,1.481973123657938,0.0
4114,6,-0.6187494178151889,0.16307324010066038,0.0
4114,7,0.5857948159040065,-0.46928742341295004,0.0
4115,0,0.0,0.0,0.0
4115,1,-0.08426890277260257,3.9190316092276065,0.0
4115,2,1.8860336876157082,4.66271574059976,0.0
4116,0,0.0,0.0,0.0
4116,1,1.5357484340357812,-0.2074537699259129,0.0
4116,2,0.7527168375766544,0.46784192943527914,0.0
4116,3,-1.145676915153731,3.351379102945132,0.0
4116,4,0.49866123094256104,3.1372278447441104,0.0
4116,5,1.287797398468096,0.7062709879465909,0.0
4116,6,0.09179964212996777,2.8404729024830946,0.0
4116,7,0.4632463246186677,3.301598117314823,0.0
4116,8,0.18760303700219438,3.391746375629145,0.0
4117,0,0.0,0.0,0.0
4117,1,-1.5182340303279485,-1.4742785685609732,0.0
4117,2,0.08483015655763176,-1.0180207643108365,0.0
4117,3,-1.445417217373518,-0.47861501141983553,0.0
4118,0,0.0,0.0,0.0
4118,1,-0.9157819125649458,-3.7510687443719237,0.0
4118,2,-1.0316634016967634,-1.9729007814336872,0.0
4118,3,-1.9862509585995325,-1.7528763763027453,0.0
4119,0,0.0,0.0,0.0
4119,1,-0.4130149452152275,-0.9873750513131632,0.0
4119,2,-0.8064763867026473,-3.096849256519687,0.0
4120,0,0.0,0.0,0.0
4120,1,-0.4016700285765795,1.8929660922672842,0.0
4120,2,0.49399040527067417,0.311333605573922,0.0
4120,3,-0.3502537901243077,0.8598396648768197,0.0
4121,0,0.0,0.0,0.0
4121,1,-0.838077231339143,-0.9021214581111825,0.0
4121,2,-0.33187053096588615,-1.9314074426427768,0.0
4122,0,0.0,0.0,0.0
4122,1,2.2875564791347687,-0.5347121635011315,0.0
4122,2,-1.9019805713444233,-0.8728409237562285,0.0
4122,3,-0.739074146331285,-0.5578069042559433,0.0
4123,0,0.0,0.0,0.0
4123,1,-0.7176214247638883,0.4455749210554768,0.0
4123,2,-0.27398407409447945,0.11753238099697921,0.0
4124,0,0.0,0.0,0.0
4124,1,-0.5084270696160598,-0.5258320100132652,0.0
4124,2,-0.9011883196562511,-0.27032970662408795,0.0
4124,3,0.3701287485209923,-0.5843302742979439,0.0
4124,4,3.436672796138531,-0.14243545367697452,0.0
4125,0,0.0,0.0,0.0
4125,1,-3.305393972522837,3.4269252156531893,0.0
4125,2,-2.669054905480066,2.2847269983764433,0.0
4126,0,0.0,0.0,0.0
4126,1,-1.1644442035480858,-2.3152174687742333,0.0
4126,2,-1.961354818554285,0.14025898450657914,0.0
4126,3,-2.0692460414570677,-1.0979530117591163,0.0
4127,0,0.0,0.0,0.0
4127,1,0.4133427179926601,-1.1783368167385329,0.0
4127,2,2.317116207160683,-0.649345125680586,0.0
4127,3,3.686824543164449,-0.9198025654938109,0.0
4128,0,0.0,0.0,0.0
4128,1,1.5228711755950195,-2.9545720935565587,0.0
4128,2,2.1356155860357218,-2.2713982560796357,0.0
4129,0,0.0,0.0,0.0
4129,1,0.2131229929181997,1.2518902139350674,0.0
4129,2,-0.7769567709909697,1.501915204183506,0.0
4130,0,0.0,0.0,0.0
4130,1,1.2546398206275404,0.0552394796686394,0.0
4130,2,2.5379600592421396,-0.966662503431284,0.0
4130,3,2.9448716467775857,-3.38933640932788,0.0
4130,4,1.5960637995722329,-0.7867758418238596,0.0
4130,5,1.3923245760239706,-2.453838270475368,0.0
4130,6,0.7288538729772452,-0.16537585141249178,0.0
4130,7,0.6934720416456377,1.1364822536137829,0.0
4130,8,1.9980032580117544,0.24293840748688822,0.0
4131,0,0.0,0.0,0.0
4131,1,1.2527035534399915,-0.18208300820842585,0.0
4131,2,2.6850888589466524,1.8175373668527723,0.0
4132,0,0.0,0.0,0.0
4132,1,-2.053007447426317,-0.10661623008614685,0.0
4132,2,-1.2266700071900796,-0.355344449313725,0.0
4132,3,-1.9588337247352872,-1.3597616022123535,0.0
4132,4,-2.097857082575942,-1.2080031462872958,0.0
4133,0,0.0,0.0,0.0
4133,1,1.1175484947716439,1.008603907239081,0.0
4133,2,-0.30604484496261253,1.1365023560076843,0.0
4134,0,0.0,0.0,0.0
4134,1,-2.656851485056594,-2.473428956613967,0.0
4134,2,0.2912824884292924,-2.85500664376222,0.0
4135,0,0.0,0.0,0.0
4135,1,0.32459287898272093,1.8515799357815947,0.0
4135,2,0.22629346106158765,2.5029286076892103,0.0
4136,0,0.0,0.0,0.0
4136,1,-0.053309921632804236,-1.0771299657155944,0.0
4136,2,-1.2432640731842572,0.4936110288115818,0.0
4137,0,0.0,0.0,0.0
4137,1,-0.7287749345949293,-1.019196590151085,0.0
4137,2,-0.05761885199228822,-0.41337488996666805,0.0
4138,0,0.0,0.0,0.0
4138,1,-1.6196889385059485,1.2408510687643974,0.0
4138,2,-1.6914618646180413,1.1137549615346776,0.0
4139,0,0.0,0.0,0.0
4139,1,0.5539817468140436,0.8817027998602011,0.0
4139,2,0.9175833009448879,-0.48413299103802665,0.0
4140,0,0.0,0.0,0.0
4140,1,-0.11036278674231625,0.7135225079821482,0.0
4140,2,-1.4423332660671186,-0.23266390971648793,0.0
4141,0,0.0,0.0,0.0
4141,1,0.9287713834837557,-2.401109292821419,0.0
4141,2,1.5873311141160598,0.4002588802673186,0.0
4142,0,0.0,0.0,0.0
4142,1,0.22937149841495064,-0.9896111856722927,0.0
4142,2,0.5762331660230119,0.24524245325779015,0.0
4142,3,0.5143384793091677,-0.005086089510257796,0.0
4143,0,0.0,0.0,0.0
4143,1,-1.6279281709885574e-05,-1.7335108047260803,0.0
4143,2,0.5038990405769403,0.018293631649704878,0.0
4143,3,-0.6149162785194209,-0.6536574424560753,0.0
4143,4,1.3367623793699026,1.4164056925149016,0.0
4143,5,0.4874310219052425,-0.3726583592684991,0.0
4144,0,0.0,0.0,0.0
4144,1,-0.7819417549706508,-0.808529638850777,0.0
4144,2,-1.4034804793173183,-1.1543469389637122,0.0
4144,3,-2.7034716601660818,-2.5018787416140285,0.0
4144,4,-1.5653830952728596,0.11376091090981055,0.0
4145,0,0.0,0.0,0.0
4145,1,0.6178456455695762,-0.5043648616113958,0.0
4145,2,0.9961585740399157,-0.053175644414392265,0.0
4146,0,0.0,0.0,0.0
4146,1,2.4413280570582856,-1.2003965352151706,0.0
4146,2,0.8382391519721428,1.6000041279507347,0.0
4147,0,0.0,0.0,0.0
4147,1,0.2970502827732747,-1.0798313614658213,0.0
4147,2,0.15170032268472966,-1.320192416849185,0.0
4147,3,0.9979048272318655,-1.1401289690365175,0.0
4147,4,1.1923260189563334,-0.19287912221317827,0.0
4147,5,-0.14108671182760946,-0.7870759183696001,0.0
4148,0,0.0,0.0,0.0
4148,1,-2.498504217070251,-3.3403842333458766,0.0
4148,2,-3.669986740571182,-3.9026224080166063,0.0
4148,3,-2.961041855926763,-1.9137533301085292,0.0
4149,0,0.0,0.0,0.0
4149,1,1.8216705552723258,0.7616151364830215,0.0
4149,2,-0.11029457829364664,0.22795849613790575,0.0
4149,3,-1.7205431209705127,-0.5020462949272609,0.0
4149,4,-0.759941762714899,1.5936918150815464,0.0
4150,0,0.0,0.0,0.0
4150,1,-2.468024405155966,-0.3797529387752878,0.0
4150,2,-2.054733262887621,-1.7747996246730613,0.0
4150,3,0.10177033428889748,-1.6809237438443767,0.0
4150,4,-1.1734215519930582,-0.12263518950326846,0.0
4150,5,0.33077156710906463,1.4210116487196096,0.0
4151,0,0.0,0.0,0.0
4151,1,-1.7368598960302353,-1.8668310473019891,0.0
4151,2,0.2635585564909402,-0.6665335124023182,0.0
4151,3,-0.5842257283488793,-1.682117606543534,0.0
4151,4,0.5019414358861468,-5.05449817573775,0.0
4151,5,0.8268881983176245,-3.0986170565625457,0.0
4152,0,0.0,0.0,0.0
4152,1,-0.3542699167279453,1.4062028730467266,0.0
4152,2,-2.2625705562247855,-0.4912063288802273,0.0
4152,3,-2.596018893061329,2.0336411804674466,0.0
4153,0,0.0,0.0,0.0
4153,1,-2.5561359704521567,-1.800476221530419,0.0
4153,2,-0.9658412521841121,-2.336901153985021,0.0
4154,0,0.0,0.0,0.0
4154,1,0.8249010066703653,2.069062404380812,0.0
4154,2,-0.6343286677732154,0.8924703411133574,0.0
4155,0,0.0,0.0,0.0
4155,1,-0.5988457026768406,-1.323493755826202,0.0
4155,2,-1.12462870986595,-1.5125885119832083,0.0
4156,0,0.0,0.0,0.0
4156,1,-0.519318958246552,-3.1420144389432076,0.0
4156,2,0.06904586780862187,-1.6953293278148773,0.0
4157,0,0.0,0.0,0.0
4157,1,1.054376339790812,-0.2636628016359559,0.0
4157,2,0.1512763104761381,0.4691037938333862,0.0
4157,3,-0.4440228189750661,1.4374910810320403,0.0
4158,0,0.0,0.0,0.0
4158,1,1.5616018495691248,0.013861196660961528,0.0
4158,2,2.8095567741508813,0.2295291819921732,0.0
4158,3,3.872538562971807,0.8287631188427037,0.0
4159,0,0.0,0.0,0.0
4159,1,1.793248888353624,0.8686975187575399,0.0
4159,2,1.1865248025473132,2.137274581344898,0.0
4159,3,1.18058925149916,1.7025270897047988,0.0
4159,4,1.3862308228511404,3.0171338294865784,0.0
4159,5,1.606617241761272,1.8288381992083058,0.0
4159,6,-0.7290966264754684,3.1009778302499234,0.0
4160,0,0.0,0.0,0.0
4160,1,-1.3379056173984,-1.6474272940091126,0.0
4160,2,1.0594540473003011,-3.652595295540066,0.0
4161,0,0.0,0.0,0.0
4161,1,-0.654093712418139,1.5697102492049222,0.0
4161,2,0.3420687830918059,1.7879452834217608,0.0
4161,3,-1.035818087973922,-0.7005827309318979,0.0
4162,0,0.0,0.0,0.0
4162,1,0.5361702384318884,-0.16872134653118306,0.0
4162,2,-0.6676082225638675,-0.6335859279571108,0.0
4163,0,0.0,0.0,0.0
4163,1,-1.5118115819701383,0.6539925812414653,0.0
4163,2,0.4701496027626886,-0.6992323578596964,0.0
4163,3,0.032690790607483144,-0.6243321165895672,0.0
4163,4,0.25229423028691067,-0.7732008857010526,0.0
4163,5,-0.6050399871431889,-0.26987803542424293,0.0
4164,0,0.0,0.0,0.0
4164,1,1.299007903331081,-0.23182358693621263,0.0
4164,2,1.403609496665268,-0.08053789550966184,0.0
4165,0,0.0,0.0,0.0
4165,1,0.10301591698141602,-1.179413072415286,0.0
4165,2,-0.058645844394381585,1.5869977205723886,0.0
4166,0,0.0,0.0,0.0
4166,1,0.1521013552207931,-0.5651837432034708,0.0
4166,2,0.034275306790949644,-0.9232483366868183,0.0
4167,0,0.0,0.0,0.0
4167,1,0.5387143957438665,-0.04518928310965942,0.0
4167,2,0.4823470413601052,-3.0891678293358167,0.0
4167,3,0.1466654545522894,-0.4839209552081538,0.0
4168,0,0.0,0.0,0.0
4168,1,0.5502515647195478,-1.5095255276406565,0.0
4168,2,1.6375142631485806,1.22101097640852,0.0
4169,0,0.0,0.0,0.0
4169,1,-0.9913428733712811,1.7137380409150222,0.0
4169,2,-0.6019202070579209,1.463079980966767,0.0
4169,3,-2.317856160868495,1.7352808169084202,0.0
4169,4,-4.302979159872842,1.442155486237243,0.0
4170,0,0.0,0.0,0.0
4170,1,-2.8263149747807974,0.9840032898492521,0.0
4170,2,-0.5572526772434075,0.9519186209375508,0.0
4171,0,0.0,0.0,0.0
4171,1,1.051103101680228,0.03457389565050195,0.0
4171,2,2.4073164584657043,2.625267839430301,0.0
4172,0,0.0,0.0,0.0
4172,1,-0.3715367037344701,2.2184024275739707,0.0
4172,2,0.02451770496536909,3.5333714457043897,0.0
4172,3,1.4859056928401282,2.49272771134083,0.0
4172,4,1.0337921502930962,2.5204781865085595,0.0
4172,5,0.5933442784173839,1.2034388709976498,0.0
4173,0,0.0,0.0,0.0
4173,1,-1.0151833877122516,1.0795447931627375,0.0
4173,2,-2.514336917261661,2.4329239582588693,0.0
4173,3,-1.1728932873484914,0.4861142178275739,0.0
4174,0,0.0,0.0,0.0
4174,1,1.763988848677654,0.5668490334754792,0.0
4174,2,0.43321372291579086,1.3170440440979023,0.0
4175,0,0.0,0.0,0.0
4175,1,1.0788069687864805,-3.317621736896932,0.0
4175,2,1.984860930253486,-2.7397490234194164,0.0
4175,3,1.8424766398351393,-4.300078451653013,0.0
4175,4,0.9187312183687955,-2.2167834403994826,0.0
4176,0,0.0,0.0,0.0
4176,1,-0.37332457310936995,0.25870333044842453,0.0
4176,2,0.5352547598139468,-0.18553149679447745,0.0
4177,0,0.0,0.0,0.0
4177,1,-1.187816300348155,0.29964756718088964,0.0
4177,2,-2.5831418500817627,1.0012360139199095,0.0
4177,3,-3.0459078202956444,0.8581530281902775,0.0
4178,0,0.0,0.0,0.0
4178,1,1.5646775457361528,-1.2060980963114223,0.0
4178,2,2.018598178006244,-0.3804582100359344,0.0
4179,0,0.0,0.0,0.0
4179,1,-0.5025138772049742,-2.866599673954031,0.0
4179,2,-1.2336797538324773,-1.634551603398017,0.0
4180,0,0.0,0.0,0.0
4180,1,0.8531522558317868,-0.6580150924618637,0.0
4180,2,-4.455736709619642,-0.14758125078326767,0.0
4181,0,0.0,0.0,0.0
4181,1,0.8924992290417602,0.5796304962222842,0.0
4181,2,2.1240461775040753,0.8585267534838541,0.0
4181,3,3.788486280020501,-0.5350798917663964,0.0
4181,4,4.264644175405747,1.487841527991937,0.0
4181,5,3.789805910559523,-0.9571496900608658,0.0
4182,0,0.0,0.0,0.0
4182,1,-0.13712061640798345,1.0830958409116185,0.0
4182,2,-0.3975439740718645,0.22902887822629825,0.0
4182,3,-0.16595678286044446,1.1407313610547933,0.0
4183,0,0.0,0.0,0.0
4183,1,-1.9303705912856333,-0.8456616223873763,0.0
4183,2,-3.9483461612186077,-2.1571569368615036,0.0
4183,3,-3.806164482624498,-0.6493378377710555,0.0
4183,4,-3.7630049691541947,-1.8444954694955642,0.0
4183,5,-1.6523164824573542,-1.7755075908048379,0.0
4183,6,-0.8373591416821644,-0.36117303383005095,0.0
4183,7,-0.35462280509250954,0.9366952697261948,0.0
4183,8,-0.38888106934077715,0.3995989303714619,0.0
4183,9,-1.5829133387057202,-0.25431229458200844,0.0
4183,10,0.13318193250939947,-0.2208752260394058,0.0
4183,11,-4.885939229488825,-1.1897804971420396,0.0
4183,12,-4.417890432961634,-2.3323613940808423,0.0
4183,13,-4.596723224092175,-1.7661226010053952,0.0
4184,0,0.0,0.0,0.0
4184,1,-0.5221965417078738,-0.6471746267925875,0.0
4184,2,-0.3908912583572047,-0.0256400616342225,0.0
4184,3,-0.3401121916739037,1.0166348151216853,0.0
4184,4,-0.9032720789198275,2.5448511586879636,0.0
4184,5,-3.5038191616501924,2.856471785681967,0.0
4184,6,-2.67962296317669,2.3523515134894315,0.0
4184,7,-3.8127022185871993,0.027244609650388663,0.0
4185,0,0.0,0.0,0.0
4185,1,-0.40600597590744547,1.4054010326196067,0.0
4185,2,-2.0431450657462333,0.18446896113353972,0.0
4186,0,0.0,0.0,0.0
4186,1,1.5484823599851072,0.7369903060571754,0.0
4186,2,0.6161454976994821,1.4579954150721834,0.0
4187,0,0.0,0.0,0.0
4187,1,-0.016207064549410344,1.3645449200055466,0.0
4187,2,-0.7373727162419601,-0.9291962755204242,0.0
4188,0,0.0,0.0,0.0
4188,1,-0.5017364326216047,1.6282616672465415,0.0
4188,2,-0.347368574066008,1.4200042463496911,0.0
4189,0,0.0,0.0,0.0
4189,1,1.9948616590278294,-1.1796518630223627,0.0
4189,2,1.5473030552927334,-4.884476772873331,0.0
4190,0,0.0,0.0,0.0
4190,1,-0.1933218099762124,0.38050428537335956,0.0
4190,2,1.5980627368042832,0.031431954841428134,0.0
4190,3,0.8500675112167451,-0.21089257761450497,0.0
4191,0,0.0,0.0,0.0
4191,1,-1.3305136330811704,-0.8213171502475021,0.0
4191,2,-2.4345251295655492,-0.9075753705995402,0.0
4192,0,0.0,0.0,0.0
4192,1,0.22704745366914914,-1.6873008485392869,0.0
4192,2,0.5025227420676357,-0.19809480824227224,0.0
4192,3,0.9198412736299613,-2.9096763515720845,0.0
4193,0,0.0,0.0,0.0
4193,1,-1.8072561322784257,2.031839604625301,0.0
4193,2,-2.765910093632284,1.6957252840266994,0.0
4193,3,-0.39865624642995223,2.8023784170936814,0.0
4193,4,-0.7904961942541023,2.3878064641753896,0.0
4193,5,1.6553883893373729,3.456328202512197,0.0
4193,6,0.0793129579648656,5.584128743051977,0.0
4194,0,0.0,0.0,0.0
4194,1,0.543667202753887,0.7493933260137757,0.0
4194,2,-1.152036557456215,-0.6318628243396363,0.0
4194,3,-2.5943433403299005,-0.44715170092649204,0.0
4194,4,-1.911697925115124,-0.585881302385881,0.0
4194,5,-1.183363431411027,1.096250571897088,0.0
4194,6,-1.9670333036025076,1.0371661697302643,0.0
4195,0,0.0,0.0,0.0
4195,1,1.8993892490950293,0.6784565452082929,0.0
4195,2,1.4395967149389408,0.9181130876049397,0.0
4195,3,3.044328280452012,0.167923072552066,0.0
4195,4,0.4952746088762444,0.18796526467927263,0.0
4195,5,2.0993361905729655,-1.7278535898529823,0.0
4195,6,1.4168704196393689,-2.0565371067436717,0.0
4196,0,0.0,0.0,0.0
4196,1,-0.04324612415944595,1.5752105461413208,0.0
4196,2,0.7575551833065906,3.522407696555436,0.0
4197,0,0.0,0.0,0.0
4197,1,-0.2609089843048844,2.7084721801243736,0.0
4197,2,-0.9466295849388311,5.267418749044512,0.0
4197,3,0.9979489851387393,3.6168281409329275,0.0
4197,4,0.8659284872629596,1.3008085497387267,0.0
4198,0,0.0,0.0,0.0
4198,1,0.6414933609902196,0.7720828479963391,0.0
4198,2,-0.4300022480149561,1.7313694196003535,0.0
4198,3,0.833766096065099,-1.26438688071467,0.0
4198,4,2.630484359642299,0.5797972335725672,0.0
4198,5,2.8493384750666384,1.9195697053787284,0.0
4198,6,2.914180919378447,3.9209081073099683,0.0
4198,7,2.3081877720631874,2.5527972568303627,0.0
4198,8,2.416411344935237,1.5852754847801243,0.0
4198,9,3.6294666079125513,4.870575962789051,0.0
4199,0,0.0,0.0,0.0
4199,1,0.3872093119068463,-2.640369090936301,0.0
4199,2,-0.6057795846225935,-1.805901601626661,0.0
4199,3,-1.9361499127106574,-1.1616170621855046,0.0
4200,0,0.0,0.0,0.0
4200,1,-1.2750564022985322,0.2248832159114041,0.0
4200,2,-0.3898766056299633,0.6656930919044095,0.0
4200,3,0.5989438445731383,-0.30248834282939036,0.0
4200,4,-0.9474388012650448,-0.37424636578101317,0.0
4200,5,-2.1647738000277847,0.26877306557950836,0.0
4201,0,0.0,0.0,0.0
4201,1,-1.1731547027174571,-0.35073052032937857,0.0
4201,2,-1.3477967425953035,-0.5151959911400091,0.0
4201,3,-2.293714010880123,-0.7052266783164408,0.0
4202,0,0.0,0.0,0.0
4202,1,-2.448486598444433,4.859265140130328,0.0
4202,2,-0.8384017323519715,3.87808539244604,0.0
4203,0,0.0,0.0,0.0
4203,1,1.6637784584078386,0.8398895027798317,0.0
4203,2,2.6425373262752196,0.8523552301263096,0.0
4203,3,5.254354019698409,2.6595181265476295,0.0
4204,0,0.0,0.0,0.0
4204,1,0.5678969660142037,-0.8217037356639766,0.0
4204,2,-0.24729664919981853,0.06290544238597462,0.0
4204,3,-1.8999478611149556,-0.7694571537427336,0.0
4204,4,-0.03727667426945036,-3.864788553568648,0.0
4204,5,-0.7697851393856877,0.5908212205904478,0.0
4205,0,0.0,0.0,0.0
4205,1,-0.503432335861191,-2.3942197265099923,0.0
4205,2,0.12113432024028592,-1.5073704848598575,0.0
4205,3,2.5615314132262585,-4.269938055717749,0.0
4205,4,1.0605433690574428,-4.088826730907078,0.0
4206,0,0.0,0.0,0.0
4206,1,0.9325894631183811,0.9609927014413258,0.0
4206,2,-0.7428176596409239,-0.46586689126658776,0.0
4206,3,-0.7733965196101846,-1.1766811908827643,0.0
4207,0,0.0,0.0,0.0
4207,1,1.6447490803875386,0.4503734615461923,0.0
4207,2,1.5552195898030596,-0.4168427993777688,0.0
4207,3,2.422772191365217,1.742796798450947,0.0
4208,0,0.0,0.0,0.0
4208,1,-0.9709032795503745,-0.017301498605563737,0.0
4208,2,-1.1721554038974153,1.6446875549303783,0.0
4208,3,1.765766853350246,-0.06258515208151394,0.0
4209,0,0.0,0.0,0.0
4209,1,-1.1849759482157953,2.135524090554752,0.0
4209,2,0.8892979911363836,0.5138956359885659,0.0
4210,0,0.0,0.0,0.0
4210,1,-0.06890365598352166,0.7535398417539114,0.0
4210,2,0.7361710150892151,0.19058628876671305,0.0
4210,3,2.192908230415386,-1.1780814456839792,0.0
4210,4,1.959982690274608,-2.731915660093274,0.0
4210,5,2.896920565528549,-2.498800055274249,0.0
4211,0,0.0,0.0,0.0
4211,1,2.004737266986764,1.3247212347746955,0.0
4211,2,-0.063343651660003,1.8135871780521444,0.0
4211,3,-0.8859447689045439,2.573148752398904,0.0
4211,4,0.6501817902332949,4.8040374631957405,0.0
4211,5,1.5328705128439994,7.2515952000872295,0.0
4212,0,0.0,0.0,0.0
4212,1,0.12100254004151179,1.5889606505733294,0.0
4212,2,0.5317674790025253,0.6187401513167387,0.0
4212,3,-1.8078815977419904,1.423004826462173,0.0
4212,4,-0.4072955672719869,-0.3581358100091028,0.0
4212,5,-1.1753758471113358,1.468354599327391,0.0
4213,0,0.0,0.0,0.0
4213,1,-0.6364543749607623,0.9413918989215917,0.0
4213,2,1.3348005589763934,0.9323088738803802,0.0
4214,0,0.0,0.0,0.0
4214,1,-0.13544586529757785,2.1417669845282683,0.0
4214,2,-0.302050205849995,0.5350695734739908,0.0
4214,3,2.021404228128607,-0.6137855429532035,0.0
4215,0,0.0,0.0,0.0
4215,1,-0.7921756023932156,0.5565367114819448,0.0
4215,2,-2.336949912314928,1.9184341902723645,0.0
4216,0,0.0,0.0,0.0
4216,1,-1.4978231678989542,-1.5324901599517595,0.0
4216,2,-2.35581948218943,0.38183081135447017,0.0
4217,0,0.0,0.0,0.0
4217,1,-2.158454631873469,0.7744950280171976,0.0
4217,2,-0.14454833603939726,1.4839445475542143,0.0
4218,0,0.0,0.0,0.0
4218,1,0.9125094933790991,-2.5533930079535314,0.0
4218,2,1.2976492896572527,-1.3190065033642608,0.0
4218,3,2.597086250102423,-1.0457790127759787,0.0
4218,4,-0.1120972763043373,0.3502866704203624,0.0
4218,5,-0.5875752354082528,-1.1312869627634297,0.0
4218,6,1.1538301221971394,-0.5899009119690475,0.0
4218,7,0.8893371042742599,0.08106537692865973,0.0
4218,8,2.6268238690410275,0.9594627661216188,0.0
4218,9,2.941017475681284,-0.5080189645368149,0.0
4219,0,0.0,0.0,0.0
4219,1,-0.38669931787457656,0.48305274713502017,0.0
4219,2,-3.283260900254316,-0.5499272959316321,0.0
4219,3,-3.9284097112514114,-2.2428119253153436,0.0
4219,4,-1.3429541186712328,-0.5802355997480959,0.0
4220,0,0.0,0.0,0.0
4220,1,-0.6087685144510525,0.587926670642398,0.0
4220,2,0.08989298074344942,0.5824711433041094,0.0
4221,0,0.0,0.0,0.0
4221,1,-0.9875258762166634,1.9802388001452766,0.0
4221,2,0.14279289892061042,1.6816951381285787,0.0
4221,3,1.1427975911648882,2.4502555069207546,0.0
4222,0,0.0,0.0,0.0
4222,1,-0.3600224031915875,-1.4876989745042875,0.0
4222,2,4.205015790849778,0.9552965403594272,0.0
4223,0,0.0,0.0,0.0
4223,1,1.4191300850151092,1.126428237098065,0.0
4223,2,-0.7498040928690557,2.8118884002258753,0.0
4224,0,0.0,0.0,0.0
4224,1,-1.4712803569906596,0.46200030859920216,0.0
4224,2,-1.514650713822453,0.4922838934477548,0.0
4225,0,0.0,0.0,0.0
4225,1,1.0537418342907265,3.512043158145534,0.0
4225,2,1.6462516647817065,0.9739657513111828,0.0
4225,3,0.8565920396821268,2.490904566061467,0.0
4225,4,1.9498831821512823,2.7020645585109615,0.0
4225,5,1.5584676701790154,2.974057567751119,0.0
4226,0,0.0,0.0,0.0
4226,1,0.6641706374741345,1.6748602432565092,0.0
4226,2,-0.6061742851965162,2.513547168233165,0.0
4226,3,1.1610897485885974,1.8700458211326079,0.0
4226,4,2.082013148637231,2.6338782948394295,0.0
4226,5,2.849012428185724,3.6931960509031487,0.0
4227,0,0.0,0.0,0.0
4227,1,-0.35648918541859187,-0.0007433788222463988,0.0
4227,2,-1.766810405989593,-0.0743883351167618,0.0
4228,0,0.0,0.0,0.0
4228,1,-0.40328026166305275,0.10231360022747826,0.0
4228,2,1.8644828405645129,-2.63479208314752,0.0
4229,0,0.0,0.0,0.0
4229,1,1.1117424566496616,-0.8867011211970438,0.0
4229,2,-2.453235231113755,-0.7355082566514012,0.0
4230,0,0.0,0.0,0.0
4230,1,0.6571436577107725,-0.5426190533467017,0.0
4230,2,-1.7247237576348957,-0.43331620425131057,0.0
4230,3,-0.31374342314790216,-1.0931225302385963,0.0
4230,4,0.44610854885713014,-2.307366968611688,0.0
4231,0,0.0,0.0,0.0
4231,1,-1.528238024670863,0.7558914614395181,0.0
4231,2,-1.4486073072934453,-0.5921224588508355,0.0
4232,0,0.0,0.0,0.0
4232,1,1.2133265713244057,1.6380341428461438,0.0
4232,2,1.0127418155693602,1.0065428389019972,0.0
4233,0,0.0,0.0,0.0
4233,1,0.2345533605989062,1.0404195782097256,0.0
4233,2,1.350341680168458,0.3445237387217841,0.0
4233,3,1.1674677587983995,0.35266509444560756,0.0
4233,4,1.0454485984845892,-0.9251481145528619,0.0
4233,5,2.768604159529958,1.988904307770627,0.0
4233,6,3.050920637309849,-0.009639240142356842,0.0
4233,7,3.5923192402545534,-0.42594679778958966,0.0
4233,8,3.521091712061354,1.2456569697018476,0.0
4233,9,4.416902820693748,0.8146177849953842,0.0
4233,10,5.0131976920975,2.1523938986051494,0.0
4233,11,3.729691454894118,2.9788410552438553,0.0
4233,12,2.063630548737967,1.590197117058156,0.0
4234,0,0.0,0.0,0.0
4234,1,-0.1816053692880364,0.9116793239862381,0.0
4234,2,0.6481166035617063,0.4687536950148038,0.0
4235,0,0.0,0.0,0.0
4235,1,-0.14001519821587172,-0.661847907764072,0.0
4235,2,1.3386695901720873,0.5766124286152554,0.0
4235,3,0.20185041746244248,-1.0742894684434308,0.0
4236,0,0.0,0.0,0.0
4236,1,3.3646882811261167,1.654858577421222,0.0
4236,2,1.6233143122473432,1.5750982893387588,0.0
4237,0,0.0,0.0,0.0
4237,1,-0.519358627222128,0.4430315547546257,0.0
4237,2,-1.5601085280179605,-1.2307277415383784,0.0
4237,3,0.730236548115792,0.4391388610942537,0.0
4238,0,0.0,0.0,0.0
4238,1,0.6629820171196392,-1.096952687247744,0.0
4238,2,2.983959015941953,-0.6945408548155212,0.0
4238,3,2.5505161485451584,0.08228330014492702,0.0
4239,0,0.0,0.0,0.0
4239,1,1.8717414681064464,-1.6479680464089392,0.0
4239,2,1.079407428699913,-0.07565285269597588,0.0
4240,0,0.0,0.0,0.0
4240,1,-0.06131203871204116,0.2118765638840081,0.0
4240,2,-0.06848458223804299,0.46699770141892594,0.0
4241,0,0.0,0.0,0.0
4241,1,0.8652917173939345,-0.9967149297172746,0.0
4241,2,1.1385259827680592,-1.3568059778025323,0.0
4241,3,1.8440777469315137,-0.6815486431284206,0.0
4241,4,3.163762993755351,-0.9066789193533965,0.0
4241,5,2.9012718761281855,-2.7488896875398563,0.0
4242,0,0.0,0.0,0.0
4242,1,0.8810889037279013,0.5136353744618467,0.0
4242,2,2.7347401953262427,0.4911456664332836,0.0
4243,0,0.0,0.0,0.0
4243,1,2.295966623796993,-0.23823787421952203,0.0
4243,2,1.3161529083327883,-3.040611449235596,0.0
4243,3,1.315724459712016,-3.817248233136661,0.0
4244,0,0.0,0.0,0.0
4244,1,-0.13022732203489773,-0.5026390167962832,0.0
4244,2,-1.7959210433483266,-0.05563827039400038,0.0
4244,3,-3.0014078101787955,-1.2735633255577148,0.0
4245,0,0.0,0.0,0.0
4245,1,-2.3282911570604212,2.358189994343433,0.0
4245,2,-2.9138821282470224,2.0134291157708932,0.0
4246,0,0.0,0.0,0.0
4246,1,-1.3452569804913934,-1.0930746495515955,0.0
4246,2,2.415855654611416,-0.1464311978375259,0.0
4247,0,0.0,0.0,0.0
4247,1,-0.20699256122399157,0.0910103311087577,0.0
4247,2,-1.9804707471474574,0.24476978114810363,0.0
4247,3,-2.0313318738407222,1.389768132662554,0.0
4247,4,-0.8601519155675852,0.2844608760557231,0.0
4247,5,-0.9036111865166891,-0.34232219734373914,0.0
4247,6,0.17202727550908192,0.5737881076224038,0.0
4248,0,0.0,0.0,0.0
4248,1,0.7803172236646669,-0.8037807264452219,0.0
4248,2,0.03580733736107511,-1.9033720903473923,0.0
4248,3,0.8528298691337056,0.36667422915954084,0.0
4248,4,0.9475047404905208,-0.48082616281863977,0.0
4248,5,1.6695784880732503,1.3850372482439819,0.0
4249,0,0.0,0.0,0.0
4249,1,1.9538207194489627,0.7069410104052624,0.0
4249,2,0.9456990505885288,0.1632495191591138,0.0
4250,0,0.0,0.0,0.0
4250,1,-3.167914708393983,-0.13050389900019543,0.0
4250,2,-2.620359969013242,-1.8490991740710503,0.0
4250,3,-3.0196728020901107,0.7977488487222089,0.0
4250,4,-3.1524497781783207,1.2864005968277472,0.0
4251,0,0.0,0.0,0.0
4251,1,0.14260980340068663,1.0133599328075764,0.0
4251,2,-0.3091821287782126,-0.5929316199479944,0.0
4251,3,0.7849160715075476,0.3237736682184731,0.0
4251,4,-2.1182414282633273,0.5301134451841745,0.0
4251,5,-2.4327453081538692,-1.3697898606592114,0.0
4251,6,0.04287465364555598,-2.5195063701575298,0.0
4252,0,0.0,0.0,0.0
4252,1,2.7486634283631712,1.2132399811819257,0.0
4252,2,0.42110671681587064,0.16416870237091707,0.0
4252,3,1.4684112128860773,0.7620482083637041,0.0
4253,0,0.0,0.0,0.0
4253,1,1.1986702179548858,-0.4280839085821799,0.0
4253,2,1.9021181706259844,-1.7006279762014185,0.0
4254,0,0.0,0.0,0.0
4254,1,-1.5316011243917094,-0.8109265265099126,0.0
4254,2,-0.37945821454124284,3.482073587781318,0.0
4255,0,0.0,0.0,0.0
4255,1,3.159424289508133,-1.2439953302068698,0.0
4255,2,1.1986813024048817,-0.45355112743980686,0.0
4255,3,0.948862871118787,2.0000896825732544,0.0
4255,4,1.4122121749851049,0.698476906598994,0.0
4255,5,0.7507464509184638,3.3169614322912553,0.0
4256,0,0.0,0.0,0.0
4256,1,-0.7322328062759547,2.0407945851545444,0.0
4256,2,-1.473900682638241,1.6175144091658147,0.0
4256,3,-2.629345125146524,1.441073489043304,0.0
4257,0,0.0,0.0,0.0
4257,1,0.3532115201242083,-0.5424584031749324,0.0
4257,2,0.7229437990028169,1.0053519243528912,0.0
4258,0,0.0,0.0,0.0
4258,1,0.5497982928346619,-1.6596983634478026,0.0
4258,2,-2.129727078964745,-0.9507893681683672,0.0
4258,3,-2.450456620710113,-2.5572799793458216,0.0
4258,4,-0.6243963979608917,-0.5235875508444217,0.0
4258,5,-0.7396677403711706,1.6307724279247298,0.0
4259,0,0.0,0.0,0.0
4259,1,1.9417364641132395,1.3277227380354497,0.0
4259,2,0.046519385113812484,1.9966100978672308,0.0
4259,3,1.7667049932932963,0.2448513311707683,0.0
4259,4,0.9421464504914995,-0.7403061709006238,0.0
4259,5,-1.014932580738678,0.643548552329499,0.0
4259,6,-0.663815105279694,1.0520323372350338,0.0
4260,0,0.0,0.0,0.0
4260,1,1.4279180997688543,-1.2277258220628964,0.0
4260,2,2.6482913689679615,-2.902505349794343,0.0
4260,3,2.84335027858217,-5.516334021386302,0.0
4260,4,2.2174891057957815,-5.610243868152778,0.0
4260,5,2.275087310479699,-3.8205747807352846,0.0
4260,6,3.5411459480683147,-5.575289562586893,0.0
4260,7,2.3896577423964755,-6.156011519838381,0.0
4260,8,0.4796780530487137,-6.361146817938315,0.0
4261,0,0.0,0.0,0.0
4261,1,-2.1330026376176807,-0.1949440096299706,0.0
4261,2,-0.9542291246302443,0.17067849786474287,0.0
4262,0,0.0,0.0,0.0
4262,1,1.152385464940977,-0.11402495039769467,0.0
4262,2,1.7493448150026212,-1.7486613137623912,0.0
4262,3,-0.7275466270882903,-1.0933312450879469,0.0
4262,4,1.2894559681580375,-0.8979906771682848,0.0
4263,0,0.0,0.0,0.0
4263,1,0.5982577097728143,2.2756658301676285,0.0
4263,2,0.3836986034182615,2.2238254408947404,0.0
4264,0,0.0,0.0,0.0
4264,1,2.427435795760165,1.2748674426555626,0.0
4264,2,-0.056158959982645196,-1.4205126991730388,0.0
4264,3,-0.6812455839176165,-0.01968904871530497,0.0
4265,0,0.0,0.0,0.0
4265,1,-0.01743207084018461,-1.645222112107104,0.0
4265,2,-0.9764736239388737,0.3404979647155465,0.0
4265,3,-0.8155790379999883,-0.9975790352690078,0.0
4266,0,0.0,0.0,0.0
4266,1,0.2822776059270171,-0.22459614153642238,0.0
4266,2,2.4590118933358283,-1.6476914159236298,0.0
4267,0,0.0,0.0,0.0
4267,1,1.9274013037920303,0.7437034214203071,0.0
4267,2,2.0065880266682625,2.444968883927025,0.0
4267,3,1.5703063062111737,2.1421198670728234,0.0
4267,4,1.3434716592833627,1.980155731872832,0.0
4268,0,0.0,0.0,0.0
4268,1,1.738307152938841,1.802549791006751,0.0
4268,2,0.10710119913503058,1.1205322775848099,0.0
4269,0,0.0,0.0,0.0
4269,1,-1.6807166742414545,-1.6029738885393996,0.0
4269,2,-1.8333170946576993,-1.2176928153577944,0.0
4269,3,-0.12576694735803362,-0.474945108480396,0.0
4269,4,0.2516425949066039,-1.0142566950752245,0.0
4269,5,-1.3058465081442092,-0.7811095738148527,0.0
4270,0,0.0,0.0,0.0
4270,1,-0.8295292525411051,1.5686561268424404,0.0
4270,2,1.47096066093898,1.992012163650391,0.0
4270,3,3.0531620180106263,2.5948652985776954,0.0
4270,4,0.822009310783059,1.2532078924762178,0.0
4270,5,-0.06633129249855463,2.032522180048638,0.0
4270,6,-0.06320834316170809,2.984357988982792,0.0
4271,0,0.0,0.0,0.0
4271,1,-0.2429045690375816,3.0108817237574943,0.0
4271,2,-2.038927657966609,3.2346269889178982,0.0
4271,3,-2.145336958111606,2.28532269509747,0.0
4272,0,0.0,0.0,0.0
4272,1,-1.1974680755955018,-1.1723703264194094,0.0
4272,2,-1.4305324626136209,-1.8968508252330798,0.0
4273,0,0.0,0.0,0.0
4273,1,1.891343168991343,1.1344180245227267,0.0
4273,2,1.192608251260818,0.049898017295878394,0.0
4274,0,0.0,0.0,0.0
4274,1,-1.9808812525169963,-0.9983019470368231,0.0
4274,2,-1.7505991006203034,-0.49962558971910154,0.0
4274,3,-1.9147437165136307,-0.3640259533264383,0.0
4274,4,-0.8049843064390959,-0.3145367977818798,0.0
4275,0,0.0,0.0,0.0
4275,1,0.9668168698250799,1.1263641428506597,0.0
4275,2,-1.1668657424718665,1.7530964446270043,0.0
4275,3,2.6838776961343136,2.8009237979634234,0.0
4275,4,0.48644706861040077,2.6306299239822013,0.0
4275,5,-1.26667965577765,2.0332741020498473,0.0
4275,6,-1.674959860190902,1.7759174390469086,0.0
4276,0,0.0,0.0,0.0
4276,1,-0.5000058697092599,-0.5233030829731546,0.0
4276,2,1.295105666185246,-0.34661422659460883,0.0
4276,3,-1.8552497908789403,0.16355936242693536,0.0
4276,4,0.7260604500216115,0.5092950337714042,0.0
4277,0,0.0,0.0,0.0
4277,1,0.222929204277742,-0.04200110169300483,0.0
4277,2,0.44846795333296297,-1.068067053900749,0.0
4277,3,0.8971204737353811,1.1769643979391737,0.0
4278,0,0.0,0.0,0.0
4278,1,0.10521431960816408,-0.4547233623156195,0.0
4278,2,1.1473457516846592,-0.1560407913294779,0.0
4279,0,0.0,0.0,0.0
4279,1,0.028716560898893836,-1.1230076059798104,0.0
4279,2,-1.5359073843118909,-2.5613377324612854,0.0
4280,0,0.0,0.0,0.0
4280,1,1.0778077996040891,-0.05144619893598712,0.0
4280,2,0.027010866107858966,0.042320291815170386,0.0
4281,0,0.0,0.0,0.0
4281,1,-0.5149002134392913,-0.5120229885388048,0.0
4281,2,-1.2545461448865738,1.0636582895873314,0.0
4281,3,0.5126937934116926,0.1589378860036857,0.0
4281,4,-0.1253052947844342,1.409600866565045,0.0
4281,5,0.150894203701591,2.236748907203175,0.0
4281,6,0.5360891379916695,3.297673075982549,0.0
4281,7,0.9695498841967127,1.7334804002434352,0.0
4281,8,-1.259356489850289,1.1136444208173226,0.0
4281,9,-0.35873455911253527,0.9658075128742374,0.0
4281,10,-0.5200417752714295,0.42922081930578987,0.0
4281,11,0.7487981302123574,-0.9586005203810937,0.0
4281,12,-1.0558787164075172,-0.22920747468145003,0.0
4282,0,0.0,0.0,0.0
4282,1,-2.06429861918981,1.235174264084702,0.0
4282,2,-3.476478249233616,0.2689095290895559,0.0
4283,0,0.0,0.0,0.0
4283,1,-0.15496737117872517,0.15336647911651768,0.0
4283,2,0.28470984456897663,-0.90111134049272,0.0
4283,3,-0.01877924005456033,-1.336249231284993,0.0
4284,0,0.0,0.0,0.0
4284,1,-3.1536609119183114,-0.9366126689028691,0.0
4284,2,-0.6462921240024792,-3.042809389438707,0.0
4285,0,0.0,0.0,0.0
4285,1,0.6903703521234983,0.4709449367351264,0.0
4285,2,1.8465005891577182,2.182115533479459,0.0
4285,3,0.11502670883530608,3.6282057853490106,0.0
4285,4,0.14320185945829866,2.1176963647119824,0.0
4285,5,0.9316560899112687,1.7670286096024599,0.0
4285,6,3.641500897995946,3.099913993861673,0.0
4286,0,0.0,0.0,0.0
4286,1,1.7492590393813938,1.982885544379059,0.0
4286,2,-0.9975653602692083,0.785021649205141,0.0
4286,3,-1.7541078958289706,0.9775973367412383,0.0
4286,4,-2.483861884276486,2.8224340841562503,0.0
4286,5,-3.278275607937247,0.6053889193917736,0.0
4286,6,-4.165444688645387,0.5655439497432309,0.0
4287,0,0.0,0.0,0.0
4287,1,-0.020259239455449052,-1.7012003844961798,0.0
4287,2,0.47084983224896826,-2.127759517324695,0.0
4287,3,0.8689705359826917,-2.6685874115701447,0.0
4287,4,2.2023125055275705,-0.07738036732618692,0.0
4287,5,2.517030331316392,-1.4378057460727742,0.0
4287,6,1.9632073159487526,-1.3229231810702786,0.0
4287,7,1.8212484740951327,-1.3632452947594063,0.0
4288,0,0.0,0.0,0.0
4288,1,0.6404449417655403,0.3198635048062477,0.0
4288,2,2.632094412487226,2.3225071836002478,0.0
4288,3,0.8830069689923643,-0.10514905111370387,0.0
4289,0,0.0,0.0,0.0
4289,1,-0.9773544376732919,-0.7828173548071178,0.0
4289,2,0.6877347468745012,-0.35075553843879903,0.0
4289,3,1.4919995940126234,1.3873066588496181,0.0
4290,0,0.0,0.0,0.0
4290,1,0.4936854144764051,-0.9031625853291564,0.0
4290,2,-1.708808508790967,-1.8685725569662397,0.0
4291,0,0.0,0.0,0.0
4291,1,-1.8678392282154521,-1.6444713921452567,0.0
4291,2,-2.1999000503462223,0.21004444858650917,0.0
4292,0,0.0,0.0,0.0
4292,1,-0.4353218246236997,2.4709355999291494,0.0
4292,2,-1.8809981092236585,-0.3561446944534261,0.0
4292,3,-2.643066591164111,3.086276433730003,0.0
4292,4,0.9514941000666858,1.5593649961088192,0.0
4293,0,0.0,0.0,0.0
4293,1,0.26557231073719834,-1.278498472935506,0.0
4293,2,0.5560140501225357,-1.8461417303797727,0.0
4293,3,3.411436786620934,-0.6163196799195743,0.0
4294,0,0.0,0.0,0.0
4294,1,-1.046800270161802,-0.5916505154375751,0.0
4294,2,-0.3085858240946292,0.933141475033217,0.0
4294,3,-0.7404776607079835,-0.09223284077452723,0.0
4295,0,0.0,0.0,0.0
4295,1,2.2954959119318166,-2.807866399288922,0.0
4295,2,4.374090077497605,-1.8250647322423403,0.0
4296,0,0.0,0.0,0.0
4296,1,-1.945089557579965,1.1322116932840662,0.0
4296,2,-0.8949107504564684,2.3212589270853705,0.0
4296,3,-2.264474852839534,2.440745185151938,0.0
4297,0,0.0,0.0,0.0
4297,1,0.39739144566605256,-1.9180094213357068,0.0
4297,2,1.5369122155956174,-1.0278867730358603,0.0
4297,3,-1.4801870693281693,-1.1869618148130168,0.0
4297,4,1.761799183420028,-2.126125545575836,0.0
4298,0,0.0,0.0,0.0
4298,1,-0.4475150128599774,2.189113311210572,0.0
4298,2,0.4819170935335665,-0.9302864959341347,0.0
4298,3,-0.12340164252656494,-0.34674803487572325,0.0
4298,4,0.980727125128485,-0.4020732002084901,0.0
4299,0,0.0,0.0,0.0
4299,1,0.5501133615714143,-0.04835555597836283,0.0
4299,2,-1.3387159716770478,-2.5148371322485557,0.0
4299,3,1.7315555793825261,-1.399022252970523,0.0
4300,0,0.0,0.0,0.0
4300,1,-0.9586457459642709,-0.875751185240863,0.0
4300,2,-0.26590988907885693,-1.6894619612586326,0.0
4301,0,0.0,0.0,0.0
4301,1,0.7450939558848872,1.3842645617367926,0.0
4301,2,2.395004169565384,2.8827104947691042,0.0
4301,3,0.30992275313389084,3.6224638304327157,0.0
4302,0,0.0,0.0,0.0
4302,1,-0.7065541031462451,1.8121086353671636,0.0
4302,2,-1.4626781202737011,2.45191573707832,0.0
4302,3,-2.5937263677549227,3.1973111300220545,0.0
4302,4,0.7487452311987289,1.4611367944243592,0.0
4303,0,0.0,0.0,0.0
4303,1,0.9770129807921513,0.4235774965764827,0.0
4303,2,-0.28973921126746616,-0.761237899388914,0.0
4304,0,0.0,0.0,0.0
4304,1,-0.07058783390877621,0.6154884574639359,0.0
4304,2,0.7651956889193848,-0.41556810637356034,0.0
4304,3,-0.3173685650694932,-2.4662088218853864,0.0
4304,4,-0.8011519573047151,-2.0885600870987204,0.0
4304,5,-1.1387183387803717,-1.7968099478220938,0.0
4305,0,0.0,0.0,0.0
4305,1,-0.9585265567032664,-0.9787920652318718,0.0
4305,2,-0.41048573116637455,-0.15070906245085225,0.0
4305,3,-1.7919233291780476,-0.9405513849926377,0.0
4305,4,-2.313185134879943,-0.22056147289184913,0.0
4306,0,0.0,0.0,0.0
4306,1,-2.9551066782443036,-0.14140035845127263,0.0
4306,2,-1.685720515877831,-1.014107282410917,0.0
4306,3,-1.89761387748347,-1.5007157154175421,0.0
4306,4,-1.952280379157894,-2.7961363934449084,0.0
4307,0,0.0,0.0,0.0
4307,1,1.6816607860201176,-0.9736289328890612,0.0
4307,2,2.354863123932703,-1.3778000424955343,0.0
4307,3,3.4453473755900217,-3.484399342243361,0.0
4308,0,0.0,0.0,0.0
4308,1,-3.5812326827757284,-0.5895177322126465,0.0
4308,2,-2.299942934666769,-0.13581512530209927,0.0
4308,3,-2.8519917919582016,-1.0043604495765983,0.0
4308,4,-2.8386823655516036,-1.370549338251068,0.0
4308,5,-2.0285035862830885,-1.9875549228309324,0.0
4308,6,-1.817528143379385,-0.8583425499155376,0.0
4308,7,-3.6746394669279994,-2.024446666328902,0.0
4308,8,-4.800583483665914,-1.7294005262305956,0.0
4308,9,-3.245777526440256,-1.2151767393230979,0.0
4308,10,-0.8054399463866153,-4.382645608272949,0.0
4308,11,-1.3485203625923712,-2.910594851334005,0.0
4309,0,0.0,0.0,0.0
4309,1,-0.09291399964630176,-0.5291759504727898,0.0
4309,2,-0.9613050521274522,-0.41472826143301256,0.0
4309,3,-1.0641539884440243,-0.0922370228336793,0.0
4310,0,0.0,0.0,0.0
4310,1,1.5043005017024944,1.1139598432419224,0.0
4310,2,0.3120702818106591,-0.1490239511039827,0.0
4310,3,-0.20427151215923356,-0.8740766729885154,0.0
4310,4,1.0242683469520435,-0.2678070053288879,0.0
4310,5,0.18090469318979308,-0.4275540325982432,0.0
4310,6,0.09856360160255928,-1.4213238714200043,0.0
4311,0,0.0,0.0,0.0
4311,1,-0.8035123381821045,-0.42662727562312414,0.0
4311,2,-1.8184170204917156,-0.38684282370762124,0.0
4312,0,0.0,0.0,0.0
4312,1,0.8312690815266093,-0.5957079224572693,0.0
4312,2,2.9235906670048224,2.111603122767433,0.0
4312,3,4.517012838467927,2.2118420384646527,0.0
4312,4,3.6263154088094796,3.868936668503854,0.0
4313,0,0.0,0.0,0.0
4313,1,2.436314230719238,-1.8475853058884553,0.0
4313,2,1.360148858886799,-4.6533945923491356,0.0
4313,3,0.8238672676254916,-5.815297963710311,0.0
4313,4,2.9911761053335884,-4.59180054585438,0.0
4313,5,4.716175669033856,-5.5173109345754145,0.0
4314,0,0.0,0.0,0.0
4314,1,-0.43657603970143655,0.3445662046169269,0.0
4314,2,-1.091721141313231,-1.417071787410722,0.0
4314,3,0.03301825054488161,-0.33966202021508174,0.0
4314,4,-0.35650672163137076,-2.883888230396187,0.0
4315,0,0.0,0.0,0.0
4315,1,-0.7526220384497275,-0.24851597043400742,0.0
4315,2,-2.4785277157606203,0.7470137312795692,0.0
4316,0,0.0,0.0,0.0
4316,1,-1.5162504427611885,0.019368925753199526,0.0
4316,2,-1.4458704582251032,0.5194036556870044,0.0
4316,3,0.4909960803865867,0.6585894022077466,0.0
4316,4,-0.3349993561469815,1.517152522620161,0.0
4316,5,-0.150981789473573,0.8464709227955358,0.0
4317,0,0.0,0.0,0.0
4317,1,1.4781428611620018,-0.2779080187821983,0.0
4317,2,-1.472382705953039,-1.532415930430677,0.0
4317,3,-0.798767519871934,1.1031265664663772,0.0
4317,4,0.9634778082506359,-0.4068061803976253,0.0
4318,0,0.0,0.0,0.0
4318,1,-0.6509522002910091,-0.10889699182701518,0.0
4318,2,-1.9192942792382284,0.47672630963581775,0.0
4318,3,-2.0870542375710412,-0.18979587805559972,0.0
4318,4,-2.705425487977871,-2.5495923361239705,0.0
4319,0,0.0,0.0,0.0
4319,1,-2.7993290842275194,1.5354931962763336,0.0
4319,2,-1.098246258917935,0.11241424701650082,0.0
4320,0,0.0,0.0,0.0
4320,1,1.1005709679346771,-1.269353750522509,0.0
4320,2,1.625086086090798,-1.0075650781795829,0.0
4320,3,0.8028143253439691,-1.105947974474068,0.0
4321,0,0.0,0.0,0.0
4321,1,-1.2439095709191483,2.057257987840681,0.0
4321,2,-0.9398465774002893,3.101001427915329,0.0
4321,3,-1.6321875748259838,3.077145206412643,0.0
4322,0,0.0,0.0,0.0
4322,1,-0.8320924928916158,1.521955391724049,0.0
4322,2,-0.9733220685794628,0.6114937306684114,0.0
4323,0,0.0,0.0,0.0
4323,1,0.23584366507618748,-0.22177413733793427,0.0
4323,2,1.6528557178909369,1.2083350323726139,0.0
4324,0,0.0,0.0,0.0
4324,1,1.233180169753051,-1.385683486674914,0.0
4324,2,-0.8109345625636165,-4.441217103109619,0.0
4325,0,0.0,0.0,0.0
4325,1,0.6417861877276361,-3.473540237220788,0.0
4325,2,-0.8161346922523954,-0.509258392736974,0.0
4326,0,0.0,0.0,0.0
4326,1,1.7178219711234757,-1.7097698730163986,0.0
4326,2,-0.6833517378737408,1.0142104998516073,0.0
4327,0,0.0,0.0,0.0
4327,1,0.047169650158373766,-0.4920328615350318,0.0
4327,2,1.3384503003255834,-1.7403031359974157,0.0
4328,0,0.0,0.0,0.0
4328,1,0.5956489103082228,-1.079484066684681,0.0
4328,2,0.1100767379960843,0.48809596221489016,0.0
4328,3,-2.5477323889444703,-0.9618613972048626,0.0
4328,4,-4.989065259233621,-1.4843163364759726,0.0
4329,0,0.0,0.0,0.0
4329,1,1.1992317359140854,0.4443658509171341,0.0
4329,2,-0.6867945450049424,-1.0282285584519255,0.0
4330,0,0.0,0.0,0.0
4330,1,0.9695973960887729,-1.0634487045430179,0.0
4330,2,0.00250505612487556,0.6831233964886212,0.0
4330,3,1.3554210174226717,0.6004988105744395,0.0
4331,0,0.0,0.0,0.0
4331,1,2.068813869077858,-0.6718723784152452,0.0
4331,2,3.1282817810141115,0.5348256616600757,0.0
4331,3,3.5093725286636985,0.2545548803910746,0.0
4331,4,2.1118573752060126,2.7144388103103405,0.0
4332,0,0.0,0.0,0.0
4332,1,-1.0239300451237716,0.8925951956996578,0.0
4332,2,1.2034090034238123,-0.31179821038906597,0.0
4333,0,0.0,0.0,0.0
4333,1,0.8889716897283021,-0.12061548713336784,0.0
4333,2,1.7077694151091718,-1.1820167891080777,0.0
4333,3,0.2096766699778172,0.30422087178682466,0.0
4334,0,0.0,0.0,0.0
4334,1,0.4773598576550795,1.2117409574698315,0.0
4334,2,1.2869713639573928,0.12140366257221194,0.0
4335,0,0.0,0.0,0.0
4335,1,0.19920857571675402,-2.7154872230027935,0.0
4335,2,1.5685934234796057,-2.192480753698083,0.0
4335,3,1.4578000086172396,-1.632319802008906,0.0
4336,0,0.0,0.0,0.0
4336,1,-0.4731092882857211,-1.6124700270483827,0.0
4336,2,-2.072193568492022,-1.1330934771460548,0.0
4337,0,0.0,0.0,0.0
4337,1,1.5307856137184261,0.3026212811658886,0.0
4337,2,2.256131297030876,-2.0349834711018904,0.0
4337,3,1.06760179456302,-3.0099013395521315,0.0
4337,4,-0.336398787150062,-2.522489773722914,0.0
4337,5,-1.751054540958879,-2.9454234475736376,0.0
4337,6,1.050300155981145,-3.244019559340005,0.0
4337,7,3.3405740083819153,-1.6249638843785754,0.0
4337,8,0.7160732281915747,-2.100968060937312,0.0
4337,9,1.8668231222951819,-2.583559228997889,0.0
4337,10,0.9461491270204206,-1.8589199483205832,0.0
4337,11,-2.5306584649548474,-2.2467634433409205,0.0
4337,12,-1.2858331521670845,-2.3377281910253838,0.0
4337,13,0.22148463519609307,-1.0680047494262008,0.0
4338,0,0.0,0.0,0.0
4338,1,-0.17613677577053743,2.279160328132806,0.0
4338,2,2.199909192729807,0.09337316711806087,0.0
4338,3,3.447587374442287,2.0278380872946937,0.0
4339,0,0.0,0.0,0.0
4339,1,-1.0229663841148453,1.550382703627133,0.0
4339,2,1.8723973435276586,-1.5190360462158852,0.0
4340,0,0.0,0.0,0.0
4340,1,2.2171983832523026,-0.7420812390650109,0.0
4340,2,1.7931086640409806,1.8256184496541292,0.0
4340,3,1.9572974262847662,3.261334041140482,0.0
4340,4,1.063657174116675,3.277363392813764,0.0
4340,5,1.088473956544427,5.602240151896324,0.0
4340,6,1.8516710002273589,2.5087238634607676,0.0
4340,7,3.112597303544417,3.7232704147036815,0.0
4341,0,0.0,0.0,0.0
4341,1,1.3481455501846686,-0.20188155603737845,0.0
4341,2,1.5526636044695765,-1.4333716779597183,0.0
4341,3,1.199604554703118,-1.3036519457978044,0.0
4341,4,3.3027029363917233,-1.3756535803834384,0.0
4341,5,2.7514216078137954,-0.913640146879426,0.0
4341,6,1.9472855155753814,-2.922920947901578,0.0
4341,7,3.564685440759881,-2.0086692435808833,0.0
4341,8,4.280186286059356,-3.143339955971195,0.0
4342,0,0.0,0.0,0.0
4342,1,-1.6662462923263992,2.3393418222555677,0.0
4342,2,-1.060360615897995,0.894555938656495,0.0
4342,3,-4.360445924483204,-0.5779756524587987,0.0
4343,0,0.0,0.0,0.0
4343,1,0.19175537183338998,0.4067597525570818,0.0
4343,2,1.536845354982355,-0.8878664312434188,0.0
4343,3,-0.776942665184582,-0.47485278904786715,0.0
4344,0,0.0,0.0,0.0
4344,1,0.5837051126285562,-2.648612476926504,0.0
4344,2,-0.17074532367039996,1.4604497289341596,0.0
4345,0,0.0,0.0,0.0
4345,1,-0.6716271448430957,-2.4840114862704668,0.0
4345,2,1.4470086376304696,-0.7722446453139753,0.0
4345,3,3.2455057908415137,-1.9124656301975,0.0
4346,0,0.0,0.0,0.0
4346,1,-0.6715919714611478,-0.5737094546177051,0.0
4346,2,-2.4127470513381324,-0.8090632835300262,0.0
4346,3,-5.058731888190324,1.261799674680203,0.0
4347,0,0.0,0.0,0.0
4347,1,0.07426561872718318,1.0996889180951674,0.0
4347,2,-0.806465440930568,0.6841166966507295,0.0
4348,0,0.0,0.0,0.0
4348,1,0.47411493536521676,-1.6045620099318199,0.0
4348,2,3.255823910762281,-2.79325148865047,0.0
4349,0,0.0,0.0,0.0
4349,1,0.413291539262131,0.6849068931230584,0.0
4349,2,0.64001357528716,1.12796459688198,0.0
4349,3,-0.05030003327887522,4.0425324346866045,0.0
4349,4,-0.07614058538106683,3.4045318443795423,0.0
4349,5,-1.9589449329865083,1.2727463322320185,0.0
4349,6,-0.352989842010337,1.869364843975967,0.0
4349,7,-0.42606493348662844,1.677290510382742,0.0
4350,0,0.0,0.0,0.0
4350,1,0.13954691632742855,0.40449690234948527,0.0
4350,2,1.7563471376017143,0.7063684486274084,0.0
4351,0,0.0,0.0,0.0
4351,1,-1.1034372893810163,-1.1985369496140517,0.0
4351,2,-1.974343999572795,-1.9481526511674612,0.0
4351,3,-2.282041249551928,0.034760581374232546,0.0
4351,4,-1.8416006489167245,-2.0149202216055015,0.0
4352,0,0.0,0.0,0.0
4352,1,-1.1065540697479919,1.1849985700341765,0.0
4352,2,0.5562818946193372,1.3562938581921724,0.0
4353,0,0.0,0.0,0.0
4353,1,0.00975624343415915,1.374677341313669,0.0
4353,2,-0.1707632884699799,0.4993163313971052,0.0
4354,0,0.0,0.0,0.0
4354,1,-1.0776392578318397,1.0084155607261553,0.0
4354,2,-2.6101721135403224,1.9741069359080516,0.0
4355,0,0.0,0.0,0.0
4355,1,-0.3507431743939367,-0.5263591710607212,0.0
4355,2,-2.1432761211946154,0.45196240108439545,0.0
4356,0,0.0,0.0,0.0
4356,1,-0.6955855762086376,-0.22270278715217107,0.0
4356,2,-1.7552368035848311,-0.5936266142709246,0.0
4356,3,0.05960469770970267,-0.007864505242473507,0.0
4357,0,0.0,0.0,0.0
4357,1,-1.0017626420789223,0.12318376741703085,0.0
4357,2,-1.7318288597285583,0.24878067276409532,0.0
4357,3,-2.2837269701667653,-0.42619650775839446,0.0
4357,4,-3.0570098000520414,0.9607879925518743,0.0
4357,5,-4.921115675305569,1.3230398954532596,0.0
4358,0,0.0,0.0,0.0
4358,1,-0.8251580072316195,-2.565848347282662,0.0
4358,2,-2.009179155426914,0.6232674856886095,0.0
4359,0,0.0,0.0,0.0
4359,1,-2.373094464647799,0.11561861213167857,0.0
4359,2,-1.2360114553005455,0.4179438643597732,0.0
4360,0,0.0,0.0,0.0
4360,1,-0.33909887093316393,2.896189348716522,0.0
4360,2,2.3585868793060323,4.154152274804964,0.0
4360,3,1.7372483177384077,3.841467415980273,0.0
4360,4,2.3587887772592437,1.120093952634972,0.0
4360,5,2.5724921625248864,-0.16726369198073976,0.0
4361,0,0.0,0.0,0.0
4361,1,-1.884543547186291,-0.6418120384352494,0.0
4361,2,-0.9879700451135038,-0.6512444112762706,0.0
4361,3,-2.9114453249810257,-2.731647109246979,0.0
4361,4,-3.0196539086666547,-1.59488764954496,0.0
4362,0,0.0,0.0,0.0
4362,1,0.20834153547408796,-1.041154647926,0.0
4362,2,1.030512251779161,-0.8047485972942742,0.0
4362,3,1.7836712540058568,-1.5017926764834124,0.0
4363,0,0.0,0.0,0.0
4363,1,-1.0471737633346554,-2.6885404306283744,0.0
4363,2,-1.218836979700317,-2.2299046332128523,0.0
4364,0,0.0,0.0,0.0
4364,1,0.8354214034661533,-0.5740011134650432,0.0
4364,2,2.2801476297003846,-1.4842843110676094,0.0
4364,3,2.3856988478130385,-0.9627371286461365,0.0
4365,0,0.0,0.0,0.0
4365,1,-2.9691432260150754,-0.438543332330816,0.0
4365,2,-1.3050429798085041,0.8832644320617333,0.0
4366,0,0.0,0.0,0.0
4366,1,-2.223482671108556,-0.8884235219673892,0.0
4366,2,-0.6022962725442066,-0.9743824841944998,0.0
4367,0,0.0,0.0,0.0
4367,1,0.07595840519747182,-0.5836192952369178,0.0
4367,2,-1.843295298066262,-0.06562529922493199,0.0
4367,3,0.1523219889435657,-1.7709720890041043,0.0
4367,4,-0.5962356810453153,-2.098283147812234,0.0
4367,5,0.30165004626700015,-1.539304049165361,0.0
4367,6,-3.4964583740515875,-2.458588724887811,0.0
4368,0,0.0,0.0,0.0
4368,1,1.4299472741471582,2.1514885448623184,0.0
4368,2,3.4853985243358263,-1.060182437751826,0.0
4369,0,0.0,0.0,0.0
4369,1,1.8453417249179642,-3.6864648970952416,0.0
4369,2,0.0925321558488108,-3.5405480052615195,0.0
4369,3,1.145315399620723,-3.7694835834964726,0.0
4369,4,1.9800081589037215,-3.1228681146172645,0.0
4369,5,1.3029415966557667,-5.198782975447401,0.0
4369,6,1.9628578708569275,-3.4537367081780026,0.0
4370,0,0.0,0.0,0.0
4370,1,-0.3376985969126529,0.8336133572986739,0.0
4370,2,2.165842775317789,1.5080267945941064,0.0
4370,3,2.271373511447859,2.430981873576851,0.0
4370,4,0.8153645088747579,0.5526575912346748,0.0
4371,0,0.0,0.0,0.0
4371,1,-3.1429905102469755,0.2730230743937009,0.0
4371,2,-3.05671452907574,-0.3278341759584559,0.0
4372,0,0.0,0.0,0.0
4372,1,0.03795403963494959,-1.0228828387291875,0.0
4372,2,-1.1173172733411603,-1.008214948609349,0.0
4372,3,-3.0716497636662488,-0.8056201387534295,0.0
4372,4,-1.7603391169113387,-1.09157037614788,0.0
4373,0,0.0,0.0,0.0
4373,1,1.237453109059388,1.3351985710430418,0.0
4373,2,0.9798529522338297,-0.14126003383926045,0.0
4373,3,-0.5999405779627829,1.9346523564872151,0.0
4373,4,-1.6862049734055455,1.7061678456439027,0.0
4373,5,0.710099759451785,1.5182318028633568,0.0
4374,0,0.0,0.0,0.0
4374,1,-0.4072172287093051,-0.753406706421695,0.0
4374,2,0.7866608616406393,-2.1197159378460544,0.0
4375,0,0.0,0.0,0.0
4375,1,-0.6984312212145012,-1.4422922966537812,0.0
4375,2,0.15505240880363935,-1.5313332452230795,0.0
4376,0,0.0,0.0,0.0
4376,1,0.8698276478379308,-1.045751330766156,0.0
4376,2,2.0225032401098293,-1.2315888458580204,0.0
4376,3,1.8494035059753937,-0.8578206948307745,0.0
4377,0,0.0,0.0,0.0
4377,1,0.8776363305889645,-0.6350431292182073,0.0
4377,2,-1.4367543643630625,-1.793329095797777,0.0
4377,3,1.9182236754919857,-3.4484455641542557,0.0
4377,4,0.0935625181125741,-1.2334632732763524,0.0
4377,5,3.1245447664926744,0.10989331285806186,0.0
4378,0,0.0,0.0,0.0
4378,1,-0.6411806915960512,-2.888923650005994,0.0
4378,2,1.6188571700965626,-1.1194511651513848,0.0
4379,0,0.0,0.0,0.0
4379,1,-2.0373836876661375,-1.6730868617347316,0.0
4379,2,-2.9051359628685383,-1.182401886037799,0.0
4379,3,-3.3747043229696985,-0.7753094633576402,0.0
4380,0,0.0,0.0,0.0
4380,1,-1.900409506241985,0.025180209718537294,0.0
4380,2,-1.3109940723653652,1.6007826848909312,0.0
4380,3,-1.9508807894180031,2.129106149692548,0.0
4380,4,-0.20973680712726228,0.2149139068252487,0.0
4380,5,0.8155132254969548,1.7038754387831054,0.0
4380,6,2.277616553166907,1.1014307040419982,0.0
4381,0,0.0,0.0,0.0
4381,1,2.403315554409528,0.018595920041144076,0.0
4381,2,1.1739330127949585,-1.1295042218141134,0.0
4382,0,0.0,0.0,0.0
4382,1,0.020724201553847355,0.9063256919293565,0.0
4382,2,1.1654693632062254,-1.4603577875236817,0.0
4382,3,-0.4482454485062719,-1.1246024412052391,0.0
4383,0,0.0,0.0,0.0
4383,1,0.6187330401788841,-0.1805647015164975,0.0
4383,2,0.28766805622884783,2.468090306113042,0.0
4384,0,0.0,0.0,0.0
4384,1,-2.4840872412732633,-0.3421616020973421,0.0
4384,2,-2.8377677600710536,-0.6044208445088277,0.0
4385,0,0.0,0.0,0.0
4385,1,-0.04113377764491377,1.3737301240457902,0.0
4385,2,-1.8090594692269275,0.462979566685227,0.0
4385,3,-2.3041442238029104,0.25563642487910077,0.0
4385,4,-2.297236237196371,0.42351584673432763,0.0
4385,5,-1.0562961809975158,0.020687495787128363,0.0
4386,0,0.0,0.0,0.0
4386,1,1.717637444505749,0.6623972102670805,0.0
4386,2,3.754529130798603,0.07616740610220973,0.0
4387,0,0.0,0.0,0.0
4387,1,0.5925868209797235,-0.24954294862948956,0.0
4387,2,-0.38038618596505436,-0.6797744271724309,0.0
4387,3,0.07268912157952179,-0.27942690128396386,0.0
4387,4,0.2667387901748157,1.831255817359045,0.0
4388,0,0.0,0.0,0.0
4388,1,0.6900109233931493,1.8053542674345835,0.0
4388,2,-0.01673807592530019,4.592403952170507,0.0
4389,0,0.0,0.0,0.0
4389,1,0.5632196764872279,-2.80552089971871,0.0
4389,2,0.5018463726332102,-1.9129670587183187,0.0
4390,0,0.0,0.0,0.0
4390,1,-0.9272313006527817,1.4048201826809334,0.0
4390,2,0.6110639821432233,-1.1003855975853285,0.0
4391,0,0.0,0.0,0.0
4391,1,1.8118166545688241,-0.16182999798927078,0.0
4391,2,0.5134401657065464,1.8575523372061684,0.0
4391,3,-1.1445198978653943,2.0233117698719507,0.0
4391,4,3.220361322009431,2.39024919889555,0.0
4391,5,1.285407693598486,1.049152839525151,0.0
4391,6,1.9949840581750382,3.996389936392195,0.0
4391,7,2.907883712797219,3.2893931533498,0.0
4392,0,0.0,0.0,0.0
4392,1,1.453599930150359,0.13064736961706658,0.0
4392,2,0.8283719977457159,-1.4138116755232244,0.0
4392,3,2.023840807130978,0.7723164982888079,0.0
4393,0,0.0,0.0,0.0
4393,1,1.2123517362119212,1.9737294021614802,0.0
4393,2,-0.17092100572435154,1.3459218939323585,0.0
4393,3,-0.9335891005640717,-0.9741242403282083,0.0
4394,0,0.0,0.0,0.0
4394,1,1.8271063683665845,-0.5341953048575829,0.0
4394,2,1.155997745186517,-0.39675982478364435,0.0
4394,3,0.753700481931527,-1.5623243215381277,0.0
4394,4,-0.027899217171421076,-1.9919977192670868,0.0
4394,5,2.2808253299999706,0.025573426004024125,0.0
4394,6,1.1953714367230805,-0.32849853571358456,0.0
4394,7,-0.2770443420920271,3.1075645312004694,0.0
4395,0,0.0,0.0,0.0
4395,1,-2.786080862985103,-2.027136626839379,0.0
4395,2,-4.176824337245501,-3.085813139866284,0.0
4396,0,0.0,0.0,0.0
4396,1,0.36345921761031663,-1.219461247651441,0.0
4396,2,1.6831606598159494,-2.7283900522268993,0.0
4396,3,0.9145999017316107,-4.638145886171025,0.0
4396,4,-0.8177735043638261,-1.9171172901658393,0.0
4397,0,0.0,0.0,0.0
4397,1,1.7983858672137134,-0.5189099585573484,0.0
4397,2,1.4388793354730662,0.15956041543197674,0.0
4397,3,1.1041294215842505,0.2451637291864519,0.0
4397,4,-1.3396091678882076,0.05398880845143261,0.0
4397,5,-1.3966849201934797,-0.5578724382136815,0.0
4397,6,2.0292805552540063,0.8961337449837083,0.0
4397,7,0.7094556447031696,0.6726179441528695,0.0
4397,8,-0.7643835143874488,-1.8120148862920407,0.0
4397,9,-1.513738725496796,1.7127848724663024,0.0
4397,10,-2.3371389003888794,3.374268901824745,0.0
4397,11,-2.002443441280867,2.1603146104037037,0.0
4397,12,-0.49653293315801006,4.032205796745648,0.0
4397,13,-1.2249502820018257,1.3768246996701783,0.0
4398,0,0.0,0.0,0.0
4398,1,-2.294782324191648,-3.1289765616819967,0.0
4398,2,-1.3705986196680193,-2.4431525768045677,0.0
4399,0,0.0,0.0,0.0
4399,1,0.1996235987713034,1.1805834644594948,0.0
4399,2,-0.4234736817125231,1.8078386465358185,0.0
4399,3,0.4270512676600917,2.6860907869429584,0.0
4399,4,0.42260737703548373,2.218008629416794,0.0
4400,0,0.0,0.0,0.0
4400,1,0.49974603036698895,-1.651463247483907,0.0
4400,2,2.678785381904492,1.949787559557736,0.0
4401,0,0.0,0.0,0.0
4401,1,1.686523039789384,2.088335762685726,0.0
4401,2,0.6829156953727593,1.0727607846030738,0.0
4402,0,0.0,0.0,0.0
4402,1,-0.08928202992867273,-1.8773113676896278,0.0
4402,2,0.520444282208465,-2.0406934608925393,0.0
4403,0,0.0,0.0,0.0
4403,1,-1.116398949075052,-0.014178342499409136,0.0
4403,2,-0.8583693764181686,-1.3714430073240416,0.0
4404,0,0.0,0.0,0.0
4404,1,2.110390609922703,0.8437057104030118,0.0
4404,2,1.2315487391109252,-0.3534292324417817,0.0
4404,3,2.234955742525816,-1.4681542677824153,0.0
4404,4,2.643721089631703,-2.221353568411477,0.0
4404,5,1.3132206844321028,-1.9261668277506019,0.0
4405,0,0.0,0.0,0.0
4405,1,1.8997397702167054,-0.19408872423519696,0.0
4405,2,1.7475983022476695,0.0902811245930657,0.0
4405,3,0.8905160605963227,2.5627408877440647,0.0
4405,4,2.100507112708011,0.5073924446541711,0.0
4405,5,1.956462665245065,1.7181496732974775,0.0
4406,0,0.0,0.0,0.0
4406,1,-1.0854141379145594,2.0635694708565593,0.0
4406,2,-1.5870769455122753,1.497410418024035,0.0
4407,0,0.0,0.0,0.0
4407,1,-1.0427810139924532,0.3769551440724116,0.0
4407,2,1.1305756256713135,-1.0354189891175385,0.0
4407,3,-0.6800352663536864,0.31062226589408504,0.0
4408,0,0.0,0.0,0.0
4408,1,0.16760980946837,1.0839877160096598,0.0
4408,2,1.759951525221674,0.7924468362678285,0.0
4409,0,0.0,0.0,0.0
4409,1,0.985993486004458,-1.3244241201859717,0.0
4409,2,-0.45885507971318173,0.12145289990131247,0.0
4409,3,0.8697169463826159,-0.06642174149964486,0.0
4409,4,1.6695550978411222,0.7785373867535018,0.0
4409,5,0.06546854915420741,1.681994295895962,0.0
4410,0,0.0,0.0,0.0
4410,1,-1.1226195961748364,-0.9397320792806022,0.0
4410,2,-1.808885882747249,2.3956799475274795,0.0
4410,3,-1.6834196836460367,1.8269338879135497,0.0
4411,0,0.0,0.0,0.0
4411,1,-1.7942788641641436,0.45881452905936126,0.0
4411,2,0.4768356165787365,-1.3426910053290502,0.0
4412,0,0.0,0.0,0.0
4412,1,2.052623438472751,1.5030069310002414,0.0
4412,2,1.6485351544199853,-0.8935237876481179,0.0
4412,3,3.5532921896387153,-1.2304532278759455,0.0
4413,0,0.0,0.0,0.0
4413,1,-0.09744407556182477,-0.6555973238190911,0.0
4413,2,0.5091132990618629,-1.2206396611291108,0.0
4414,0,0.0,0.0,0.0
4414,1,0.5408480716540073,-2.156148042903189,0.0
4414,2,0.13755110406225957,-4.509579260321085,0.0
4415,0,0.0,0.0,0.0
4415,1,-3.969022992828112,-1.010477151128627,0.0
4415,2,-4.415700507597625,-3.0143255128266957,0.0
4416,0,0.0,0.0,0.0
4416,1,-0.3722184400805566,-1.4117953672220613,0.0
4416,2,-0.005837764611680729,-2.1408521397086595,0.0
4417,0,0.0,0.0,0.0
4417,1,0.018999552795003982,0.03257543832547238,0.0
4417,2,1.0024856693458335,0.5275223562908616,0.0
4418,0,0.0,0.0,0.0
4418,1,2.32995333201697,0.6237688027371581,0.0
4418,2,0.9861457882624645,1.7468403293244543,0.0
4418,3,0.8135526036892693,-1.4973393638543804,0.0
4418,4,-0.5932329858892205,-1.7787420291702334,0.0
4419,0,0.0,0.0,0.0
4419,1,-1.588979941808682,-3.429798597992319,0.0
4419,2,-1.0447018833181398,-3.6151813806598128,0.0
4419,3,-0.6478191757747527,-2.654771505044644,0.0
4419,4,-1.6340144695830947,-3.3726586380031462,0.0
4420,0,0.0,0.0,0.0
4420,1,1.7240894121875834,2.2071068752002265,0.0
4420,2,0.3608350258652475,3.082613757094823,0.0
4421,0,0.0,0.0,0.0
4421,1,-1.5761052740607264,-1.5971560686788233,0.0
4421,2,-0.6664924080004536,0.10730776444383316,0.0
4422,0,0.0,0.0,0.0
4422,1,-1.1372690136407333,-2.2952905182850354,0.0
4422,2,-1.0763292169133054,-1.8969944014648594,0.0
4423,0,0.0,0.0,0.0
4423,1,1.1442170658651882,0.7428381810930802,0.0
4423,2,0.7639802742703453,1.5058199006933448,0.0
4424,0,0.0,0.0,0.0
4424,1,-0.018552485421786447,-0.6665639653950095,0.0
4424,2,0.2639597958364557,1.8161858259682413,0.0
4424,3,-0.18560666533617587,-0.04409934014319461,0.0
4424,4,0.6193282922231158,0.9669656371879318,0.0
4424,5,2.7515660187796662,-0.5990236196842049,0.0
4424,6,3.249508174700127,1.01255632653722,0.0
4424,7,2.037098618189214,2.0355998999509097,0.0
4425,0,0.0,0.0,0.0
4425,1,-1.6489771550536338,-1.606936449662039,0.0
4425,2,0.138600817055075,-0.7276798153283301,0.0
4426,0,0.0,0.0,0.0
4426,1,4.049582169628535,-0.769879439069407,0.0
4426,2,3.9327838204996532,-1.6883403562106007,0.0
4427,0,0.0,0.0,0.0
4427,1,2.172267786447259,0.9138746013599294,0.0
4427,2,2.4913241281376166,1.4861291522383837,0.0
4427,3,2.874732004962613,1.4196589102267758,0.0
4427,4,4.214010021329335,0.6092983840357894,0.0
4428,0,0.0,0.0,0.0
4428,1,-0.329740025015244,-0.22403298148456985,0.0
4428,2,-1.422355425237075,0.7052372233911384,0.0
4429,0,0.0,0.0,0.0
4429,1,-1.6002000171171356,-0.29753408306311196,0.0
4429,2,-2.448655953892112,-0.08836303201568846,0.0
4430,0,0.0,0.0,0.0
4430,1,-0.10465353185278414,0.6854563714924141,0.0
4430,2,-2.874469426516841,0.3363624875507245,0.0
4430,3,-2.2212540671292045,-0.784753794358795,0.0
4431,0,0.0,0.0,0.0
4431,1,-5.180252291646684,0.010007143153975662,0.0
4431,2,-4.588461342749316,-0.4815470688161012,0.0
4431,3,-3.8956271482274323,-2.131008400177026,0.0
4432,0,0.0,0.0,0.0
4432,1,-1.1970034179779812,0.9090213418351132,0.0
4432,2,0.8817761686422334,0.5896711912114618,0.0
4432,3,1.0175764128900906,1.5463111734960693,0.0
4433,0,0.0,0.0,0.0
4433,1,0.49042458484046003,1.87382385197846,0.0
4433,2,-0.9690604587623367,1.124675210352888,0.0
4433,3,1.2354261394811101,2.0442875211893843,0.0
4434,0,0.0,0.0,0.0
4434,1,0.07075857330718538,0.4788228558102738,0.0
4434,2,0.7970974920149088,1.134157496738766,0.0
4434,3,0.8528634790130147,0.6331060385744183,0.0
4434,4,1.6235057684929632,0.1376757113656889,0.0
4434,5,0.3954252511378922,-1.9659239658002137,0.0
4434,6,1.8416180464566159,-1.1072624439127532,0.0
4435,0,0.0,0.0,0.0
4435,1,-0.6042403082608321,-0.35190136121610016,0.0
4435,2,0.6014988003682762,1.1271669689289798,0.0
4435,3,-0.03186418419338011,3.504728885501725,0.0
4435,4,0.48550115058593946,2.815962407968348,0.0
4435,5,-0.3801020903069,-0.03691338981207251,0.0
4435,6,2.0899427868425304,0.8761516550788154,0.0
4435,7,2.357499739929848,-0.23236450621155505,0.0
4436,0,0.0,0.0,0.0
4436,1,2.9115091440351097,0.3950357189587952,0.0
4436,2,0.19507680244730308,-0.5633824945585812,0.0
4436,3,1.358878195562091,-0.43787597352883867,0.0
4437,0,0.0,0.0,0.0
4437,1,-0.592013096968214,-1.503619661248596,0.0
4437,2,2.178402890014128,-1.0380818903214015,0.0
4438,0,0.0,0.0,0.0
4438,1,1.361570699771849,0.3487636250344486,0.0
4438,2,0.7640846917160481,0.02172848125259419,0.0
4438,3,0.6235467486183962,0.6321781356791232,0.0
4438,4,0.573665110549333,-0.8743415584401291,0.0
4438,5,-1.2245215717034694,-0.3483991333288996,0.0
4439,0,0.0,0.0,0.0
4439,1,0.5549676206205391,-3.421548458621119,0.0
4439,2,-2.5794023197576172,-4.567967524338478,0.0
4440,0,0.0,0.0,0.0
4440,1,-1.6490320393652629,0.1991285568590102,0.0
4440,2,-1.384039757267294,1.5160373288726041,0.0
4441,0,0.0,0.0,0.0
4441,1,0.7439483540044387,-0.5856297436882278,0.0
4441,2,2.019299898777899,-1.4231149656190483,0.0
4442,0,0.0,0.0,0.0
4442,1,-0.9200124932440312,-0.34616845345106084,0.0
4442,2,-0.018047714374251456,1.4982164595524976,0.0
4442,3,0.2239427349329306,1.1031941985597882,0.0
4442,4,0.8637432522362358,-0.1391864983819543,0.0
4443,0,0.0,0.0,0.0
4443,1,-1.6018888607452044,-1.093409753927023,0.0
4443,2,-3.761050828439388,-2.15689414735588,0.0
4443,3,-4.515797858321265,-0.8274817104179879,0.0
4444,0,0.0,0.0,0.0
4444,1,2.45782053787715,-1.0077346693229192,0.0
4444,2,1.5369810975411817,-0.38910778923799216,0.0
4444,3,-1.4418839636795493,0.6821574486059645,0.0
4445,0,0.0,0.0,0.0
4445,1,0.2906009121892408,0.364263869740008,0.0
4445,2,0.2749619094333473,2.977220951346938,0.0
4445,3,2.223158110969293,2.730191251358751,0.0
4445,4,1.621067042568623,3.8284327785919325,0.0
4445,5,0.7214851931779578,2.8498414923214805,0.0
4446,0,0.0,0.0,0.0
4446,1,0.030996448241285002,0.15598758122133516,0.0
4446,2,1.4116362659176152,0.30831879431841,0.0
4447,0,0.0,0.0,0.0
4447,1,-1.6864948570334557,0.07516351347510564,0.0
4447,2,-2.903240764306336,1.568731865137784,0.0
4447,3,-1.4542371053661272,-0.9969344729515106,0.0
4447,4,-1.4999297927817783,0.09857252553782742,0.0
4447,5,-0.6218060268543923,1.3775885858906198,0.0
4447,6,0.5173876207768329,1.3446144156114261,0.0
4448,0,0.0,0.0,0.0
4448,1,1.4076446557029179,-3.41942139895398,0.0
4448,2,0.9471413222918807,-1.2089164465443525,0.0
4448,3,0.20521163136854503,-0.8676319693164283,0.0
4448,4,0.9986584678776411,-1.5510896696664065,0.0
4449,0,0.0,0.0,0.0
4449,1,0.13197064830710706,-1.2221289224088163,0.0
4449,2,1.3503734377814889,-1.7049293234386202,0.0
4450,0,0.0,0.0,0.0
4450,1,-1.3331616975555822,-1.649162481206383,0.0
4450,2,-1.2993433151049807,-1.8407170524595482,0.0
4451,0,0.0,0.0,0.0
4451,1,-0.2536553414551801,-1.2321338430324793,0.0
4451,2,-0.24762650419460647,0.045658569269768634,0.0
4452,0,0.0,0.0,0.0
4452,1,1.3354280337267501,-0.5099422392691969,0.0
4452,2,0.9153313992354479,-0.7740035377170186,0.0
4452,3,0.8408501058077054,1.5561609768071327,0.0
4452,4,1.0586386805176558,-1.61584512042762,0.0
4452,5,0.27205174555434564,-0.8983077171110161,0.0
4453,0,0.0,0.0,0.0
4453,1,0.5844121952832964,1.123175827228199,0.0
4453,2,0.46649321938415833,0.5765632581942518,0.0
4454,0,0.0,0.0,0.0
4454,1,-1.0751059239918521,-0.9104379106819851,0.0
4454,2,0.653153619843565,0.6515091817125302,0.0
4454,3,-0.10573646105853887,-0.2958772477706171,0.0
4454,4,-0.3924256147185585,-1.4031470118028209,0.0
4454,5,0.5444594806291493,-0.7606675782754888,0.0
4454,6,0.2655615366154276,-1.9786390391343993,0.0
4455,0,0.0,0.0,0.0
4455,1,-2.093398728922871,-2.38680407685238,0.0
4455,2,-0.5164658156392243,1.320846225236671,0.0
4455,3,-1.6811608167518026,0.5284016367574889,0.0
4455,4,-3.2499439719436376,-2.080064919295304,0.0
4455,5,-3.933084246393851,-2.0445994933709044,0.0
4456,0,0.0,0.0,0.0
4456,1,-1.6431298193486576,0.7912960052480738,0.0
4456,2,0.025442029965670694,3.038973524153562,0.0
4456,3,-0.9118470977897124,1.9873664620669491,0.0
4456,4,-0.47284785786618844,3.852475175826699,0.0
4457,0,0.0,0.0,0.0
4457,1,1.0208413076272385,-1.4172033932806771,0.0
4457,2,0.8226808492338555,-3.290189959608231,0.0
4457,3,0.37670746937924626,-3.5989115417266975,0.0
4458,0,0.0,0.0,0.0
4458,1,-0.5622861773052149,-0.16404041840599692,0.0
4458,2,-2.5712982712748014,1.2250266233124514,0.0
4459,0,0.0,0.0,0.0
4459,1,2.1073714203643763,0.799256735423305,0.0
4459,2,3.027397318858041,0.8793318813600074,0.0
4460,0,0.0,0.0,0.0
4460,1,-0.8665405190724822,1.2672196586102693,0.0
4460,2,1.2105008637255745,1.1946494212047716,0.0
4460,3,0.29110720148635405,0.7962110163668288,0.0
4461,0,0.0,0.0,0.0
4461,1,-2.1848129078227045,0.6896420714526021,0.0
4461,2,-0.8529669109444378,-0.4671627814973349,0.0
4462,0,0.0,0.0,0.0
4462,1,-3.4885431446427035,0.6754012458553621,0.0
4462,2,-0.769677007575849,-0.7096397510743786,0.0
4462,3,-2.263269990590128,2.24857065498101,0.0
4462,4,-2.885082996202786,2.6627741207917386,0.0
4462,5,-1.6911625643227028,2.820313599317508,0.0
4462,6,-1.3043256353042967,1.5882359285663483,0.0
4462,7,-2.294164217317045,2.589768128954039,0.0
4463,0,0.0,0.0,0.0
4463,1,-0.6663766473150388,-0.1433028365125022,0.0
4463,2,-0.514971076145194,-0.1214231474842089,0.0
4464,0,0.0,0.0,0.0
4464,1,1.5651862812373536,1.2006109102271938,0.0
4464,2,0.837101708411395,2.850511583317133,0.0
4465,0,0.0,0.0,0.0
4465,1,0.07824010624674999,0.4765633738833386,0.0
4465,2,-0.45645188872202797,0.8898054921106362,0.0
4465,3,-0.28712529593849184,-0.037074738033640475,0.0
4465,4,-1.0857142491599439,-0.06409612166856737,0.0
4466,0,0.0,0.0,0.0
4466,1,-0.1047382873674938,0.20516241499173907,0.0
4466,2,1.8185649442221865,1.7901016104339549,0.0
4466,3,3.920280472791206,2.495487499626954,0.0
4467,0,0.0,0.0,0.0
4467,1,1.2142007590531183,-0.24676876831980243,0.0
4467,2,2.532479335072091,-1.8052312859452746,0.0
4467,3,-0.0958734746581924,0.9101439503750544,0.0
4467,4,-0.5751708256021302,2.9052979574858004,0.0
4467,5,2.420251276420334,2.1062693168447812,0.0
4468,0,0.0,0.0,0.0
4468,1,-0.48496223081206913,0.44050736770025845,0.0
4468,2,-0.49129654127548683,3.3382119134478083,0.0
4468,3,-0.6993816078058632,1.458368427375068,0.0
4468,4,-1.8907276518621106,-0.20689366790368457,0.0
4469,0,0.0,0.0,0.0
4469,1,-0.011909935894400703,-0.22856201816444077,0.0
4469,2,-1.5623547130418687,1.8278783350086636,0.0
4469,3,0.15704899690190666,-0.23810479242307103,0.0
4470,0,0.0,0.0,0.0
4470,1,1.4141971910271438,-0.5977429011835496,0.0
4470,2,3.001947489648855,-0.9584209963691528,0.0
4470,3,2.2456106470941615,0.5075247655737372,0.0
4471,0,0.0,0.0,0.0
4471,1,-2.2401602047847113,-1.2013726728050615,0.0
4471,2,-2.1280990458010205,0.00010351784480960857,0.0
4472,0,0.0,0.0,0.0
4472,1,1.8171994357974999,0.08295644973103725,0.0
4472,2,2.455402124381134,-0.7069260377152335,0.0
4473,0,0.0,0.0,0.0
4473,1,2.4229169536476043,-0.8613539297840453,0.0
4473,2,-0.19774340042062688,-0.1523153076620435,0.0
4474,0,0.0,0.0,0.0
4474,1,-2.5316555690254856,-0.7869816530639646,0.0
4474,2,-0.6075704358536205,1.5615913836645652,0.0
4475,0,0.0,0.0,0.0
4475,1,0.08322998928476921,-0.9277463425092294,0.0
4475,2,-1.5230552397198216,-0.3015368507493903,0.0
4475,3,-0.3566710047250701,-2.5334628150732,0.0
4476,0,0.0,0.0,0.0
4476,1,-1.0636842045382342,-0.5512993344937799,0.0
4476,2,-3.424982562353689,-0.51951049074112,0.0
4477,0,0.0,0.0,0.0
4477,1,-3.340351264079983,0.042319892551271776,0.0
4477,2,-2.8732518828630713,-1.8807076117702588,0.0
4477,3,-1.9453006995420064,-2.07684154432539,0.0
4478,0,0.0,0.0,0.0
4478,1,1.284579419769715,-0.09839504186290515,0.0
4478,2,-0.32031636724470774,2.32460883975226,0.0
4479,0,0.0,0.0,0.0
4479,1,-0.8252139925649068,0.6258810737017845,0.0
4479,2,-1.0573916526047795,-0.6846217100310411,0.0
4479,3,-1.365967676528824,1.0060128008088143,0.0
4480,0,0.0,0.0,0.0
4480,1,3.17498552722239,-0.3108661762588258,0.0
4480,2,1.9379338799377896,-0.3328817716708793,0.0
4481,0,0.0,0.0,0.0
4481,1,-3.4354442102165805,-0.554735369949249,0.0
4481,2,-1.2192149090303461,-0.061161046675271,0.0
4481,3,-3.6837763171679705,-1.722552130339058,0.0
4481,4,-1.8294860444207977,-3.0215417069361954,0.0
4481,5,-1.3032614164055356,-3.0616998661137624,0.0
4482,0,0.0,0.0,0.0
4482,1,-2.3358461049839834,-0.7779371950138539,0.0
4482,2,-0.6125105350671616,0.9553303759970172,0.0
4483,0,0.0,0.0,0.0
4483,1,1.429852493542042,0.878754542773885,0.0
4483,2,-0.9940153292629139,0.44638824813570704,0.0
4483,3,0.26162638605504185,2.101261060150394,0.0
4484,0,0.0,0.0,0.0
4484,1,-0.34099474029580445,-0.6299893716794421,0.0
4484,2,1.1086358713303506,0.8284116284827469,0.0
4485,0,0.0,0.0,0.0
4485,1,-1.2442995515910185,1.1231796503522615,0.0
4485,2,-0.5101427409078361,0.018393505167791202,0.0
4486,0,0.0,0.0,0.0
4486,1,1.8706995176172894,-1.5000237937163832,0.0
4486,2,1.6178510897694243,-1.262595731426892,0.0
4487,0,0.0,0.0,0.0
4487,1,-0.4565836429354646,0.5274123574763908,0.0
4487,2,-1.317420807228264,1.2267235260731901,0.0
4487,3,-0.03988712956896978,1.9611362824786989,0.0
4488,0,0.0,0.0,0.0
4488,1,-0.11488032539114212,2.110216018250973,0.0
4488,2,1.8232861887003498,1.1615727590087526,0.0
4489,0,0.0,0.0,0.0
4489,1,-1.1738221461469085,-2.7975724906089368,0.0
4489,2,-3.218682988499388,-1.0815775738283895,0.0
4489,3,-2.3342870481805122,-3.5714966619946065,0.0
4489,4,-3.4491462978832175,-2.533941551476595,0.0
4490,0,0.0,0.0,0.0
4490,1,0.6934929238033292,0.0761476324694974,0.0
4490,2,0.8881327610249032,-0.9676405823112135,0.0
4491,0,0.0,0.0,0.0
4491,1,-0.9337456444565291,-0.12131089668486408,0.0
4491,2,-2.268627789301778,-1.8983604741725635,0.0
4492,0,0.0,0.0,0.0
4492,1,0.13976049547982283,-2.1103926790878282,0.0
4492,2,-1.357502743797948,-1.3346877564565665,0.0
4492,3,-4.08189508352284,1.4064740067410497,0.0
4493,0,0.0,0.0,0.0
4493,1,-1.5866727060747854,-0.2811593449227979,0.0
4493,2,-0.7867966618862305,-0.890103011329228,0.0
4493,3,-2.380749377675362,0.25700370533277195,0.0
4493,4,-2.9610547785700594,0.8855872744832682,0.0
4494,0,0.0,0.0,0.0
4494,1,-0.25284397081168175,-0.2881277495679402,0.0
4494,2,0.25917546591802,-0.4869098948273771,0.0
4494,3,0.3248933486139072,-0.21079892020451907,0.0
4494,4,2.033242365520836,-0.8638395436990823,0.0
4495,0,0.0,0.0,0.0
4495,1,0.10268694723800136,0.553776936001484,0.0
4495,2,-1.5014481190309108,0.3391709343032059,0.0
4495,3,-1.0187052815414521,1.6308733088884204,0.0
4495,4,-0.19263246728900407,0.8526293988497432,0.0
4496,0,0.0,0.0,0.0
4496,1,-2.6973599225631117,-1.0946876421292133,0.0
4496,2,-0.3047171008875963,-0.6885412298663185,0.0
4496,3,-0.042830866790054656,-1.2171074526670087,0.0
4496,4,0.8840105962127969,-1.1657383054670856,0.0
4497,0,0.0,0.0,0.0
4497,1,-2.352389528584427,-0.06787385926689948,0.0
4497,2,-2.4081494559637284,-1.1414899828167129,0.0
4497,3,-2.6754110112695706,-1.001902719580305,0.0
4497,4,-1.5030059113400478,-1.3606182144800414,0.0
4498,0,0.0,0.0,0.0
4498,1,1.2617656684685004,-0.6811943666359108,0.0
4498,2,-0.3578055346036151,-1.1890716782089483,0.0
4499,0,0.0,0.0,0.0
4499,1,-1.1347588268127866,-1.1170585147214678,0.0
4499,2,-1.6875666333448092,-1.0336665231095734,0.0
4499,3,-2.5701947366350026,-0.6938820711032978,0.0
4499,4,0.563851132104163,-3.537935814436479,0.0
4499,5,0.9198552422467161,-1.7248427537235649,0.0
4500,0,0.0,0.0,0.0
4500,1,0.639682612519706,-1.5188421440849764,0.0
4500,2,-1.5066579829425637,-2.8092020036164795,0.0
4500,3,-0.42133261192582383,-3.6027671775166183,0.0
4501,0,0.0,0.0,0.0
4501,1,-1.491688187718168,-1.5896962640431982,0.0
4501,2,-0.5022915055057982,-0.6001392970264183,0.0
4502,0,0.0,0.0,0.0
4502,1,2.082182825757806,0.634414314458109,0.0
4502,2,3.222276691208039,1.1569224645806568,0.0
4502,3,2.514281698472437,4.151886907561563,0.0
4502,4,3.415730518105857,1.1945731318128177,0.0
4502,5,5.549283226237909,4.642440825141257,0.0
4503,0,0.0,0.0,0.0
4503,1,-2.2589692820121985,-0.5039440038104126,0.0
4503,2,-3.730190351414818,0.312846672420459,0.0
4504,0,0.0,0.0,0.0
4504,1,-0.760991609780953,-2.3849030325300693,0.0
4504,2,0.4214239729078164,-2.327572328837176,0.0
4504,3,-0.009961117784008433,-2.644597657297994,0.0
4505,0,0.0,0.0,0.0
4505,1,1.7809585663027594,-0.39916154881338883,0.0
4505,2,0.5900718378176807,2.166487855199412,0.0
4506,0,0.0,0.0,0.0
4506,1,2.544116064492372,0.14262908166703836,0.0
4506,2,2.9605926335569652,-2.0577590768700373,0.0
4506,3,3.417701293513356,-2.1007622333401477,0.0
4506,4,3.083674016027871,-0.18532391506242463,0.0
4507,0,0.0,0.0,0.0
4507,1,1.3795726244982283,2.3260883378428585,0.0
4507,2,4.791734655564763,1.6654630346563786,0.0
4508,0,0.0,0.0,0.0
4508,1,-0.6225370818817686,2.8468272227580327,0.0
4508,2,-0.8831408526724347,2.448058395415354,0.0
4508,3,-0.5075705152819419,3.808926702277151,0.0
4509,0,0.0,0.0,0.0
4509,1,0.43484158452002886,-2.3375737253590017,0.0
4509,2,1.0550409233551532,-3.2762862140610203,0.0
4509,3,1.8711620527020503,-3.1677470444780007,0.0
4509,4,2.042802103711257,-4.094351393418636,0.0
4509,5,1.256948891788372,-2.4926835841254884,0.0
4510,0,0.0,0.0,0.0
4510,1,0.4157755674678125,-0.4633582065033701,0.0
4510,2,1.629764106079246,1.346391754491282,0.0
4511,0,0.0,0.0,0.0
4511,1,0.14479308116402195,-0.8613341744442804,0.0
4511,2,-1.8718977027434225,-1.0378225394529228,0.0
4512,0,0.0,0.0,0.0
4512,1,-0.4243621162654545,-0.14093595208073006,0.0
4512,2,-1.0788316556348678,2.314300878352972,0.0
4512,3,0.004289994151431165,2.4855295683467213,0.0
4513,0,0.0,0.0,0.0
4513,1,-1.5059742650471752,-0.9896598499012828,0.0
4513,2,0.9669967520028491,0.970492674495318,0.0
4514,0,0.0,0.0,0.0
4514,1,-1.0733320433308706,0.5001293895902355,0.0
4514,2,-0.6336567402970863,-0.5209960830949543,0.0
4514,3,-0.4772429112328954,-0.4679366194412302,0.0
4514,4,0.18687025272880137,0.34595445635416544,0.0
4515,0,0.0,0.0,0.0
4515,1,1.3550125400185036,3.0224753124754256,0.0
4515,2,4.2283081133527975,0.722571439755721,0.0
4515,3,2.0227981046903927,0.08492061617987567,0.0
4516,0,0.0,0.0,0.0
4516,1,-1.6357404081741027,-1.4605694633275537,0.0
4516,2,-2.2719647868663433,-2.487599495546812,0.0
4516,3,-3.2502772678891287,-1.498436205660691,0.0
4517,0,0.0,0.0,0.0
4517,1,-0.2411738743329337,0.5984658602284851,0.0
4517,2,-2.480389004704409,-0.5891584971172246,0.0
4518,0,0.0,0.0,0.0
4518,1,-1.5410573498627786,0.5458448953121197,0.0
4518,2,-0.20775942652476487,0.3797338740907108,0.0
4519,0,0.0,0.0,0.0
4519,1,-0.87584485976617,1.1272712693374765,0.0
4519,2,-0.762043388604055,1.8167923138768254,0.0
4520,0,0.0,0.0,0.0
4520,1,-0.40070799969230064,1.9048413708013174,0.0
4520,2,-1.0709122759158833,3.626104944126148,0.0
4520,3,-1.1706551694015048,0.09942519728748783,0.0
4521,0,0.0,0.0,0.0
4521,1,0.4808783574995822,0.2506528510655581,0.0
4521,2,-0.5490488540108093,0.15053253623845997,0.0
4521,3,-0.7444877618148728,0.2719104203771896,0.0
4521,4,-1.914847922859505,0.35571180470555985,0.0
4521,5,-1.7575122755784618,-0.42556188439083753,0.0
4521,6,-2.6547251317302805,0.6686162335050998,0.0
4522,0,0.0,0.0,0.0
4522,1,0.5332746761037994,-1.1904717249194678,0.0
4522,2,1.6916444554987755,-1.8326746331326713,0.0
4523,0,0.0,0.0,0.0
4523,1,-2.286568827947992,-2.0208843644100614,0.0
4523,2,-1.9063655366487626,-1.8398891700068534,0.0
4523,3,0.1430757225599446,-2.1447836246309864,0.0
4523,4,-0.36447424957402574,-2.0436353509036356,0.0
4523,5,-0.797705248131485,-3.193272568006124,0.0
4523,6,0.8974745938050444,-3.583230884238033,0.0
4523,7,0.6302780300773032,-3.378409951592722,0.0
4523,8,-1.8545875244098438,-5.42434698605304,0.0
4524,0,0.0,0.0,0.0
4524,1,0.6001858139285294,3.9503506446178753,0.0
4524,2,-1.2595800064320106,5.669328422950382,0.0
4524,3,0.6633270533871609,6.5141965897111,0.0
4525,0,0.0,0.0,0.0
4525,1,1.3952803611070028,0.6313588260277541,0.0
4525,2,-0.40089205763648655,-0.8624724693471968,0.0
4525,3,-0.8895152733578091,-1.5420965443020238,0.0
4525,4,-3.5173853135299264,-1.1408782865580605,0.0
4525,5,-1.4874206296256842,-0.40998055350840557,0.0
4525,6,-2.742520637389459,0.6397087660429015,0.0
4526,0,0.0,0.0,0.0
4526,1,0.6566094269246742,-1.143245510655461,0.0
4526,2,0.44737985020571636,-1.545127983878813,0.0
4526,3,0.8803870786110454,1.6691281660260413,0.0
4526,4,3.3632933902240847,1.2415733185321838,0.0
4526,5,3.282178881877712,-0.6856752695903559,0.0
4527,0,0.0,0.0,0.0
4527,1,-0.04975571421508618,-1.1235406741161826,0.0
4527,2,-3.2066197203650266,-2.8010791268641313,0.0
4527,3,-4.9943217375373425,-0.9478690179841518,0.0
4527,4,-3.794727204393458,-2.544335061374019,0.0
4527,5,-5.149839348467172,-3.0919854051673252,0.0
4527,6,-3.5867238957066507,-0.08688801240577071,0.0
4527,7,-3.3280309802204036,0.19001989052135215,0.0
4528,0,0.0,0.0,0.0
4528,1,-2.5509873832428553,1.6751020011771307,0.0
4528,2,-3.203746040776122,1.2067799357956734,0.0
4529,0,0.0,0.0,0.0
4529,1,0.2552480719458079,-1.1119161370287391,0.0
4529,2,1.8469941801789531,-1.2290794938877472,0.0
4529,3,1.6752361645480234,-3.3739765196190197,0.0
4529,4,3.026280308945494,-3.4693081047606227,0.0
4530,0,0.0,0.0,0.0
4530,1,-1.004070834239394,1.0963860178550855,0.0
4530,2,1.5026830916153657,0.7465921708860763,0.0
4530,3,1.9352561945304045,2.3433829160850297,0.0
4530,4,1.3445210032614257,0.6614192961385463,0.0
4530,5,1.682700028506731,1.7814068306362043,0.0
4531,0,0.0,0.0,0.0
4531,1,0.054316983846960154,3.173235638159717,0.0
4531,2,-1.8334624286233503,2.6290422488208742,0.0
4531,3,-1.626044524290466,2.3338493822896034,0.0
4532,0,0.0,0.0,0.0
4532,1,-0.5724944608957726,-0.42602454128567746,0.0
4532,2,1.8750279453203182,-2.585829144165654,0.0
4532,3,3.233503129273132,-1.1401887484715143,0.0
4532,4,3.0729728270701138,-1.7633254947094161,0.0
4532,5,2.3811442440009074,-1.1159402739269393,0.0
4532,6,2.3246180998105013,-2.6093614756468746,0.0
4533,0,0.0,0.0,0.0
4533,1,1.205928088220045,1.3438945928966237,0.0
4533,2,0.4185196528678068,1.4571670290109326,0.0
4533,3,1.2949181850338665,-0.36155970263955295,0.0
4533,4,0.5552228506054955,-0.6767706017733801,0.0
4533,5,2.8978384995703435,0.32834004413325046,0.0
4533,6,0.28967138987286356,-0.022241796618424348,0.0
4534,0,0.0,0.0,0.0
4534,1,0.9534323980990229,0.0172522299000894,0.0
4534,2,-0.20952287504467737,-0.19174826452541963,0.0
4535,0,0.0,0.0,0.0
4535,1,-0.48318334092951076,-0.2710076025759112,0.0
4535,2,-0.27662525778671476,-1.208098512835642,0.0
4535,3,0.16041046806837933,-1.8674798556543353,0.0
4535,4,2.2438525101577977,-1.8522466719793156,0.0
4536,0,0.0,0.0,0.0
4536,1,-0.7575563872325094,-1.6299296371137955,0.0
4536,2,-0.8510378190669773,-1.753988794778669,0.0
4537,0,0.0,0.0,0.0
4537,1,-2.567916614909505,0.25769759850831636,0.0
4537,2,0.5583103982175874,-2.230914068281149,0.0
4538,0,0.0,0.0,0.0
4538,1,-0.9493546378518136,0.24879775327346154,0.0
4538,2,0.9212808808578512,-2.188576260395833,0.0
4538,3,-0.8395738576811307,-2.4984538559757232,0.0
4538,4,1.7586188932077804,-2.4866393059597214,0.0
4539,0,0.0,0.0,0.0
4539,1,0.42774390912201565,-2.047880493914804,0.0
4539,2,2.001093280508287,-2.419874165045791,0.0
4539,3,1.1849455683816459,-1.8010388478133228,0.0
4539,4,1.3096423930304506,-2.1067051825819414,0.0
4539,5,1.3625273007969856,-2.0978712775473367,0.0
4540,0,0.0,0.0,0.0
4540,1,1.5597523337189327,2.4422376773606422,0.0
4540,2,0.801732617191812,1.8935464226220744,0.0
4541,0,0.0,0.0,0.0
4541,1,0.4775158775814094,-0.3392779076912887,0.0
4541,2,-0.4346199874496243,0.5188851570579408,0.0
4542,0,0.0,0.0,0.0
4542,1,0.11775149415136044,1.2054324190284456,0.0
4542,2,0.7041663538394705,1.8602675061282203,0.0
4542,3,-1.0736533136162967,0.891900563766011,0.0
4542,4,-0.8222799212035559,4.277438078100738,0.0
4542,5,2.44781007614033,5.119479203956544,0.0
4542,6,3.119145429643903,3.7305745931763443,0.0
4542,7,0.9821619491491878,1.876461059032348,0.0
4543,0,0.0,0.0,0.0
4543,1,2.0051126856631485,-0.8001609719828852,0.0
4543,2,2.53627903595896,1.1455637625085502,0.0
4543,3,3.059877764452784,2.3326235622332625,0.0
4543,4,0.6367178209406521,2.953385344256209,0.0
4544,0,0.0,0.0,0.0
4544,1,-1.468624204223133,0.07849475028352387,0.0
4544,2,-0.38676780081195394,-1.5200622756371964,0.0
4544,3,-1.0393199244496671,-3.1284363929778873,0.0
4544,4,-0.7923112008123867,-3.4192552109403236,0.0
4544,5,-1.4430464085472476,-2.920215621128468,0.0
4545,0,0.0,0.0,0.0
4545,1,1.1008192662887384,-2.127283972566077,0.0
4545,2,0.49167480465282215,-0.34903430173364214,0.0
4545,3,0.7748050877390827,0.5011989725699726,0.0
4545,4,0.521354346390561,1.0289569765687134,0.0
4545,5,1.0024257909290941,0.8388238955127131,0.0
4546,0,0.0,0.0,0.0
4546,1,0.3688641104229218,0.3849376432802667,0.0
4546,2,1.34606782945978,0.9302216178767363,0.0
4547,0,0.0,0.0,0.0
4547,1,-0.8629551737233507,2.380198174964361,0.0
4547,2,2.0017664296448854,1.2739813902577986,0.0
4547,3,-0.6058138689442791,1.469733015753755,0.0
4547,4,1.3439941272445841,3.3627611195447913,0.0
4548,0,0.0,0.0,0.0
4548,1,0.97226218041854,-1.2538969335642531,0.0
4548,2,0.4651077829255734,-2.4503182269294306,0.0
4548,3,0.7575619654883501,-0.8839503192877161,0.0
4548,4,0.55497860841451,-0.7830500570354952,0.0
4548,5,2.1455834560026426,0.27392651905815396,0.0
4549,0,0.0,0.0,0.0
4549,1,-1.2402311696856834,0.48752163092320755,0.0
4549,2,-1.8967729763881276,0.9257127675324536,0.0
4549,3,-1.2085368481640089,0.42201709837771384,0.0
4549,4,-3.614137892363505,-1.0995320848838137,0.0
4549,5,-3.1676191714702076,-0.9391180751561201,0.0
4550,0,0.0,0.0,0.0
4550,1,-0.5437109059692716,-0.3573952184133091,0.0
4550,2,-2.085978073017049,1.2459147307941691,0.0
4551,0,0.0,0.0,0.0
4551,1,-2.9042471908755014,-2.1728690349312814,0.0
4551,2,-4.195371774053591,-0.2966069963085484,0.0
4551,3,-3.4677448159981523,0.7173165344222994,0.0
4552,0,0.0,0.0,0.0
4552,1,0.16991715546089536,-1.1588115471676748,0.0
4552,2,2.882723438243881,-0.9419722411268304,0.0
4553,0,0.0,0.0,0.0
4553,1,-0.020515428804490254,-0.2398401397121186,0.0
4553,2,1.433748637635101,-1.3658144653574236,0.0
4554,0,0.0,0.0,0.0
4554,1,1.188952655308561,1.8875424936803278,0.0
4554,2,0.8046493629788496,1.9085097805730173,0.0
4554,3,-1.0089616110065378,1.3427108874595484,0.0
4554,4,-0.7982758843823732,2.563593830542324,0.0
4555,0,0.0,0.0,0.0
4555,1,0.7355924105609698,-0.9036706178591714,0.0
4555,2,-1.1382507117484666,-1.704842362156041,0.0
4556,0,0.0,0.0,0.0
4556,1,0.12218123739312792,0.6696045279221149,0.0
4556,2,0.6849716930140963,0.9461401661205134,0.0
4557,0,0.0,0.0,0.0
4557,1,-1.7722747275762372,0.3614019978283356,0.0
4557,2,0.6861006919785042,0.8949888694301295,0.0
4557,3,1.4350924521602195,-0.8091046320719235,0.0
4557,4,-0.026849773197746174,-0.9234521155561037,0.0
4557,5,0.6370446643754056,-1.8477857679326564,0.0
4557,6,0.09405564655080989,-2.072619745774059,0.0
4557,7,-2.229553683858005,-0.37868998935204456,0.0
4558,0,0.0,0.0,0.0
4558,1,0.5549636320083873,-0.9578799153641971,0.0
4558,2,2.6473206614055704,-0.3348449532804282,0.0
4558,3,3.0183457847581474,0.12283037779375627,0.0
4558,4,1.9957225955081128,0.7763642067417171,0.0
4558,5,1.259390061445667,1.6963795215500586,0.0
4558,6,-0.8329406761460008,0.5660624869673319,0.0
4558,7,0.2575335326628654,3.7767594833209093,0.0
4558,8,-0.8350829575858514,2.584770052545679,0.0
4559,0,0.0,0.0,0.0
4559,1,1.5232457460150237,-2.4107920434712535,0.0
4559,2,1.9733991071709343,-1.5379108716777756,0.0
4560,0,0.0,0.0,0.0
4560,1,-0.6943117018158467,1.745719995622738,0.0
4560,2,0.6905017778670777,-0.49432658141614744,0.0
4561,0,0.0,0.0,0.0
4561,1,-1.5719118428468395,0.6429433664598958,0.0
4561,2,1.2880175637784528,0.931466664554185,0.0
4562,0,0.0,0.0,0.0
4562,1,-3.721260954765151,0.7121406335977309,0.0
4562,2,-4.77580606457405,1.5080090045083558,0.0
4562,3,-6.569568046711025,2.1040631517865993,0.0
4562,4,-2.9380912504122882,0.7031754762666773,0.0
4562,5,-5.501828307371763,0.3438124174419325,0.0
4562,6,-5.372183647811815,0.2784189114451325,0.0
4563,0,0.0,0.0,0.0
4563,1,-0.31377255006637883,-0.849050040353155,0.0
4563,2,-0.04696961932796784,-0.6493826845530111,0.0
4563,3,-0.02624260892663033,1.4798988815394705,0.0
4563,4,1.785302968753977,1.3502640695343107,0.0
4563,5,3.471351632995704,-0.7278459522842089,0.0
4563,6,0.7548135592643572,-0.09983390940469117,0.0
4563,7,0.34674344927101264,-1.1353742686905666,0.0
4563,8,1.6533746502829223,-2.637714537495628,0.0
4564,0,0.0,0.0,0.0
4564,1,-2.9937986804424632,0.3109154852982765,0.0
4564,2,-5.063065550355521,0.2513982112521267,0.0
4564,3,-3.480581775249559,0.688526139043045,0.0
4564,4,-4.333523648372627,1.046595310526043,0.0
4564,5,-2.755764424294468,1.2311973775567784,0.0
4565,0,0.0,0.0,0.0
4565,1,1.1743746381716895,-0.7182275564549565,0.0
4565,2,1.8095974899589105,1.0045099592861886,0.0
4566,0,0.0,0.0,0.0
4566,1,1.6845493371220404,0.8782243241150653,0.0
4566,2,-1.2061345682396205,0.2868847277257831,0.0
4566,3,-1.4934043214054813,0.2986828078843915,0.0
4567,0,0.0,0.0,0.0
4567,1,0.6360838042260959,3.6577502925313707,0.0
4567,2,2.2327255925916294,2.0908613245385723,0.0
4568,0,0.0,0.0,0.0
4568,1,1.724677764197329,1.4766606044472128,0.0
4568,2,-1.1407409818788479,-0.6976024986751977,0.0
4569,0,0.0,0.0,0.0
4569,1,-2.347803559872887,2.8415662880812134,0.0
4569,2,-3.2103257723135687,2.8122313498421576,0.0
4570,0,0.0,0.0,0.0
4570,1,0.27231992693191065,-1.6255239616768822,0.0
4570,2,0.7042662433271034,-2.286162657427854,0.0
4570,3,3.366448447814826,-0.9098512504427095,0.0
4570,4,0.20471678522982328,-2.761069825477077,0.0
4570,5,1.3584942877504598,-2.9867460997403157,0.0
4570,6,-1.511367691061746,-3.4187926546773166,0.0
4570,7,-3.186728501977908,-1.7697686183896941,0.0
4570,8,-0.12499097677794735,-2.4900792176563527,0.0
4571,0,0.0,0.0,0.0
4571,1,-1.1552599196746411,0.5347241469319375,0.0
4571,2,-3.607187078651135,3.0583210475467957,0.0
4572,0,0.0,0.0,0.0
4572,1,1.1023612393597555,-1.0125794628461522,0.0
4572,2,0.7205630509158062,0.37626591743226045,0.0
4573,0,0.0,0.0,0.0
4573,1,0.4600057963277673,0.46694383707664744,0.0
4573,2,0.7375491311605127,-0.2647055070749825,0.0
4573,3,-2.334552351013233,-2.1995190800180078,0.0
4573,4,1.0803398622476943,-0.446362625438144,0.0
4573,5,0.3465043790295972,0.6987612046702142,0.0
4573,6,-0.4277064139746878,-3.1806971313015726,0.0
4574,0,0.0,0.0,0.0
4574,1,0.12658666973786525,1.5918684038555022,0.0
4574,2,-1.3287106690599435,-0.6194581729720876,0.0
4574,3,-0.9819392716579021,-1.1908670234124967,0.0
4574,4,0.8606376051900606,-2.365519902111366,0.0
4574,5,1.9274355578411984,-0.344677998904233,0.0
4574,6,0.39031112657187883,0.04676867798703732,0.0
4574,7,-0.2435461094629825,0.5855381207730681,0.0
4575,0,0.0,0.0,0.0
4575,1,-2.3387046372972073,-0.3233479868930249,0.0
4575,2,-0.6185507525977371,-1.8336921007034248,0.0
4576,0,0.0,0.0,0.0
4576,1,-0.637354535069709,-0.43437347572749285,0.0
4576,2,-0.0395768861704644,1.6844576707215038,0.0
4576,3,0.8605899587508006,2.162029950908054,0.0
4576,4,0.07618737261205766,0.7942804323428533,0.0
4576,5,2.034932613986194,-0.4586520840004402,0.0
4577,0,0.0,0.0,0.0
4577,1,0.2620121824789168,2.358072645565088,0.0
4577,2,3.7196038642720066,1.5090254849298002,0.0
4577,3,1.1911650100905304,0.43605719069623383,0.0
4578,0,0.0,0.0,0.0
4578,1,-0.5685302295192151,-1.8575963482368767,0.0
4578,2,0.6678814432521961,-0.0009867761696638055,0.0
4579,0,0.0,0.0,0.0
4579,1,-0.06896824128314383,1.7555373693308798,0.0
4579,2,-0.8891713294465557,-0.39413291431466635,0.0
4579,3,-2.262028403651971,0.6226920387686488,0.0
4580,0,0.0,0.0,0.0
4580,1,-0.47123027792280237,0.7690008792426242,0.0
4580,2,-0.129545219008818,-3.262148157047823,0.0
4580,3,0.5040693227678119,-2.733340916869781,0.0
4581,0,0.0,0.0,0.0
4581,1,-1.0787056807882864,1.4791848770682714,0.0
4581,2,-0.05290962947845734,-1.2908876067112662,0.0
4581,3,0.8152218158852031,-3.0030714786854693,0.0
4582,0,0.0,0.0,0.0
4582,1,-0.13952663328167958,-2.4167157343452583,0.0
4582,2,-2.9096341860515973,-0.7730792847388971,0.0
4583,0,0.0,0.0,0.0
4583,1,1.821481629850079,-1.1234017367081943,0.0
4583,2,1.9543473841124845,-3.725675789458443,0.0
4583,3,1.3540277612225275,-5.319519160354465,0.0
4583,4,1.148631200475348,-3.587634171819705,0.0
4584,0,0.0,0.0,0.0
4584,1,0.05757154033515985,1.7660649124134618,0.0
4584,2,-0.18313758317583517,1.8445745542019942,0.0
4585,0,0.0,0.0,0.0
4585,1,-1.3088097676366628,2.6350436946400224,0.0
4585,2,-1.2538860701950028,0.5308302529811095,0.0
4585,3,0.9328849255559866,-1.6013182913933515,0.0
4585,4,2.031660462177507,0.04241316190947142,0.0
4585,5,0.9539570675625877,0.41424402120241205,0.0
4586,0,0.0,0.0,0.0
4586,1,-1.269216346317822,-0.21525521217526986,0.0
4586,2,-3.64225226604131,0.3869816017688703,0.0
4587,0,0.0,0.0,0.0
4587,1,2.9117183985387367,0.7270637485921476,0.0
4587,2,0.3782853713375034,2.7386846281895876,0.0
4587,3,-0.06602075514346217,3.292921793291417,0.0
4587,4,3.245562551244742,2.5623514710839115,0.0
4587,5,0.6538813179101044,4.536629405838825,0.0
4588,0,0.0,0.0,0.0
4588,1,0.2384913359168832,-0.19306345511250833,0.0
4588,2,-0.34909734218130084,-1.5783484479685876,0.0
4589,0,0.0,0.0,0.0
4589,1,0.450704823710844,1.3466130908622487,0.0
4589,2,1.080594348641119,1.4678903181306624,0.0
4589,3,-0.10756651160330269,0.5552020209185118,0.0
4589,4,2.095962934836666,1.502408223251312,0.0
4590,0,0.0,0.0,0.0
4590,1,0.09965233202566814,-0.2286363295505888,0.0
4590,2,-1.280278382204706,0.4601400792232316,0.0
4591,0,0.0,0.0,0.0
4591,1,-1.7855776596128177,0.9265389237552633,0.0
4591,2,-0.051132113394348346,0.4938421860279649,0.0
4592,0,0.0,0.0,0.0
4592,1,0.6660358340000443,0.9174272147337028,0.0
4592,2,-1.0184217909548372,1.8515466741141746,0.0
4593,0,0.0,0.0,0.0
4593,1,-0.08268498506449681,-1.0601164888353851,0.0
4593,2,0.6043347610302345,-2.4280492650414236,0.0
4593,3,-0.4617795369674915,-1.006540951998758,0.0
4594,0,0.0,0.0,0.0
4594,1,-2.0476660903710977,2.4273913181754936,0.0
4594,2,0.13282077297638084,1.5577133669727785,0.0
4594,3,-0.5186597775731625,2.260039050884671,0.0
4595,0,0.0,0.0,0.0
4595,1,-0.25949630368251153,1.7133375537010807,0.0
4595,2,-1.2339429793325387,-0.07678060868514229,0.0
4595,3,-2.30410765663143,1.9065875502969492,0.0
4596,0,0.0,0.0,0.0
4596,1,1.2942351493972586,1.7924869811278825,0.0
4596,2,0.08893169053584471,3.303699935919263,0.0
4596,3,1.399737268428773,-0.7652891972807943,0.0
4597,0,0.0,0.0,0.0
4597,1,0.8721039231678308,0.8249429962039166,0.0
4597,2,-0.36683461300209713,1.1061706692159357,0.0
4597,3,3.6726594401694017,-1.0522339866830492,0.0
4597,4,1.7718542675614732,-2.350177774049902,0.0
4598,0,0.0,0.0,0.0
4598,1,-2.272310920300783,-0.22702674094110428,0.0
4598,2,1.62427047525295,0.9007579803867664,0.0
4598,3,0.2507211377042493,0.08109808645395726,0.0
4599,0,0.0,0.0,0.0
4599,1,-0.1579660687882054,0.22698562161489122,0.0
4599,2,1.791712942564756,0.6426941138615249,0.0
4599,3,-0.22517585606598667,1.5488634711272238,0.0
4599,4,0.6740583087043978,2.081768459784882,0.0
4600,0,0.0,0.0,0.0
4600,1,1.9400670645785314,1.1885171910830241,0.0
4600,2,1.7431442046800267,-2.2547318568613743,0.0
4601,0,0.0,0.0,0.0
4601,1,0.39227523510514056,-0.3847131445866508,0.0
4601,2,-0.9309029979442458,-2.5556360214429206,0.0
4601,3,0.2953293502303662,-0.15443271645129902,0.0
4601,4,0.1703907414799184,-1.9487929525347547,0.0
4601,5,0.8418370343643612,-2.445837518985209,0.0
4602,0,0.0,0.0,0.0
4602,1,1.3614996493334333,1.7887693787277894,0.0
4602,2,-1.0949754161791845,-0.2642862573075435,0.0
4602,3,-2.230809387798704,2.1945375643509033,0.0
4603,0,0.0,0.0,0.0
4603,1,0.4307801843092216,1.0312286275385374,0.0
4603,2,-0.04029893414660091,2.904278275909353,0.0
4603,3,-1.3714274571110554,2.6630416023236307,0.0
4603,4,-1.5362345286271628,4.254340530162848,0.0
4603,5,0.8723147232107982,1.3970635016182016,0.0
4603,6,0.6050488195981436,2.05462514834099,0.0
4603,7,0.19942646132698316,1.2210449799310483,0.0
4603,8,0.46623048521276544,2.3010738238224135,0.0
4603,9,0.1928278315530676,2.4894712713906975,0.0
4603,10,2.595208372841447,1.3400199372090311,0.0
4603,11,2.3564560526112293,-0.6967350100456002,0.0
4603,12,0.6242099821587459,-0.8700237426459234,0.0
4604,0,0.0,0.0,0.0
4604,1,1.7575493538971811,-1.2372286036919087,0.0
4604,2,0.35530043909067066,-2.7413256748994104,0.0
4605,0,0.0,0.0,0.0
4605,1,2.48498064604012,-2.6554454457034633,0.0
4605,2,2.4058928312574,1.6326243768549629,0.0
4606,0,0.0,0.0,0.0
4606,1,-1.8788710897271184,-0.3569454808951553,0.0
4606,2,-1.9054808101780782,-1.4963277438082059,0.0
4606,3,-2.257587245638753,0.5416766757132605,0.0
4606,4,-1.1025085077801187,-0.801851611558192,0.0
4606,5,-0.04583627970542137,-0.01164807202424395,0.0
4606,6,-0.2152217726547253,-0.9047571100802021,0.0
4607,0,0.0,0.0,0.0
4607,1,0.5390024771994861,1.3542831221997738,0.0
4607,2,1.5313487555691028,0.28197020302905296,0.0
4608,0,0.0,0.0,0.0
4608,1,-2.0033464053184815,-0.27034029143696225,0.0
4608,2,-1.8760987199506354,0.425894155816347,0.0
4608,3,-0.633567885139704,-0.42392384240226516,0.0
4608,4,-1.600027011540381,-1.3639685117212892,0.0
4608,5,-2.0900103796804688,0.49764933599179567,0.0
4608,6,-3.3815207358817245,0.943059252040569,0.0
4609,0,0.0,0.0,0.0
4609,1,-0.1755893482907227,0.7061996031124564,0.0
4609,2,1.2154502248524004,0.38016752993990127,0.0
4609,3,-0.23270575152133888,0.8210013013351951,0.0
4610,0,0.0,0.0,0.0
4610,1,-4.001219024881893,-0.21798629883912968,0.0
4610,2,-2.423071066195452,-1.140406831181339,0.0
4610,3,-1.6253289182366588,-2.172029167773453,0.0
4610,4,-1.5706113322294666,-0.8998257378615488,0.0
4611,0,0.0,0.0,0.0
4611,1,-0.286174791876224,-1.9270999582020367,0.0
4611,2,-1.1188334210695277,-2.7090576118756666,0.0
4612,0,0.0,0.0,0.0
4612,1,-0.6871048794458479,0.31303595562475683,0.0
4612,2,-3.3449710160528756,0.4298267821671671,0.0
4612,3,-1.542655458625231,0.7894554781498908,0.0
4613,0,0.0,0.0,0.0
4613,1,-0.5132813819226862,-2.423272668944226,0.0
4613,2,0.6140240623341668,-1.5735899829045028,0.0
4614,0,0.0,0.0,0.0
4614,1,-0.4391545861673134,0.7387023806404805,0.0
4614,2,-2.336704991786477,-0.11334065833562124,0.0
4614,3,-3.1415643916967912,2.341109164552781,0.0
4614,4,-1.8091619943282464,0.02072092569368217,0.0
4615,0,0.0,0.0,0.0
4615,1,1.2034910774871492,-3.3243868573050834,0.0
4615,2,1.4219734748623258,-1.5155002165257607,0.0
4616,0,0.0,0.0,0.0
4616,1,-1.3440156347199377,1.9073472832736673,0.0
4616,2,-1.618820770394961,0.1139024975430929,0.0
4616,3,-1.8057080241202357,0.8374962699235283,0.0
4616,4,-0.2647817649641435,0.7710934449884794,0.0
4617,0,0.0,0.0,0.0
4617,1,-1.95660162319831,0.025129066020177948,0.0
4617,2,-1.0173446293201873,1.4259506993287439,0.0
4617,3,0.21247789348014828,1.6144879483925494,0.0
4617,4,1.002405022568003,0.734394540872817,0.0
4617,5,0.5371527454575429,0.22585449566373716,0.0
4618,0,0.0,0.0,0.0
4618,1,0.940718283992758,0.34342410637719156,0.0
4618,2,0.7720022836130636,0.39073308246234806,0.0
4618,3,0.04481627654445908,0.9373302142563876,0.0
4618,4,0.7407567771112482,1.4098695462634976,0.0
4618,5,-1.5709719457490097,2.5815304904357808,0.0
4618,6,-2.8201830596607955,2.923947717667983,0.0
4618,7,-0.8641135886381355,4.177629559301809,0.0
4618,8,-0.8464257324577538,5.4078231122709814,0.0
4619,0,0.0,0.0,0.0
4619,1,0.5060570577214467,0.0611995016449573,0.0
4619,2,-1.0442378357354138,-2.3908628662533378,0.0
4619,3,-1.7412570433432295,-2.3477220235446596,0.0
4620,0,0.0,0.0,0.0
4620,1,1.0212382067768082,-2.478784870237969,0.0
4620,2,2.262931953793057,-2.162120323829986,0.0
4620,3,2.3474758278315644,-2.215836749879677,0.0
4620,4,1.4364280941659782,-4.024131719762977,0.0
4621,0,0.0,0.0,0.0
4621,1,0.17041706029365844,1.627380382248432,0.0
4621,2,-1.7793873674983616,1.6437433645138149,0.0
4622,0,0.0,0.0,0.0
4622,1,0.31826523434543486,-2.69419606100247,0.0
4622,2,2.115987973535087,-1.1241778645584397,0.0
4622,3,1.6585753303173618,-1.7708601936317387,0.0
4622,4,2.927404517799741,-2.470399793275449,0.0
4623,0,0.0,0.0,0.0
4623,1,0.5186393643355949,-2.0591452514962927,0.0
4623,2,-1.0704072533421942,-3.43225298771416,0.0
4624,0,0.0,0.0,0.0
4624,1,-1.352563960342777,0.048659568368934814,0.0
4624,2,-0.11936635228442577,-1.2232979883893762,0.0
4624,3,0.5835912845485103,-2.714346972493625,0.0
4624,4,0.17104503889213313,-3.469666942854791,0.0
4624,5,-1.5421258872845955,-1.3399705682881295,0.0
4625,0,0.0,0.0,0.0
4625,1,0.4474044695055558,0.7130213819109719,0.0
4625,2,1.414669878779975,3.208834867028612,0.0
4626,0,0.0,0.0,0.0
4626,1,-0.6186384947337358,-1.3433705725060459,0.0
4626,2,0.9163072435306403,1.043285756080852,0.0
4626,3,-0.6192316178562118,0.661312478574726,0.0
4627,0,0.0,0.0,0.0
4627,1,2.2814781880626347,-0.08140083630964545,0.0
4627,2,0.8864810753611683,-0.5518580719410673,0.0
4627,3,1.3324656965477735,1.762271161395319,0.0
4627,4,1.5483145757710315,2.7412716288582595,0.0
4627,5,2.7747256503923694,-1.1222253857161055,0.0
4627,6,1.4378596078258523,-1.1032350881081823,0.0
4628,0,0.0,0.0,0.0
4628,1,-0.36931214332142925,-2.382330450898822,0.0
4628,2,-0.5405471153678105,-2.475278772167461,0.0
4629,0,0.0,0.0,0.0
4629,1,0.5743924308149814,0.5058796713012087,0.0
4629,2,2.3410121055052686,0.0593603455392564,0.0
4629,3,1.1979585814501836,0.7323191637148904,0.0
4630,0,0.0,0.0,0.0
4630,1,2.161004216336558,-1.0876165405486686,0.0
4630,2,0.32651362132647277,-0.7332166970115856,0.0
4631,0,0.0,0.0,0.0
4631,1,1.517597696220929,-0.05887427364094515,0.0
4631,2,0.7381989925907211,0.05694874835923171,0.0
4631,3,0.898175450405978,-2.4443969111401214,0.0
4631,4,0.7485287207788154,-2.8816826065536985,0.0
4632,0,0.0,0.0,0.0
4632,1,-1.8227212698266568,0.07921625147052636,0.0
4632,2,-0.9265033801562588,-1.475902562304214,0.0
4633,0,0.0,0.0,0.0
4633,1,-0.051564816012657055,0.7507598788042475,0.0
4633,2,-0.9271386790550872,0.9508680710477591,0.0
4633,3,1.3368558221085327,1.369791569795246,0.0
4633,4,-0.41854197602043797,1.3166644654392454,0.0
4634,0,0.0,0.0,0.0
4634,1,3.3618152665532683,0.3274074577028707,0.0
4634,2,1.7705838039022699,-0.6738340533957965,0.0
4634,3,1.1258708350424471,-0.5718069712941078,0.0
4634,4,2.434302056147104,-0.9157175424783082,0.0
4635,0,0.0,0.0,0.0
4635,1,1.2919312372524718,-0.4657061200721977,0.0
4635,2,-0.9790464570722905,-0.29074434194528376,0.0
4635,3,-2.543009136493752,-0.04437507183527001,0.0
4635,4,0.052682672367189376,1.360186399303968,0.0
4636,0,0.0,0.0,0.0
4636,1,1.650736067580297,-0.6815937041502911,0.0
4636,2,1.5664400198893083,1.4147973952220214,0.0
4637,0,0.0,0.0,0.0
4637,1,-0.23544154655997068,0.8219412535762256,0.0
4637,2,0.3581105642636481,0.9871023547824145,0.0
4637,3,-1.9257325430056573,-0.6051942914341755,0.0
4637,4,-0.7442395314698937,-0.3047894270689189,0.0
4637,5,-2.692744271081193,-0.2470176475286242,0.0
4637,6,-2.489135180748987,-0.3493595218165187,0.0
4637,7,-2.6686838977875413,-0.5397118950846762,0.0
4637,8,-3.6976360533214567,1.8757297584356405,0.0
4637,9,-0.3170965032364835,1.651474065681252,0.0
4637,10,-1.8735576572383663,-1.9938634685408025,0.0
4638,0,0.0,0.0,0.0
4638,1,0.13356938707627175,2.905332325203975,0.0
4638,2,1.6616545231011217,1.667508836552138,0.0
4638,3,0.5498709408473987,2.7510329252367756,0.0
4638,4,1.368691871714292,3.8257945655937498,0.0
4638,5,0.46523870966752845,3.4194313437701025,0.0
4639,0,0.0,0.0,0.0
4639,1,-0.32430743871564527,0.6457926273113861,0.0
4639,2,-1.8345737492540495,2.0144875720354114,0.0
4640,0,0.0,0.0,0.0
4640,1,0.5932341823085415,-1.7466792767470627,0.0
4640,2,-0.8393391138281596,0.25170415291422693,0.0
4640,3,-1.7364284192283326,0.5945310727930295,0.0
4640,4,-1.3938293749036423,-0.49906181753763407,0.0
4641,0,0.0,0.0,0.0
4641,1,-2.5446210695777856,-0.16772687015179555,0.0
4641,2,-2.3618196805938245,-0.4884057703771969,0.0
4642,0,0.0,0.0,0.0
4642,1,-0.6725867958099395,1.3980237922668912,0.0
4642,2,0.665485939463368,0.8546612830632934,0.0
4643,0,0.0,0.0,0.0
4643,1,-0.3469458076024181,0.1594951801329904,0.0
4643,2,0.604841711477222,-0.04613649188900998,0.0
4643,3,-1.2762880939596064,0.008245324929680886,0.0
4644,0,0.0,0.0,0.0
4644,1,1.3413779582593208,0.7265248640762361,0.0
4644,2,-0.22167873944611835,1.1095793829802105,0.0
4645,0,0.0,0.0,0.0
4645,1,1.570109132550302,-0.33270596574896427,0.0
4645,2,2.9448893341483027,-1.7704269066492768,0.0
4646,0,0.0,0.0,0.0
4646,1,2.233163785125974,1.4249836809468481,0.0
4646,2,0.9340997558965722,-2.401538551050658,0.0
4646,3,1.5311309311595145,-2.6443684702156425,0.0
4646,4,0.7800395893025134,-2.923045011729328,0.0
4646,5,0.950871150366777,-2.765019729904131,0.0
4647,0,0.0,0.0,0.0
4647,1,-0.4047375943497282,-1.394622914509776,0.0
4647,2,-0.16790029850019672,-1.6275169505054876,0.0
4647,3,-1.3886662484395105,0.7486543551183084,0.0
4648,0,0.0,0.0,0.0
4648,1,-0.9795419256166413,0.27894452709759116,0.0
4648,2,-2.3050945812806134,-2.1201340000691498,0.0
4649,0,0.0,0.0,0.0
4649,1,1.9486664501680082,-1.8907752075854345,0.0
4649,2,2.8132340373081766,0.7126436131064937,0.0
4650,0,0.0,0.0,0.0
4650,1,-0.9485430465658162,-1.87298485863236,0.0
4650,2,-0.8839052759052204,-0.2680109177990575,0.0
4650,3,0.9686103264613093,-2.864352692252232,0.0
4650,4,0.5500538950977936,-1.0148198804892181,0.0
4651,0,0.0,0.0,0.0
4651,1,-1.0831085704366028,3.1141598051746278,0.0
4651,2,-1.801149712614904,2.7124574441316067,0.0
4651,3,-0.2075308882869138,1.7920146801566927,0.0
4651,4,-0.030757455168193948,3.4844635007288494,0.0
4651,5,-1.556612732730409,0.8880855515778692,0.0
4652,0,0.0,0.0,0.0
4652,1,0.5184514001932431,0.5249849694658291,0.0
4652,2,0.6879349474297356,0.2069544198349884,0.0
4652,3,-0.5887411359146519,2.0577003223977233,0.0
4652,4,1.5690714162770674,-0.7962277584712572,0.0
4653,0,0.0,0.0,0.0
4653,1,-0.43244628312328004,-2.048037743544825,0.0
4653,2,-0.6177530785752876,-1.8831531909607238,0.0
4653,3,2.768763539105757,-2.4303639748391235,0.0
4654,0,0.0,0.0,0.0
4654,1,0.7230120727305787,1.5903967467940112,0.0
4654,2,0.7017734298055318,-0.26480710607443503,0.0
4655,0,0.0,0.0,0.0
4655,1,-1.8326840497324708,-1.2207590685884093,0.0
4655,2,-0.20089092918583273,-0.4908294792640667,0.0
4656,0,0.0,0.0,0.0
4656,1,-1.3796722444467255,0.5861363759541642,0.0
4656,2,-3.849267209989523,1.1903588048404192,0.0
4656,3,-3.073968904365713,3.206960677780386,0.0
4656,4,-3.594360887638402,2.088223160455568,0.0
4657,0,0.0,0.0,0.0
4657,1,-2.0038569345838257,-1.9298073898469355,0.0
4657,2,1.457856635873201,-0.7257746707622748,0.0
4657,3,0.15024540998210623,1.1683046182155479,0.0
4658,0,0.0,0.0,0.0
4658,1,0.18699169937960258,-1.4116821617804838,0.0
4658,2,0.8163404025544572,0.2848554009406865,0.0
4658,3,-0.47752792180308745,-1.0844887595117003,0.0
4659,0,0.0,0.0,0.0
4659,1,0.21574806500899557,2.1337074126989197,0.0
4659,2,0.36891785886490924,1.760093881300939,0.0
4659,3,-0.25613810496286726,3.4436281512038613,0.0
4659,4,0.4849365151829401,0.980395674696543,0.0
4660,0,0.0,0.0,0.0
4660,1,0.5582828962857642,0.9815215286121064,0.0
4660,2,0.929695151705155,0.32716283674126734,0.0
4660,3,0.5179292199326129,0.4468803638448997,0.0
4661,0,0.0,0.0,0.0
4661,1,-0.27934772938301045,-0.47938538431881533,0.0
4661,2,-1.6169115376172565,0.4193649821891563,0.0
4661,3,1.7977330301527195,1.8663680990090628,0.0
4661,4,0.36243963259881307,1.3179698871366798,0.0
4662,0,0.0,0.0,0.0
4662,1,0.38052893838657054,-0.5562059927934986,0.0
4662,2,-1.3452074308654842,-1.9316855070344259,0.0
4662,3,-0.41873213917644936,1.0925872187232373,0.0
4663,0,0.0,0.0,0.0
4663,1,-0.4789257988961947,-2.057990881323863,0.0
4663,2,-2.2850798433830444,-1.62045173666713,0.0
4663,3,-0.5316676586560899,-0.37820998873387035,0.0
4663,4,1.0400553091030083,-1.6109372327121667,0.0
4663,5,1.4385193717975402,-1.1691172937780996,0.0
4663,6,0.6538387801231388,3.0315520900184314,0.0
4664,0,0.0,0.0,0.0
4664,1,2.5252218533699855,1.006155429996296,0.0
4664,2,3.3852411489010747,0.9450226366279489,0.0
4665,0,0.0,0.0,0.0
4665,1,1.353603336473003,0.4450056740234787,0.0
4665,2,-0.011050333540656876,0.6767605711171019,0.0
4666,0,0.0,0.0,0.0
4666,1,-1.7220842606857987,2.120461968531402,0.0
4666,2,-1.8659158199268868,3.9131105227516203,0.0
4666,3,-3.541640701652356,1.1217377880164547,0.0
4666,4,-2.916147993395742,0.7530595623574254,0.0
4666,5,-3.853143358104341,1.6550772913462564,0.0
4666,6,-4.49926454114245,2.8776223276047985,0.0
4666,7,-4.234178145296439,4.357877459305191,0.0
4667,0,0.0,0.0,0.0
4667,1,0.3828743949609399,1.2803260434944477,0.0
4667,2,0.9780156476635218,-0.10757235812173166,0.0
4668,0,0.0,0.0,0.0
4668,1,2.1234483919327403,-0.1626030615688136,0.0
4668,2,1.6733120099070802,-0.6173363165072998,0.0
4669,0,0.0,0.0,0.0
4669,1,1.2753817314760476,-0.4492605957018134,0.0
4669,2,2.1587368744702347,-0.7994893629358892,0.0
4669,3,1.2494368317281253,-1.892966327362656,0.0
4669,4,-0.9290615756147695,-1.6679293473289376,0.0
4669,5,-0.7636171618800288,-3.03007775761615,0.0
4670,0,0.0,0.0,0.0
4670,1,-1.9189835971216014,-2.369502816696333,0.0
4670,2,-3.0663323829410727,-1.7871165884044526,0.0
4670,3,1.2630292956078668,-0.1433470817419915,0.0
4670,4,-0.10392131368548935,-2.3868778575903606,0.0
4670,5,-1.6093024349164078,-0.6516263804823801,0.0
4671,0,0.0,0.0,0.0
4671,1,2.6450368347340953,-1.8843414835005947,0.0
4671,2,2.458806598987385,-1.514613918243613,0.0
4672,0,0.0,0.0,0.0
4672,1,-0.5801461512053523,1.3575286330006906,0.0
4672,2,1.0118513536231464,1.763711862055268,0.0
4672,3,1.7784400740116912,3.474870484410877,0.0
4673,0,0.0,0.0,0.0
4673,1,-1.6669575144900541,2.663968224410889,0.0
4673,2,0.6516605336933062,3.1814557946017197,0.0
4674,0,0.0,0.0,0.0
4674,1,-1.2964627656786536,0.5944975288463288,0.0
4674,2,1.587407327523372,0.05551757320731565,0.0
4675,0,0.0,0.0,0.0
4675,1,-1.0934634518385264,-0.945260228605862,0.0
4675,2,0.056664959540645765,-0.2972322634008606,0.0
4675,3,0.05746367310435252,-0.5395873563841902,0.0
4676,0,0.0,0.0,0.0
4676,1,1.4381572626205525,-1.082062264057216,0.0
4676,2,0.8294642691084495,1.2530942285371771,0.0
4677,0,0.0,0.0,0.0
4677,1,0.3896752698896865,-1.0320470274200602,0.0
4677,2,0.3167723882192748,-0.058662334800588835,0.0
4678,0,0.0,0.0,0.0
4678,1,2.1323398065596737,-0.9845839158393401,0.0
4678,2,2.5996743721939843,-1.5477986293859334,0.0
4679,0,0.0,0.0,0.0
4679,1,2.19654958982141,-1.925603707071424,0.0
4679,2,2.452853453580341,-3.5833024428004046,0.0
4680,0,0.0,0.0,0.0
4680,1,0.40456742136549184,0.013287870550301228,0.0
4680,2,1.2754125566990901,-0.4887886362015059,0.0
4681,0,0.0,0.0,0.0
4681,1,-0.6089855551839758,0.21580286568267795,0.0
4681,2,-1.3214997307153764,1.043299594459727,0.0
4682,0,0.0,0.0,0.0
4682,1,0.6881284493724262,0.256311026239687,0.0
4682,2,-0.04354474343186432,2.0401826732152486,0.0
4682,3,0.1705428010565755,1.977255782826379,0.0
4682,4,0.531522431659532,1.548160671316932,0.0
4683,0,0.0,0.0,0.0
4683,1,0.4803645338356509,0.8922328630286753,0.0
4683,2,2.1457675808795007,0.8136122836550777,0.0
4683,3,-1.1301468813874571,0.807244271184125,0.0
4684,0,0.0,0.0,0.0
4684,1,-0.19767031716840233,-1.589336334406325,0.0
4684,2,1.461897279261799,-2.410810857565894,0.0
4685,0,0.0,0.0,0.0
4685,1,-0.10115215421295112,-0.14085732059000833,0.0
4685,2,-0.46839550557354526,0.6802440238499512,0.0
4686,0,0.0,0.0,0.0
4686,1,-0.27642401815658646,-1.3998193415146098,0.0
4686,2,0.6185153407547034,-0.9685257747083971,0.0
4686,3,1.4475529162689573,-0.5461061076525484,0.0
4686,4,2.340229400121755,0.18787252203574922,0.0
4687,0,0.0,0.0,0.0
4687,1,1.1136463910389724,-2.9674250496257777,0.0
4687,2,0.5637027272637711,-1.3581327838117863,0.0
4687,3,-1.0945559800449884,-2.164717961761007,0.0
4687,4,0.5728464493405623,-1.6015657550316702,0.0
4688,0,0.0,0.0,0.0
4688,1,-0.6906616437731081,0.3745346088164603,0.0
4688,2,-1.347421077811873,0.10006624028027811,0.0
4689,0,0.0,0.0,0.0
4689,1,0.219057025037104,0.08309679694865402,0.0
4689,2,0.659616900782124,0.1120638824246818,0.0
4689,3,2.0631541156587874,1.0013223129550535,0.0
4690,0,0.0,0.0,0.0
4690,1,-1.2274851204000032,-2.3232584854884304,0.0
4690,2,-2.0726246468631215,-4.095405961636253,0.0
4691,0,0.0,0.0,0.0
4691,1,-1.9239141872770351,1.7771242925020667,0.0
4691,2,-1.1991270130636165,3.142266349302335,0.0
4692,0,0.0,0.0,0.0
4692,1,-2.196568197264758,0.028145189426616646,0.0
4692,2,-0.1827880730317598,1.2661086629301719,0.0
4692,3,1.203354706303978,0.016433515726846704,0.0
4692,4,-1.9695314743154122,0.6205296364862578,0.0
4693,0,0.0,0.0,0.0
4693,1,0.2982127450783828,-0.10343955917985725,0.0
4693,2,1.3144912730280471,2.594592352069957,0.0
4694,0,0.0,0.0,0.0
4694,1,0.8372361421368417,-1.1753045937800348,0.0
4694,2,2.3096768464649067,-3.1407626085096245,0.0
4694,3,0.08269193688242771,-6.465147588338743,0.0
4694,4,0.9178972232428071,-5.934484102333126,0.0
4695,0,0.0,0.0,0.0
4695,1,-0.5654041434748606,-1.8423210622898136,0.0
4695,2,-1.6924977394271976,1.2569905102605328,0.0
4695,3,-1.7919010313365016,-0.18415003813985842,0.0
4696,0,0.0,0.0,0.0
4696,1,0.08347547779763853,-0.8910280330558182,0.0
4696,2,-0.049727588267467704,-1.8166603480347847,0.0
4696,3,1.5696002084895808,-1.3841024109119093,0.0
4697,0,0.0,0.0,0.0
4697,1,-1.140688429919853,-0.14721183549829395,0.0
4697,2,-1.5358668429418083,-0.5965994782315736,0.0
4698,0,0.0,0.0,0.0
4698,1,-0.6905805574394708,-1.4958774554991243,0.0
4698,2,0.5533456217833537,-0.7945324708209349,0.0
4699,0,0.0,0.0,0.0
4699,1,-0.950809159912604,-0.9891863312170113,0.0
4699,2,-0.4178647030604835,-1.859047749114512,0.0
4700,0,0.0,0.0,0.0
4700,1,-0.12254130380042216,-0.284269949335461,0.0
4700,2,1.5668062597884176,0.8645541079454515,0.0
4701,0,0.0,0.0,0.0
4701,1,0.8819006037182523,-1.0340657891877942,0.0
4701,2,-2.246380581252644,-0.44664155213883905,0.0
4701,3,-2.0935070125343174,-0.9893380817943975,0.0
4701,4,-2.6152345853815144,-3.649955480015981,0.0
4702,0,0.0,0.0,0.0
4702,1,-0.2112133553334029,-0.14380216122094286,0.0
4702,2,-0.04385731372810453,-0.12581002503935707,0.0
4703,0,0.0,0.0,0.0
4703,1,0.2554252140144227,0.429189418829578,0.0
4703,2,1.7104840344215335,1.6086520058619265,0.0
4703,3,0.8434772133495837,1.3177585133824616,0.0
4703,4,0.9503273214714602,1.3240754216336015,0.0
4703,5,1.0066120201256445,0.45811696687371767,0.0
4703,6,0.1943306993884114,2.007706026110098,0.0
4704,0,0.0,0.0,0.0
4704,1,-1.0719697629661395,-0.09687853393281887,0.0
4704,2,-1.519263070602591,-1.3445708300573034,0.0
4704,3,-2.742736925190295,-0.19301651776923123,0.0
4705,0,0.0,0.0,0.0
4705,1,1.1498956217023655,-0.8917942589384467,0.0
4705,2,2.4432621419922347,-0.8340754497186256,0.0
4705,3,1.3490383410638307,-3.269674336531744,0.0
4706,0,0.0,0.0,0.0
4706,1,-1.8238869925268588,-1.7065909217524464,0.0
4706,2,-0.621939414850343,-1.1304374039761673,0.0
4706,3,-3.0996942684143907,0.43119352603733097,0.0
4706,4,-3.665249797879567,1.3958050934263562,0.0
4706,5,-2.5742478599157517,1.192952161219547,0.0
4706,6,-3.139634796804633,-0.4663547901933569,0.0
4706,7,-1.5733206592679885,1.612590089833899,0.0
4707,0,0.0,0.0,0.0
4707,1,0.03236490407133741,2.0194209964837007,0.0
4707,2,1.0074515397196886,2.5052188274156655,0.0
4707,3,1.492905481311226,-1.1778288596556572,0.0
4707,4,-0.15190628288025276,-0.3686527819598937,0.0
4708,0,0.0,0.0,0.0
4708,1,-2.332850059252405,0.876829041173615,0.0
4708,2,-2.628149601609191,-1.7130671462971954,0.0
4709,0,0.0,0.0,0.0
4709,1,0.48316395880181595,0.7504316478113728,0.0
4709,2,0.18813588599407205,0.7631675034440413,0.0
4710,0,0.0,0.0,0.0
4710,1,-1.568560644309426,-1.6700826971595129,0.0
4710,2,-3.4932901595829144,-1.9818420935357903,0.0
4710,3,-3.313250644860688,0.12406802751875623,0.0
4711,0,0.0,0.0,0.0
4711,1,0.3737823861734426,0.3338356043458459,0.0
4711,2,0.1925001309175589,1.9233889659757322,0.0
4711,3,0.0922696783999597,1.098783380017192,0.0
4711,4,0.2709664473991009,1.7511949123403407,0.0
4711,5,-1.6990937085658833,0.45294004109313435,0.0
4712,0,0.0,0.0,0.0
4712,1,1.7678825717126585,-0.8116626190793977,0.0
4712,2,1.8460503299212319,-1.4582192572630448,0.0
4713,0,0.0,0.0,0.0
4713,1,-0.8485112735041161,0.7767882414290208,0.0
4713,2,-1.1002279868761482,0.7068176241505928,0.0
4714,0,0.0,0.0,0.0
4714,1,-3.4949088042988787,0.9063724560655495,0.0
4714,2,-4.240648955990921,2.0002073308122648,0.0
4715,0,0.0,0.0,0.0
4715,1,-0.1119623279613925,0.31021894868792677,0.0
4715,2,1.5055694027964512,2.1529941900968983,0.0
4715,3,0.3992702077943614,2.1492029313835097,0.0
4715,4,0.2198752988248901,2.8889475603993753,0.0
4716,0,0.0,0.0,0.0
4716,1,-0.46646573645839867,-0.8873322341473536,0.0
4716,2,-0.7190833165906113,-0.4422100307720561,0.0
4716,3,-0.6288827042123162,-2.623437758511856,0.0
4717,0,0.0,0.0,0.0
4717,1,0.971427836514658,-0.2895242157517066,0.0
4717,2,1.641459318924235,-1.4631138272942825,0.0
4717,3,2.4475662509481833,-0.3737198168128055,0.0
4718,0,0.0,0.0,0.0
4718,1,-3.1137200376814866,-0.10482411659487445,0.0
4718,2,-2.355727750583478,-0.4045720232482448,0.0
4718,3,-1.2753580941805387,-2.287962075283407,0.0
4718,4,-1.191552157582631,-3.103902226805729,0.0
4719,0,0.0,0.0,0.0
4719,1,-1.271526308285595,1.1793296238030047,0.0
4719,2,0.02299203784939652,-1.9606362541067814,0.0
4719,3,3.3830781243315817,-2.8767983287506613,0.0
4719,4,3.9626790697365113,-0.9177516749209391,0.0
4719,5,2.651277246297177,-3.9554043241300865,0.0
4719,6,4.168978809578467,-3.341135747565706,0.0
4719,7,3.2725125113831157,-4.506991197755124,0.0
4720,0,0.0,0.0,0.0
4720,1,1.5891316794930193,0.24845570296058334,0.0
4720,2,2.208258524445181,-1.8715420487832473,0.0
4720,3,0.1477487952679195,-1.1878047670500897,0.0
4720,4,-0.9366373251100488,-2.1279498721423895,0.0
4720,5,0.8217416440742364,-0.2990904680302586,0.0
4720,6,-2.7773604427096896,0.24291433906556403,0.0
4721,0,0.0,0.0,0.0
4721,1,0.12615052252227943,1.3390056985769858,0.0
4721,2,-0.7583685728268923,0.4841193373023922,0.0
4721,3,0.1533795796628621,-1.2221936562310645,0.0
4722,0,0.0,0.0,0.0
4722,1,-0.06969000744970621,-0.7765473375208513,0.0
4722,2,-0.8259059683619134,-2.556996546531493,0.0
4722,3,1.0770807194641678,-2.5845613827988645,0.0
4722,4,0.07727728316461491,-4.3193709572970755,0.0
4722,5,3.3702634272608782,-4.128277047938829,0.0
4722,6,2.3464661190811005,-4.649487314009653,0.0
4723,0,0.0,0.0,0.0
4723,1,0.026396540714067385,-2.065334997982692,0.0
4723,2,-1.6666201676149364,-1.0161328461293413,0.0
4724,0,0.0,0.0,0.0
4724,1,-1.2837865214584716,1.6093486033979423,0.0
4724,2,-2.2985474631977802,1.5831244157158229,0.0
4724,3,-4.405807584599908,1.8824356213362563,0.0
4725,0,0.0,0.0,0.0
4725,1,0.3042099340655907,-1.3710958192149314,0.0
4725,2,-0.5840774811424919,-0.5676955984990452,0.0
4725,3,-1.6225283841891445,-4.357848785481448,0.0
4725,4,-0.2860663614325307,-3.9509704589665517,0.0
4725,5,-3.015457250445887,-4.186054996317143,0.0
4725,6,0.1302950220888701,-4.191791348572075,0.0
4725,7,1.4057560433908924,-3.0478944712915346,0.0
4725,8,2.415993686083176,-4.491195874155935,0.0
4725,9,1.150170167686287,-6.056122272722198,0.0
4725,10,1.6770304834692098,-7.089528073737588,0.0
4725,11,1.1679821629805582,-6.700033378778933,0.0
4726,0,0.0,0.0,0.0
4726,1,0.3923461552152301,-0.8493315663964718,0.0
4726,2,-1.6029885356038167,-2.2246034211195522,0.0
4727,0,0.0,0.0,0.0
4727,1,-1.0448684222901092,0.06086657971196768,0.0
4727,2,-1.9628871085550066,1.6403656614412918,0.0
4727,3,-3.5144551578089462,1.8203462798532304,0.0
4727,4,-2.617883525481642,1.480199619029785,0.0
4728,0,0.0,0.0,0.0
4728,1,1.493636775573667,-2.1579652928968143,0.0
4728,2,3.6334633365372735,-2.8692497899484652,0.0
4728,3,1.9210458437816895,-3.2891726914622517,0.0
4729,0,0.0,0.0,0.0
4729,1,0.7916008496495598,0.36481110207822687,0.0
4729,2,2.7684264066135125,0.17839755341457686,0.0
4729,3,3.7728947023044155,0.06084888242119846,0.0
4730,0,0.0,0.0,0.0
4730,1,1.5711303365493405,0.6920527551221055,0.0
4730,2,0.025702312618402334,0.1873656485928803,0.0
4731,0,0.0,0.0,0.0
4731,1,0.13110952411694993,-2.544192028704755,0.0
4731,2,-0.009854439140188492,-2.2900441947959433,0.0
4731,3,1.442535863293305,-0.968952605081092,0.0
4731,4,-0.44767143318077085,-0.8909426658040135,0.0
4731,5,-1.2268214996313038,-1.446605000102548,0.0
4731,6,-1.1801052877903284,-2.6957702791591065,0.0
4731,7,-0.515962594675547,-4.215700059395557,0.0
4732,0,0.0,0.0,0.0
4732,1,0.25700447388186637,-0.9074618492130804,0.0
4732,2,3.2919288629125476,0.028596365810501956,0.0
4733,0,0.0,0.0,0.0
4733,1,2.252457715860224,-1.1864744298049548,0.0
4733,2,3.553604866805916,-0.07072104044483662,0.0
4734,0,0.0,0.0,0.0
4734,1,1.662983867868296,0.09286813099691571,0.0
4734,2,1.8368966413703605,0.9649704970764801,0.0
4734,3,2.2377699142071434,-0.3403222422459862,0.0
4735,0,0.0,0.0,0.0
4735,1,0.6635441338742352,1.7328995362346238,0.0
4735,2,0.47023014714284167,2.2205906614051276,0.0
4735,3,0.20070288179882373,3.7107278954298435,0.0
4735,4,2.725739912644097,3.7326748883293135,0.0
4735,5,2.2991105070086943,2.2875251832455206,0.0
4735,6,2.3612585263963606,2.3781874488615244,0.0
4735,7,2.8121467982841084,3.701681601893773,0.0
4735,8,1.6574446674045882,1.1219389414599277,0.0
4735,9,0.9781135095555171,1.8006144355019151,0.0
4736,0,0.0,0.0,0.0
4736,1,-0.516885437905617,-0.6158975481983715,0.0
4736,2,0.8271898140795467,-1.1749403304983872,0.0
4737,0,0.0,0.0,0.0
4737,1,-0.43547043733012814,2.0347913942225753,0.0
4737,2,-1.5729861402153118,-0.009489250483638134,0.0
4737,3,-0.789982260533012,3.597811715348,0.0
4737,4,-0.4275033909750443,1.7286120611656703,0.0
4738,0,0.0,0.0,0.0
4738,1,0.2113999264235924,2.334726076823049,0.0
4738,2,-0.41946300985620144,1.2486855938092551,0.0
4739,0,0.0,0.0,0.0
4739,1,-1.0464549500238605,3.583008619851833,0.0
4739,2,-0.8364019692548779,2.7741886334622237,0.0
4739,3,-2.7750983331512864,6.50417012883236,0.0
4739,4,-2.8710212382739995,5.259874116988135,0.0
4739,5,-4.83047644892159,4.2711714093283195,0.0
4739,6,-6.6084285285866935,5.879400374530199,0.0
4739,7,-1.54049340391258,4.997126482721108,0.0
4739,8,-2.7919989773803975,3.4872736203297983,0.0
4739,9,-1.8120766811664728,5.377521786104767,0.0
4740,0,0.0,0.0,0.0
4740,1,-0.8127269787658729,0.423871001359106,0.0
4740,2,-0.45759099974189965,0.13382065019239847,0.0
4741,0,0.0,0.0,0.0
4741,1,-0.1908515635959767,-0.2328671307507637,0.0
4741,2,-1.1043702980697074,-0.49499866098117806,0.0
4741,3,-2.621087797796283,0.556491416052225,0.0
4741,4,-1.9109162059287381,1.1738614553291777,0.0
4741,5,-2.015684549244879,-0.11810187123288252,0.0
4742,0,0.0,0.0,0.0
4742,1,0.5431388553080536,0.03641831476771962,0.0
4742,2,-0.3324651522744908,-2.9163347428009954,0.0
4743,0,0.0,0.0,0.0
4743,1,-0.28497597843754213,0.03703600007872676,0.0
4743,2,-0.07690281215566092,0.09595090062594458,0.0
4744,0,0.0,0.0,0.0
4744,1,4.480961262558976,0.40074052970332863,0.0
4744,2,4.9380674337408275,-1.118241476784421,0.0
4745,0,0.0,0.0,0.0
4745,1,-1.3967395648243426,0.8646915107745234,0.0
4745,2,-0.911717507040483,-2.492033671663147,0.0
4745,3,0.4230230413083954,-1.0867599652219038,0.0
4745,4,-0.5054326369802735,0.7617773473698031,0.0
4745,5,-0.570156576199401,-0.20153582118106086,0.0
4745,6,0.09096276059339581,-1.2526136004561892,0.0
4745,7,1.553577824166716,-1.6610223449268524,0.0
4745,8,-0.38632375777716466,-3.1725001665146504,0.0
4745,9,-0.12205053884080719,-1.019977938328853,0.0
4746,0,0.0,0.0,0.0
4746,1,2.048067107126363,-0.5183424823893759,0.0
4746,2,1.296358287240294,1.84681493638294,0.0
4747,0,0.0,0.0,0.0
4747,1,0.2112515100251866,-1.6933391064247483,0.0
4747,2,0.5322192549412554,-2.2004349811180677,0.0
4747,3,1.0160020474930807,0.8721332042577765,0.0
4748,0,0.0,0.0,0.0
4748,1,-0.4704992750156649,0.264061986872108,0.0
4748,2,-0.9475440210444845,1.4971219021488698,0.0
4748,3,-0.6514882214975088,1.061444635224479,0.0
4748,4,0.41618018895632924,0.06570900061153029,0.0
4749,0,0.0,0.0,0.0
4749,1,0.816414632434165,-1.3024211952796139,0.0
4749,2,-0.6145501792488042,-3.65554877599656,0.0
4749,3,0.4090535585680879,-1.4285601780349506,0.0
4750,0,0.0,0.0,0.0
4750,1,-0.030231536230359457,0.5699472315894196,0.0
4750,2,-0.24603456512687105,0.1503532220507089,0.0
4750,3,-1.216136258969697,-0.5510132598040265,0.0
4750,4,0.1853625193909657,0.17050833782885544,0.0
4751,0,0.0,0.0,0.0
4751,1,-1.3441812379727258,0.7712743795428851,0.0
4751,2,-0.13238949992495042,0.6612054890814951,0.0
4751,3,1.8686251868067083,0.40650304205429477,0.0
4752,0,0.0,0.0,0.0
4752,1,1.2584742180939752,0.6367212741386952,0.0
4752,2,-0.12530888511533184,3.830164635380255,0.0
4752,3,-0.9316021697633465,3.244322797096684,0.0
4752,4,-1.6670366179530545,3.6330326359261997,0.0
4752,5,-1.6817712172512067,3.139753818338966,0.0
4752,6,-0.7319086951203816,1.5692405222500565,0.0
4752,7,0.6551354426047217,0.5715218993969559,0.0
4752,8,1.0577327131428103,0.5416437598866524,0.0
4752,9,3.4934457910628853,1.0586751030817256,0.0
4752,10,3.207331641502008,-0.5966747526671587,0.0
4752,11,3.9899727868346178,-0.04459446917648591,0.0
4752,12,3.936070275969347,-1.7637287854410253,0.0
4752,13,1.6212559834966633,-0.7706378802302216,0.0
4752,14,2.437064946433432,1.1659172827824513,0.0
4752,15,0.0910059999291573,1.5574089058521596,0.0
4752,16,-0.5161435863580013,2.2965806472817354,0.0
4753,0,0.0,0.0,0.0
4753,1,0.25740070429151385,-0.9913899183989798,0.0
4753,2,0.017011276762521232,1.3630800147651878,0.0
4754,0,0.0,0.0,0.0
4754,1,-1.8621854774324003,0.8016277720674442,0.0
4754,2,-3.725112118914795,-1.6873606703738755,0.0
4754,3,-4.62489561901641,0.6642071558578335,0.0
4755,0,0.0,0.0,0.0
4755,1,-0.8585330015011879,1.366532327925449,0.0
4755,2,-0.14184976974970143,1.543588291821597,0.0
4755,3,-1.9898767345903166,1.0442250534847632,0.0
4755,4,-0.18867718845434145,1.4048641577134233,0.0
4755,5,-1.8428966595070244,1.683523703541592,0.0
4755,6,-2.9623911475904685,1.3318400014103022,0.0
4756,0,0.0,0.0,0.0
4756,1,1.7251843546745333,0.550494273597748,0.0
4756,2,-0.5259733116408207,1.297268946052147,0.0
4756,3,-2.05179072289404,0.7380023297076099,0.0
4757,0,0.0,0.0,0.0
4757,1,1.9210628739992146,1.125138030337579,0.0
4757,2,1.13051762049186,-2.6595048107381736,0.0
4757,3,0.7463383429012826,-0.47771648832869906,0.0
4757,4,-0.20406364399967192,-0.34499061087052696,0.0
4758,0,0.0,0.0,0.0
4758,1,3.651523982087664,-1.3410477722469312,0.0
4758,2,2.0910396287323314,-2.290430768213359,0.0
4759,0,0.0,0.0,0.0
4759,1,0.1301514226786529,-0.017155033916431695,0.0
4759,2,-0.715433946002404,0.13452439369894287,0.0
4759,3,-2.098652041411716,-1.6384084120253017,0.0
4760,0,0.0,0.0,0.0
4760,1,0.5275450903173593,1.165876722526707,0.0
4760,2,-1.3862043174346732,1.8096581579912987,0.0
4761,0,0.0,0.0,0.0
4761,1,-1.6433309259461857,-2.877245231220874,0.0
4761,2,-1.1176397057032723,-0.8149932212217214,0.0
4761,3,-2.0005275410279912,1.4541939413213942,0.0
4762,0,0.0,0.0,0.0
4762,1,-2.595111234844999,0.49578708002764427,0.0
4762,2,-2.495548383110167,1.4530267845719524,0.0
4762,3,-1.6182866675825776,-0.27645775329434086,0.0
4762,4,-2.875169608990185,-1.6550397658665812,0.0
4762,5,-3.070756009169455,-0.5678551498372624,0.0
4763,0,0.0,0.0,0.0
4763,1,-0.29493267865385475,0.3811840663564703,0.0
4763,2,-0.3376295973376604,-1.4303315992235162,0.0
4763,3,-0.01451780504886424,-1.7418874555686392,0.0
4763,4,2.1061163620385557,-1.8211563356826541,0.0
4763,5,0.8152035282979421,-1.0594667065829684,0.0
4764,0,0.0,0.0,0.0
4764,1,-1.3636719882799395,-0.5324386224625175,0.0
4764,2,0.8478396563639947,-2.1617426256218,0.0
4764,3,-0.09047615094195027,-3.212737863491715,0.0
4764,4,-0.96911351697698,-0.20363924317903148,0.0
4764,5,0.9114848367298398,-0.9910864029227442,0.0
4764,6,0.859841986177992,0.40884356872644,0.0
4764,7,-1.7738680952009185,0.2883577628149647,0.0
4765,0,0.0,0.0,0.0
4765,1,2.762250354839123,-0.888676077990899,0.0
4765,2,2.7084173229043937,-1.2070212180950446,0.0
4766,0,0.0,0.0,0.0
4766,1,0.2464632955314321,-1.4084224538642134,0.0
4766,2,1.4527283702428984,1.442516793861012,0.0
4767,0,0.0,0.0,0.0
4767,1,-0.9860459284461028,0.5073199173928363,0.0
4767,2,0.662861529389565,0.048150208222031754,0.0
4768,0,0.0,0.0,0.0
4768,1,-1.7729567390229612,0.2378078690856767,0.0
4768,2,0.09039191995028584,-0.906582033562916,0.0
4768,3,-4.2090732619102775,1.4980711778404012,0.0
4769,0,0.0,0.0,0.0
4769,1,0.5961911897014975,-0.42581359721129997,0.0
4769,2,0.13331839896498598,-0.8428823188317502,0.0
4770,0,0.0,0.0,0.0
4770,1,0.7216473064660802,-2.867559514885648,0.0
4770,2,0.6685840580748021,-3.524621290505921,0.0
4770,3,0.7730303643572445,-5.705514859875288,0.0
4770,4,2.7479781028451873,-6.385799601190121,0.0
4770,5,2.492213723113837,-5.758324279172444,0.0
4770,6,-0.8916811526876611,-5.351371751925359,0.0
4770,7,0.9387065303966027,-6.037972918668076,0.0
4771,0,0.0,0.0,0.0
4771,1,-0.06946312985229963,1.3175255026091202,0.0
4771,2,-0.2856789984196796,-0.2049140268524976,0.0
4771,3,1.5270108339631445,-0.5623651709811979,0.0
4771,4,1.9639566235181796,0.7899595338699021,0.0
4772,0,0.0,0.0,0.0
4772,1,0.740356597508961,0.450119865340094,0.0
4772,2,0.8525028714542561,0.4828425007089833,0.0
4772,3,1.0093064132552885,-0.18829640090449545,0.0
4772,4,0.9910486363488858,0.26022177544712294,0.0
4773,0,0.0,0.0,0.0
4773,1,1.1489995310850192,0.1844379973640906,0.0
4773,2,0.42062933602327446,0.4780757595290216,0.0
4773,3,1.3161383639997637,-1.033750145627494,0.0
4774,0,0.0,0.0,0.0
4774,1,3.316797695009931,-2.3542518592537083,0.0
4774,2,3.251350123495584,-1.9543880392118158,0.0
4774,3,-0.004427517655583968,-2.9531578334433872,0.0
4775,0,0.0,0.0,0.0
4775,1,1.3589892163122939,-0.630284019239729,0.0
4775,2,2.711253654428566,-0.41421317109784495,0.0
4776,0,0.0,0.0,0.0
4776,1,0.27832477609007533,0.11792441212709792,0.0
4776,2,-0.7848461186844697,1.361423395942006,0.0
4777,0,0.0,0.0,0.0
4777,1,-1.742108344454251,0.623623447612899,0.0
4777,2,0.34390874289058354,-0.859860645662228,0.0
4778,0,0.0,0.0,0.0
4778,1,1.417470314266395,2.97182081883791,0.0
4778,2,2.0545392058502787,1.4922472235544977,0.0
4779,0,0.0,0.0,0.0
4779,1,-1.524269412480335,-0.6927895463792011,0.0
4779,2,-1.4745063360589992,-0.08065243963949253,0.0
4780,0,0.0,0.0,0.0
4780,1,0.3751103509147404,-0.2608496922353529,0.0
4780,2,0.32603437888955566,-1.0973515255970991,0.0
4780,3,0.3268386894509118,-1.231416414292667,0.0
4781,0,0.0,0.0,0.0
4781,1,-4.182320480111287,2.6383260533455166,0.0
4781,2,-2.9415140268727735,0.22993846770028714,0.0
4781,3,-2.0366884849672746,-1.7971234790514443,0.0
4781,4,-2.2122325253554096,-2.343579871726068,0.0
4782,0,0.0,0.0,0.0
4782,1,-1.2651646929211526,0.41842700365066376,0.0
4782,2,-1.8016872704145885,2.4354578736250976,0.0
4783,0,0.0,0.0,0.0
4783,1,-1.2786244918330718,-1.8775265773021976,0.0
4783,2,-2.4220669122293907,-2.309443619939103,0.0
4783,3,-4.614445973741521,-2.765633292178216,0.0
4783,4,-3.03997991134377,-2.532750924531048,0.0
4784,0,0.0,0.0,0.0
4784,1,-0.3197258567101152,-2.356091018093359,0.0
4784,2,1.3847084827749478,-3.948490823345102,0.0
4785,0,0.0,0.0,0.0
4785,1,-1.7265009347719238,-0.4482722862664294,0.0
4785,2,-0.028734785258434092,-0.9012714176193412,0.0
4785,3,-0.28901605837306144,-0.2576672509861536,0.0
4786,0,0.0,0.0,0.0
4786,1,0.3544108528510964,-1.3898640205197519,0.0
4786,2,0.6124027666751963,-0.8362545664147794,0.0
4786,3,0.3634615932593349,0.956076707747918,0.0
4787,0,0.0,0.0,0.0
4787,1,0.5991553542216261,-1.0354908169712735,0.0
4787,2,-3.4207253527283483,1.185225596408503,0.0
4787,3,-1.1853715612876274,0.7153542307686045,0.0
4788,0,0.0,0.0,0.0
4788,1,-2.148177391293899,3.07298782016781,0.0
4788,2,-2.521785233327612,0.33723747738602994,0.0
4788,3,-2.335569832111229,2.0696261381133865,0.0
4788,4,-2.4019085942143334,2.32328359382687,0.0
4789,0,0.0,0.0,0.0
4789,1,1.3101948873992408,0.2667620617197319,0.0
4789,2,1.7441296392114396,1.4213418358671146,0.0
4790,0,0.0,0.0,0.0
4790,1,2.026040880534113,1.3117530155571377,0.0
4790,2,2.365427826909351,1.897621614668551,0.0
4790,3,1.5192213348069332,0.24196514630613564,0.0
4790,4,0.3685787172420756,0.5283364608161423,0.0
4790,5,0.7633443577624803,-0.10717096762257539,0.0
4791,0,0.0,0.0,0.0
4791,1,-0.6589979483860091,0.1325511769056268,0.0
4791,2,3.001519883632403,3.0925610286368523,0.0
4792,0,0.0,0.0,0.0
4792,1,-0.49800256147370514,0.23869879762150992,0.0
4792,2,-1.7140404062388095,-0.7125199578256488,0.0
4792,3,-1.634661107048848,-2.055351272461234,0.0
4793,0,0.0,0.0,0.0
4793,1,2.4830355903420704,0.6496387404634947,0.0
4793,2,3.6470583910280068,0.6544420824620274,0.0
4794,0,0.0,0.0,0.0
4794,1,-0.38762461568660694,3.0883230407294535,0.0
4794,2,0.07243095667407264,3.7395966817818183,0.0
4794,3,-0.6685340791617802,3.6932342971876087,0.0
4795,0,0.0,0.0,0.0
4795,1,0.3304228293326883,-1.914575967848737,0.0
4795,2,-0.8873431179725497,-3.6755470607801364,0.0
4796,0,0.0,0.0,0.0
4796,1,-2.381671985607156,1.9387911556280195,0.0
4796,2,-3.7908251386172545,1.0736141887973023,0.0
4797,0,0.0,0.0,0.0
4797,1,0.4755700778074567,2.566595522550826,0.0
4797,2,0.9449382742091921,0.8600034834541234,0.0
4798,0,0.0,0.0,0.0
4798,1,1.032577718352386,1.8060063488179776,0.0
4798,2,0.7172802633758416,2.337722301448946,0.0
4799,0,0.0,0.0,0.0
4799,1,0.06750074422091279,0.6010098657223701,0.0
4799,2,-0.8598623162956853,0.5931140922111793,0.0
4800,0,0.0,0.0,0.0
4800,1,-2.357401800794123,-0.43590343308094637,0.0
4800,2,-2.4471269757424055,0.594431057775511,0.0
4800,3,0.3390836997367388,-0.2620018304644014,0.0
4800,4,-0.008879588301698771,1.0722051697895867,0.0
4800,5,0.4315081971932404,1.2384043859417215,0.0
4801,0,0.0,0.0,0.0
4801,1,0.6379882093668727,1.8230448555070975,0.0
4801,2,3.136100005823447,1.7381397730821255,0.0
4802,0,0.0,0.0,0.0
4802,1,-0.4083111219906248,1.7615881338794446,0.0
4802,2,0.02785036503753613,2.098870844630544,0.0
4802,3,1.8285378081282655,4.369724736215352,0.0
4802,4,-0.37687200116833397,6.947054918747623,0.0
4803,0,0.0,0.0,0.0
4803,1,1.2937407456188885,0.37797603739977337,0.0
4803,2,2.2317782370994057,-2.492547538119696,0.0
4803,3,0.7268494765849236,-2.6026120702059576,0.0
4804,0,0.0,0.0,0.0
4804,1,-0.9540059166833155,-0.0953988853972747,0.0
4804,2,-0.9436766696263579,1.9054736069602083,0.0
4805,0,0.0,0.0,0.0
4805,1,-2.34412817053203,-1.5033210566397652,0.0
4805,2,-1.0861400301045745,0.7487737593707454,0.0
4806,0,0.0,0.0,0.0
4806,1,-1.283271003861932,2.0779979642789357,0.0
4806,2,-0.19995170502044704,0.6707714025932414,0.0
4806,3,-0.8827918394745403,-0.6598296570934814,0.0
4807,0,0.0,0.0,0.0
4807,1,0.8485127724310574,0.13519310355477654,0.0
4807,2,1.0876313616409437,1.9803163928214924,0.0
4807,3,0.8753934255193,0.17275486357505265,0.0
4808,0,0.0,0.0,0.0
4808,1,-0.11517323886850628,-0.38458053929347913,0.0
4808,2,-2.264501570556952,1.0829486072911674,0.0
4808,3,0.6287021617011357,0.4632603563609097,0.0
4809,0,0.0,0.0,0.0
4809,1,-2.6876895601131925,0.7527497906733082,0.0
4809,2,-2.8158029602078907,0.27400486733459184,0.0
4809,3,-3.2735906815364757,0.7567982844643759,0.0
4810,0,0.0,0.0,0.0
4810,1,-3.1240065296800092,-1.0692648861716412,0.0
4810,2,-1.711708438253701,-1.6186234206089605,0.0
4811,0,0.0,0.0,0.0
4811,1,0.19008871139289052,0.880742743949572,0.0
4811,2,0.16538606349180662,0.14151226366223382,0.0
4811,3,-1.5788620409862562,0.39505132733939285,0.0
4811,4,0.011651386361095084,0.7255220330310806,0.0
4812,0,0.0,0.0,0.0
4812,1,1.3691983779762367,1.345883492554747,0.0
4812,2,2.7582097640730994,2.3581212313711535,0.0
4812,3,1.8351080342541302,1.880132907368494,0.0
4812,4,-0.8592833501687914,2.8418761881880528,0.0
4812,5,-2.0304498662410433,3.446407422023677,0.0
4813,0,0.0,0.0,0.0
4813,1,0.3850424255662275,-0.031179070547846077,0.0
4813,2,1.4387382591045,-1.929972289450345,0.0
4814,0,0.0,0.0,0.0
4814,1,1.221077280428383,0.06434016223460937,0.0
4814,2,1.5142450787155384,-0.6161114384124575,0.0
4815,0,0.0,0.0,0.0
4815,1,-1.1152059406596015,-1.8000199525040512,0.0
4815,2,-2.669323539954121,-0.6600901330812894,0.0
4816,0,0.0,0.0,0.0
4816,1,0.46348363342602517,0.2864278810351393,0.0
4816,2,-0.6542703276787936,0.04871953002940188,0.0
4816,3,-0.41368710734742636,-0.5434946156736138,0.0
4816,4,-1.0783807901579163,-2.647823359813503,0.0
4817,0,0.0,0.0,0.0
4817,1,-0.3458047928535995,-1.6212315427222028,0.0
4817,2,-1.1183104206562469,-0.44795685188150225,0.0
4817,3,-1.7617392116692876,-0.7942213506756639,0.0
4817,4,-2.3179485716841706,-0.7522135502258922,0.0
4817,5,-4.9674123429811425,-3.5590960200795396,0.0
4817,6,-6.13182770729914,-3.3224517585048865,0.0
4818,0,0.0,0.0,0.0
4818,1,-0.2328792953616724,1.943258814097226,0.0
4818,2,0.19095807774951917,-0.5518432737188184,0.0
4819,0,0.0,0.0,0.0
4819,1,-2.771207451508931,0.6007621347033296,0.0
4819,2,-1.8691847129891632,-0.11438755768091613,0.0
4820,0,0.0,0.0,0.0
4820,1,0.7748834815766906,-0.6170872449105328,0.0
4820,2,0.02969625874558557,-1.1858712818091646,0.0
4821,0,0.0,0.0,0.0
4821,1,-0.47291619437148247,0.031831579237497465,0.0
4821,2,-1.5746412482547418,-0.9976768323409808,0.0
4821,3,-4.279333546032223,-0.03686540155244078,0.0
4821,4,-4.354703289487167,-0.4423664598319359,0.0
4822,0,0.0,0.0,0.0
4822,1,1.6684635672764012,1.1905072104378573,0.0
4822,2,0.48022696459449565,-0.1648034707450976,0.0
4822,3,0.793200676601187,-0.29595295953476075,0.0
4822,4,2.3948286572862774,-1.7526169957984847,0.0
4822,5,3.1973253061936275,0.26692124698512076,0.0
4822,6,2.9263507036068757,-0.4441401467839352,0.0
4823,0,0.0,0.0,0.0
4823,1,-3.5318956345991075,-0.4707257398686444,0.0
4823,2,-4.9764531456539505,1.7192675810269185,0.0
4824,0,0.0,0.0,0.0
4824,1,1.1026411521327044,2.3372293245607927,0.0
4824,2,0.6715469948608783,3.6520230204117574,0.0
4824,3,0.7543012188762417,2.73595874320748,0.0
4824,4,-2.222134122663693,0.7364641366717797,0.0
4824,5,0.18679746123526542,-0.25249907340234845,0.0
4824,6,-0.1985146319628579,0.9821663991357166,0.0
4824,7,-0.7339863577339587,1.7250086673976317,0.0
4824,8,-1.2844247880665938,-0.7383054270685632,0.0
4824,9,-2.6225558899948522,-0.21794143298117574,0.0
4824,10,0.6713570678421115,0.10673558742701661,0.0
4824,11,0.6863576705491172,0.30538247599814905,0.0
4824,12,-3.1558351843208357,-0.11524368320879863,0.0
4824,13,-1.2379259758772916,-0.06580554823569118,0.0
4824,14,-2.0084864347743157,0.6498040633003238,0.0
4824,15,0.217049226604201,-0.07435329439619265,0.0
4824,16,0.47335411762048296,-0.5811006167394102,0.0
4824,17,-0.23014277580585496,-2.0465071471685348,0.0
4824,18,0.4740604893082405,-3.4464972119685666,0.0
4824,19,1.2213026011809571,0.1970255672160781,0.0
4824,20,1.5523535341599304,2.588983057956956,0.0
4825,0,0.0,0.0,0.0
4825,1,-1.7352452170328927,-0.22327196889553003,0.0
4825,2,-1.258256148538359,1.093967078515979,0.0
4826,0,0.0,0.0,0.0
4826,1,1.5275627702003984,-1.4203301906415473,0.0
4826,2,0.8559987275462593,-2.8080436150844257,0.0
4826,3,-1.585480471074477,-4.740391512520785,0.0
4826,4,-0.2550830115461495,-1.8164542836646436,0.0
4827,0,0.0,0.0,0.0
4827,1,0.6843594629567273,1.157705406258859,0.0
4827,2,0.6394515034519574,2.5256265544899774,0.0
4828,0,0.0,0.0,0.0
4828,1,0.9918218290612346,0.5819377655667006,0.0
4828,2,0.3796346852967539,1.4792460928179645,0.0
4829,0,0.0,0.0,0.0
4829,1,0.5937048001252119,0.8352282594444861,0.0
4829,2,-0.7095682401914465,-2.174304988387058,0.0
4829,3,-0.6987715249294724,-3.3840403723224486,0.0
4829,4,0.7720022625811773,-3.3696745034401734,0.0
4829,5,-1.5205713226447577,-3.055967607762486,0.0
4829,6,-1.4371688055032215,-2.3245270164388,0.0
4829,7,-0.7400333644408665,-2.0836999276103354,0.0
4829,8,0.3395702665693059,-0.6424256957070872,0.0
4829,9,-0.09235776233754778,-2.426906342521939,0.0
4830,0,0.0,0.0,0.0
4830,1,-0.7431780092433793,4.011167994380453,0.0
4830,2,-1.4776962265857965,1.097193488620674,0.0
4830,3,-1.698222659998267,2.375663891414531,0.0
4830,4,-1.428265702258081,1.098655206074307,0.0
4831,0,0.0,0.0,0.0
4831,1,-3.2036707752991913,-0.24375122623255563,0.0
4831,2,-3.7444643345455284,2.047818272886434,0.0
4831,3,-5.322102530404824,2.6980566018381618,0.0
4831,4,-5.986693135118162,3.5216619922053782,0.0
4831,5,-6.609402046313919,4.443893705632537,0.0
4831,6,-5.721047140599425,3.5776991837369874,0.0
4832,0,0.0,0.0,0.0
4832,1,-0.4964892888725834,-0.49438100386651684,0.0
4832,2,1.1609282698032226,-1.9424423904358301,0.0
4832,3,1.3394284128171723,0.6167376759124483,0.0
4832,4,0.913394732146742,0.7019007981195933,0.0
4833,0,0.0,0.0,0.0
4833,1,1.4634439282422178,1.178341731997889,0.0
4833,2,-0.889310409297732,2.283914168419781,0.0
4833,3,-0.9966962723515821,2.184765636449825,0.0
4834,0,0.0,0.0,0.0
4834,1,1.8704378908514705,-0.9307662238726329,0.0
4834,2,2.6482400674623996,1.7338069118105748,0.0
4835,0,0.0,0.0,0.0
4835,1,-0.37109959482379384,0.6225724815504128,0.0
4835,2,-0.9084298259996446,-1.5503291026011796,0.0
4835,3,-1.2935291953952204,-1.710691960300368,0.0
4835,4,-0.23847925984119067,-1.9392873105003483,0.0
4835,5,2.4463396069293846,0.9417401304552855,0.0
4836,0,0.0,0.0,0.0
4836,1,-0.40120004563726674,1.058350853836629,0.0
4836,2,-0.6965261773123963,1.9015056162156156,0.0
4837,0,0.0,0.0,0.0
4837,1,0.46156762090504744,-1.7185161823053476,0.0
4837,2,-0.8936721152114155,-0.034109712261357394,0.0
4838,0,0.0,0.0,0.0
4838,1,0.8185308746468298,-0.05551481908461886,0.0
4838,2,-1.2234838563254982,0.47482332107377134,0.0
4839,0,0.0,0.0,0.0
4839,1,0.983024198488186,-0.4815256912425183,0.0
4839,2,1.8929051489612656,-1.7784169606937892,0.0
4840,0,0.0,0.0,0.0
4840,1,0.19802223005182085,-0.2153505172859893,0.0
4840,2,1.1948541548342309,-0.4932697851540493,0.0
4841,0,0.0,0.0,0.0
4841,1,0.0042072404689749154,-2.32247867622305,0.0
4841,2,0.9696459714977484,-0.5512985015983962,0.0
4842,0,0.0,0.0,0.0
4842,1,1.8028310016368252,-2.618290375121968,0.0
4842,2,0.25649785467439856,-0.17372434469227604,0.0
4843,0,0.0,0.0,0.0
4843,1,-1.5233563455153014,1.6708538630025056,0.0
4843,2,-0.46006594792216093,-1.2614698090167824,0.0
4843,3,3.0440611288331336,-0.24551763454259473,0.0
4844,0,0.0,0.0,0.0
4844,1,-1.7534232170582076,0.23440408223842013,0.0
4844,2,-1.071777496439381,0.5930643668484803,0.0
4844,3,-2.1781396738112146,0.2829794725933683,0.0
4844,4,-0.24938110390704094,4.061742955710405,0.0
4844,5,-0.13589259549116184,2.806714989331611,0.0
4844,6,-0.8267186989808017,0.6261925391223897,0.0
4844,7,-3.1464910811118716,3.987849826638035,0.0
4844,8,-0.5051657871464658,3.2540995753281923,0.0
4844,9,-0.2826767114610013,3.5445007103155266,0.0
4845,0,0.0,0.0,0.0
4845,1,1.8121467661651063,-1.6467029002261349,0.0
4845,2,1.1461374814439989,-4.1563007909346785,0.0
4845,3,-2.010017887492193,-1.63351335238411,0.0
4846,0,0.0,0.0,0.0
4846,1,-1.8014309735050316,-1.257080119455413,0.0
4846,2,-0.45475991241376057,-1.4342423626445808,0.0
4846,3,-3.592356429187923,1.254136102063888,0.0
4846,4,-2.86552702813124,1.629577947383483,0.0
4846,5,-1.5410948259690591,0.16895047871442048,0.0
4846,6,1.143329503021703,3.0895144935633314,0.0
4846,7,1.0070300860877297,3.0383340746315173,0.0
4846,8,1.5241176908308667,2.2843440153922248,0.0
4846,9,1.7161525620969789,4.555793831748009,0.0
4847,0,0.0,0.0,0.0
4847,1,0.6053873340919622,2.63311346030528,0.0
4847,2,-1.1964840503013652,2.323485775261167,0.0
4847,3,-0.23020649228186463,3.6717436192019033,0.0
4847,4,-1.3710341384716234,2.5290931803306025,0.0
4847,5,1.9012307125481676,1.3583947810543933,0.0
4847,6,1.053585576474285,1.9699432231830591,0.0
4848,0,0.0,0.0,0.0
4848,1,0.4716489993973434,-0.7695079808987315,0.0
4848,2,0.6686709734886083,-2.6328957056348807,0.0
4849,0,0.0,0.0,0.0
4849,1,0.4961405864572883,0.3440295645160881,0.0
4849,2,-0.03287424932536687,-1.5288157140033451,0.0
4849,3,0.040194037995734955,0.8750369946787352,0.0
4850,0,0.0,0.0,0.0
4850,1,-0.8077144839326806,1.945187040238208,0.0
4850,2,0.34311436609746876,0.4856749488549068,0.0
4851,0,0.0,0.0,0.0
4851,1,0.17663733155339365,2.1978222801525633,0.0
4851,2,0.2697183820132447,2.4937861027781256,0.0
4851,3,0.33351221253623575,5.5376917069972285,0.0
4851,4,-1.3441308012665487,4.9469423226614015,0.0
4851,5,-0.9173828396880732,3.711935445703391,0.0
4852,0,0.0,0.0,0.0
4852,1,-0.8190211109086012,0.8326974510199961,0.0
4852,2,-0.8343742527298681,2.474677298263757,0.0
4852,3,1.430516458743864,1.7581466617360162,0.0
4852,4,0.859925950772203,1.7619262338465371,0.0
4852,5,-0.5873444136385577,0.8818442947624389,0.0
4852,6,1.3172059459916527,0.9992171241830592,0.0
4852,7,0.997426126623121,1.8937689157882565,0.0
4852,8,1.169310008179157,2.308117187299397,0.0
4852,9,1.6114305972928042,3.5734979061437495,0.0
4852,10,2.6829673267404512,1.7761857626771915,0.0
4853,0,0.0,0.0,0.0
4853,1,-0.33093194737075904,0.9785890952222618,0.0
4853,2,-0.078549109458938,1.3193329247897196,0.0
4853,3,2.6969706377367046,3.6791810588637577,0.0
4853,4,2.054971650630427,2.3740719554906753,0.0
4853,5,2.0665903909219985,2.0995141855420107,0.0
4853,6,1.2320792379294834,1.738279171113991,0.0
4853,7,0.9528078176213719,1.9935770238590724,0.0
4854,0,0.0,0.0,0.0
4854,1,-1.030034488385639,-0.8499262140971395,0.0
4854,2,0.19649058296642963,0.22161714705826174,0.0
4855,0,0.0,0.0,0.0
4855,1,0.3528899145303073,1.7295890024486464,0.0
4855,2,0.16498911790603693,-1.6662876861174687,0.0
4855,3,1.2446970230841936,-1.2332347034383986,0.0
4855,4,-0.22017101771558517,1.300867056976612,0.0
4855,5,0.7990989527159209,2.021884158151348,0.0
4855,6,1.045323866105391,-0.5691049569401734,0.0
4855,7,3.299805648095763,2.2518611950612977,0.0
4855,8,2.769736936721233,1.0782215336468217,0.0
4855,9,-0.06691329671560947,-0.11273689302448786,0.0
4855,10,1.575628514010229,1.5213095255642646,0.0
4855,11,0.3568349872925975,2.2356371935742345,0.0
4856,0,0.0,0.0,0.0
4856,1,-1.291364069985008,0.6580058908239023,0.0
4856,2,-1.1817264070533882,-1.249216659412487,0.0
4856,3,-1.873217474287944,0.8330276089361376,0.0
4856,4,0.8274299951383357,-0.2906523302751626,0.0
4857,0,0.0,0.0,0.0
4857,1,-1.3547735919321655,1.2021492670954959,0.0
4857,2,-0.3106277023108602,0.9777280899645482,0.0
4858,0,0.0,0.0,0.0
4858,1,0.5976530780288214,0.5031712697252374,0.0
4858,2,-0.08138223999725436,-1.9361019953758747,0.0
4858,3,3.074164566219208,-2.301199317984187,0.0
4858,4,3.2535183129698324,-2.122206313225168,0.0
4859,0,0.0,0.0,0.0
4859,1,-1.3257686527141517,-1.4692807228745044,0.0
4859,2,-1.7386658524712073,-1.5721845432651889,0.0
4860,0,0.0,0.0,0.0
4860,1,0.31887484491684415,0.09770948059406048,0.0
4860,2,1.9619089394542653,0.13287822476567202,0.0
4861,0,0.0,0.0,0.0
4861,1,0.7159124778248535,-0.4234497344127502,0.0
4861,2,-0.1937736562966419,-1.6171236645705234,0.0
4861,3,2.1743888590817715,-0.5344350827142881,0.0
4861,4,-0.7347183708111795,0.862780475807982,0.0
4861,5,-3.223642364527514,1.189545675023797,0.0
4861,6,-4.049391084714659,-0.2892486808388659,0.0
4862,0,0.0,0.0,0.0
4862,1,-1.4947266915315396,1.7850481142951087,0.0
4862,2,-1.405066953162364,-2.120476891133015,0.0
4863,0,0.0,0.0,0.0
4863,1,-0.6549565412015641,0.9009922100058443,0.0
4863,2,0.29861844766866197,-0.5846852904476452,0.0
4864,0,0.0,0.0,0.0
4864,1,-1.450197414019666,-1.1105060208452004,0.0
4864,2,-0.7366762342975951,-2.537387017965994,0.0
4865,0,0.0,0.0,0.0
4865,1,-0.01839544648475644,-0.31458436443251936,0.0
4865,2,0.9251201258142827,1.4583995615832264,0.0
4866,0,0.0,0.0,0.0
4866,1,0.919014335436239,-1.2388116426315339,0.0
4866,2,1.711134018566878,0.3388425006876479,0.0
4866,3,3.083010260219863,-0.5783303428172597,0.0
4867,0,0.0,0.0,0.0
4867,1,1.9981326052732347,0.7141850453465777,0.0
4867,2,2.67019602798376,-2.5144008252727184,0.0
4868,0,0.0,0.0,0.0
4868,1,0.6987011897670341,1.2168055475942878,0.0
4868,2,0.5962423605579148,1.4737042522069423,0.0
4869,0,0.0,0.0,0.0
4869,1,0.8153455961184477,-0.30641578050455975,0.0
4869,2,1.3742764706326986,0.8652076061539531,0.0
4870,0,0.0,0.0,0.0
4870,1,-1.8207435704589623,1.30046784825934,0.0
4870,2,-3.0246856380425537,1.7112073935404362,0.0
4870,3,-0.037770086205528575,0.4781770869175552,0.0
4870,4,-1.7114782065293355,-0.6576436976180797,0.0
4871,0,0.0,0.0,0.0
4871,1,1.7393898336527756,1.2878889537916096,0.0
4871,2,1.5117560166061537,2.1749910176666347,0.0
4871,3,0.9217499737252449,1.935883142836326,0.0
4871,4,1.1602276336959447,2.3442999419044703,0.0
4871,5,0.04794413681512662,0.7660162887129711,0.0
4872,0,0.0,0.0,0.0
4872,1,-0.24501005259756825,-0.32716744513179596,0.0
4872,2,2.449805354371457,-0.8353573685773732,0.0
4873,0,0.0,0.0,0.0
4873,1,-0.30010079860566063,2.6247271896173823,0.0
4873,2,-0.7623087962843964,-0.636306065620277,0.0
4873,3,-1.703264856691714,0.8654214874354429,0.0
4873,4,-2.977094846419825,0.578661226591864,0.0
4873,5,-0.2017695108755856,0.23102507741814238,0.0
4874,0,0.0,0.0,0.0
4874,1,0.0864434968546145,2.6208231379718065,0.0
4874,2,0.22104024310038495,3.3360930708093948,0.0
4874,3,-2.429280307276761,2.1106244450650182,0.0
4875,0,0.0,0.0,0.0
4875,1,-0.8809340568952841,0.8372353731682489,0.0
4875,2,-1.9148200015837002,-1.522258623213676,0.0
4875,3,0.6195687363802922,-0.3639382325383582,0.0
4875,4,-1.6668892959524524,0.41744320602945817,0.0
4876,0,0.0,0.0,0.0
4876,1,-1.0474321472789023,0.3468465500757497,0.0
4876,2,1.8710247688434885,-1.631998617916584,0.0
4876,3,1.1849262236409142,-0.07916847121158677,0.0
4877,0,0.0,0.0,0.0
4877,1,-0.17495467374550955,-0.25189972890497114,0.0
4877,2,-0.7379846948059642,-1.4185148898400455,0.0
4877,3,-0.8597828885149402,0.10844166006850875,0.0
4877,4,-0.7771212957493422,0.9503200380535786,0.0
4877,5,0.15714602037530545,-0.281483007672491,0.0
4878,0,0.0,0.0,0.0
4878,1,-3.0956871981440535,1.109020611548708,0.0
4878,2,-1.4804045034183702,1.63502802355489,0.0
4878,3,-2.908216957229108,1.9410007636218756,0.0
4878,4,-4.017767873934378,3.2596500785456497,0.0
4878,5,-1.8358534004753473,2.9147954424372564,0.0
4879,0,0.0,0.0,0.0
4879,1,-0.8076228701024986,-1.0549489929751896,0.0
4879,2,-0.8414671581236852,-3.404679543928078,0.0
4879,3,-0.7205487962455706,-2.4296768064358774,0.0
4879,4,0.03560309950392704,-2.1307899527950354,0.0
4880,0,0.0,0.0,0.0
4880,1,0.42808504479227516,1.8998724102145055,0.0
4880,2,-1.1351819125873361,0.9026986072171682,0.0
4881,0,0.0,0.0,0.0
4881,1,0.6448141351567999,-1.7479350966161087,0.0
4881,2,0.05553513395018683,-2.3652285576662297,0.0
4881,3,-0.2697297930123804,-5.461214214772938,0.0
4881,4,-0.07287965948161257,-4.195300937853549,0.0
4881,5,-1.1663570226666478,-4.070467999865976,0.0
4882,0,0.0,0.0,0.0
4882,1,-1.4112996531410913,-0.10610218599106774,0.0
4882,2,-1.9619376894934943,1.3771219735434734,0.0
4882,3,-0.9874796377626816,-0.6174528322297277,0.0
4882,4,0.7835727610547492,0.3629912403554688,0.0
4882,5,-1.3709069815011088,-0.18563628216248884,0.0
4883,0,0.0,0.0,0.0
4883,1,1.5295055070990076,-0.9672913088399746,0.0
4883,2,0.20472640838963385,-0.1859589440717614,0.0
4883,3,0.141341166800532,0.3310341814363066,0.0
4884,0,0.0,0.0,0.0
4884,1,0.9073827621078209,0.2813416251107128,0.0
4884,2,0.8709076708269154,2.2781549590495707,0.0
4884,3,0.5493895573909737,1.1913679121200282,0.0
4885,0,0.0,0.0,0.0
4885,1,-2.441321252329043,0.21380098604337494,0.0
4885,2,-2.3666857859741643,-1.3935732193285184,0.0
4886,0,0.0,0.0,0.0
4886,1,2.1127450772066503,-2.531906914741061,0.0
4886,2,1.83620030507551,-1.0055259613249228,0.0
4886,3,2.3473657313383596,0.006531366321554488,0.0
4886,4,2.143222149838425,-0.366975677363923,0.0
4886,5,5.26832036795309,1.5695281840654405,0.0
4886,6,5.277491418031784,0.6028126286626769,0.0
4886,7,4.025728656352697,2.407568120634876,0.0
4886,8,1.5637173025589073,0.2016324109984715,0.0
4886,9,1.6142573857955063,1.4948333736042168,0.0
4887,0,0.0,0.0,0.0
4887,1,0.16197174592962968,1.6584646923426383,0.0
4887,2,-1.4349455571355878,3.7331809998925074,0.0
4887,3,1.919175075673734,3.324020378242432,0.0
4887,4,0.28057942816087944,1.0133982412864293,0.0
4887,5,1.8189424504488345,2.533604579040401,0.0
4887,6,-1.346758606761977,3.1198105875757083,0.0
4888,0,0.0,0.0,0.0
4888,1,-0.665869757991371,1.5071042776601096,0.0
4888,2,-1.0529229554555934,0.3976126117108877,0.0
4888,3,-2.1635721579467173,-0.8453523005604112,0.0
4889,0,0.0,0.0,0.0
4889,1,-0.21464737931551303,-1.4299589062985738,0.0
4889,2,-0.5865176630337887,-3.8322478236863713,0.0
4890,0,0.0,0.0,0.0
4890,1,2.2593595552072387,-0.28185673646959464,0.0
4890,2,0.6273041692505168,2.302461183722368,0.0
4890,3,2.8077255682763895,0.1250834576838512,0.0
4890,4,2.2598822472113276,1.1097101474398994,0.0
4890,5,2.189492625905976,1.2201756578277156,0.0
4891,0,0.0,0.0,0.0
4891,1,3.0510105292614362,-0.7625567032428077,0.0
4891,2,2.070967814975586,-1.1375075973883852,0.0
4892,0,0.0,0.0,0.0
4892,1,1.2237971744675518,-0.889384704445762,0.0
4892,2,3.223074678538493,1.0111194294631543,0.0
4892,3,4.055135323823212,2.4862810393606813,0.0
4893,0,0.0,0.0,0.0
4893,1,0.8349336950983393,-1.6754882572383623,0.0
4893,2,1.344245076280306,-1.74695369862514,0.0
4893,3,1.3263369994964112,-3.3604006983568158,0.0
4893,4,1.828819770659392,-2.646678094012532,0.0
4893,5,2.373285423080315,0.04656165561018799,0.0
4894,0,0.0,0.0,0.0
4894,1,3.1423931868285266,1.7650849139956193,0.0
4894,2,1.944226263255209,0.7672894104978772,0.0
4895,0,0.0,0.0,0.0
4895,1,0.32127704918185485,-0.9932317108078821,0.0
4895,2,-1.3520368195356656,-0.03411175687808354,0.0
4895,3,-0.9388789186346995,-1.094874293860756,0.0
4895,4,-0.49430282182476803,-3.8365769049982004,0.0
4895,5,-1.3264220461744125,-4.272292298551278,0.0
4896,0,0.0,0.0,0.0
4896,1,0.06826326250738624,0.47696980275517586,0.0
4896,2,0.07260840420716197,-1.672069352973927,0.0
4897,0,0.0,0.0,0.0
4897,1,-1.0959645951757995,-1.339708648194189,0.0
4897,2,-0.7407246994053405,-0.36086192388952576,0.0
4897,3,-0.869382566767902,-2.1302242381915115,0.0
4898,0,0.0,0.0,0.0
4898,1,1.0095296172823534,-1.9779471985104549,0.0
4898,2,1.62346751716844,-2.7047595117853644,0.0
4898,3,0.18027523036227744,-2.3104762079071177,0.0
4898,4,1.4949659141269167,-0.7557725727447218,0.0
4898,5,2.0271554249659296,-1.7208759812126169,0.0
4898,6,2.9105325094285917,1.0259699151634938,0.0
4898,7,0.18141519758740388,-0.8821854401598062,0.0
4898,8,3.096880522251726,-1.5713364147528013,0.0
4899,0,0.0,0.0,0.0
4899,1,1.0033239529596902,0.5967023997656603,0.0
4899,2,0.02523884150903033,0.28120687286843915,0.0
4899,3,-1.0497014377283367,0.18222237948317943,0.0
4900,0,0.0,0.0,0.0
4900,1,1.2754271628374843,0.004636681533686904,0.0
4900,2,1.6327443568813893,-0.19974142592690347,0.0
4901,0,0.0,0.0,0.0
4901,1,-1.291140911703768,-0.09242675777473153,0.0
4901,2,0.021778469173843962,-0.15481691878361215,0.0
4902,0,0.0,0.0,0.0
4902,1,-1.1084979856609996,-1.2709379480638288,0.0
4902,2,0.9260800928399439,0.7983686964930531,0.0
4902,3,2.0788356060514515,1.7470444004899353,0.0
4902,4,0.8454254048274704,0.9897687427381313,0.0
4903,0,0.0,0.0,0.0
4903,1,1.271490784760711,-1.2940350754137353,0.0
4903,2,-0.21643704485636106,-1.0300615104987525,0.0
4903,3,1.0313978576332097,1.713337222794582,0.0
4904,0,0.0,0.0,0.0
4904,1,1.2599408450615086,2.1093098909430665,0.0
4904,2,-1.7288706574654502,0.1901374617726894,0.0
4905,0,0.0,0.0,0.0
4905,1,-1.3267600317932684,-1.800173216290072,0.0
4905,2,-2.871148687278885,-2.880398876712899,0.0
4905,3,-3.1449081418163876,-4.685156748947173,0.0
4906,0,0.0,0.0,0.0
4906,1,-1.1971590052736156,0.04139332070452906,0.0
4906,2,-0.5569331430746027,1.1480612140161144,0.0
4906,3,0.1224034261490552,2.2860793159822297,0.0
4906,4,-0.09851809183436067,0.1418866310661301,0.0
4907,0,0.0,0.0,0.0
4907,1,0.4570187168513833,0.005380368207979158,0.0
4907,2,0.1670244063328883,0.06869316062971498,0.0
4908,0,0.0,0.0,0.0
4908,1,-1.473871378533707,-0.5443307887486619,0.0
4908,2,-2.130402902651812,-0.3360970774493046,0.0
4908,3,-0.2446065383167506,0.2437337855017181,0.0
4908,4,-5.009685501059899,1.124380139135623,0.0
4908,5,-2.8017473431140685,0.0014416650633375383,0.0
4909,0,0.0,0.0,0.0
4909,1,1.2982505810099725,-0.7884425551736949,0.0
4909,2,-0.7838008113683923,-1.9574072160238118,0.0
4910,0,0.0,0.0,0.0
4910,1,2.1092410515230613,-0.19452823203829883,0.0
4910,2,1.0496733620767769,-0.8743096537053794,0.0
4910,3,-0.5984432355354373,0.31464136995137926,0.0
4911,0,0.0,0.0,0.0
4911,1,-0.6553541727030312,0.992152873909693,0.0
4911,2,1.857089802951193,0.6950956244632702,0.0
4912,0,0.0,0.0,0.0
4912,1,-0.21869646307351798,2.3049055484574694,0.0
4912,2,1.3285946674197655,1.3159143611356583,0.0
4912,3,2.462980287050767,-0.11534127795607674,0.0
4913,0,0.0,0.0,0.0
4913,1,-2.2375999084342,-0.64056051655362,0.0
4913,2,-0.9094565916811308,0.8520250381045319,0.0
4914,0,0.0,0.0,0.0
4914,1,-2.9904530953793205,-0.8547919132944413,0.0
4914,2,-0.8428476725595538,-0.9371859617361393,0.0
4915,0,0.0,0.0,0.0
4915,1,0.18802849232227548,1.0714909969407826,0.0
4915,2,0.6263070492893624,-2.512092677421483,0.0
4916,0,0.0,0.0,0.0
4916,1,0.7248064543003973,-1.3207989282302435,0.0
4916,2,0.7613774784121351,1.1421805436693908,0.0
4916,3,-2.3912145822482738,0.3585050897051829,0.0
4916,4,-2.827872066192978,-1.824614672740397,0.0
4917,0,0.0,0.0,0.0
4917,1,1.4392092140245254,-0.692880514269368,0.0
4917,2,1.2201749466680736,-0.7314988185981974,0.0
4917,3,0.2541770818980549,1.3991393654575193,0.0
4918,0,0.0,0.0,0.0
4918,1,-1.857301288869803,0.45561080489275096,0.0
4918,2,-0.2218031265889462,0.729050287654559,0.0
4918,3,-1.139631091258306,-1.5415950399876295,0.0
4919,0,0.0,0.0,0.0
4919,1,1.0358683603354932,0.5537771820895749,0.0
4919,2,-0.3443293029812111,1.721093781250759,0.0
4919,3,-0.9792837995455621,-0.3974705190909176,0.0
4920,0,0.0,0.0,0.0
4920,1,-0.3150314028447231,-0.5901160466629942,0.0
4920,2,-1.0631848952251794,2.298873802982179,0.0
4920,3,-0.04701885804870454,3.1963706081763377,0.0
4921,0,0.0,0.0,0.0
4921,1,2.1156281696053774,4.500584731389051,0.0
4921,2,2.122088139709369,5.497616278462999,0.0
4921,3,3.122834093729773,1.737060584492633,0.0
4922,0,0.0,0.0,0.0
4922,1,-0.810276288026606,0.532592461320941,0.0
4922,2,-0.5979698241257451,-2.406520128578512,0.0
4922,3,-2.044143338820538,-0.8567454200313558,0.0
4922,4,-0.7459520702626138,-1.6019448575904245,0.0
4923,0,0.0,0.0,0.0
4923,1,-0.13554555031593496,0.6779146569343231,0.0
4923,2,1.7852922438270582,1.7596135249205458,0.0
4924,0,0.0,0.0,0.0
4924,1,-0.6754514489825034,-0.6049103052870377,0.0
4924,2,-1.0103181290703582,1.1899300306097365,0.0
4924,3,-2.95060047668176,2.1310769081956753,0.0
4925,0,0.0,0.0,0.0
4925,1,-0.5165910409630026,0.05856361817330402,0.0
4925,2,-1.5632408572680665,2.3455418285827943,0.0
4925,3,-1.838803681615971,0.0516114507950296,0.0
4925,4,-1.7339193855441122,0.9746023190876762,0.0
4926,0,0.0,0.0,0.0
4926,1,0.3593511631467187,-1.023611771273595,0.0
4926,2,1.3800070490319107,0.933281487214753,0.0
4927,0,0.0,0.0,0.0
4927,1,0.8675104068945305,0.10276067583637172,0.0
4927,2,0.8380426271739169,-0.8228276402168017,0.0
4928,0,0.0,0.0,0.0
4928,1,0.285754008654315,3.5769743138170687,0.0
4928,2,0.4039641802680578,0.7735382009728502,0.0
4928,3,-1.4930026687941238,0.07264735365578312,0.0
4928,4,-2.5672259674414155,0.022170925808879582,0.0
4929,0,0.0,0.0,0.0
4929,1,1.4789604344821452,0.6477716303080451,0.0
4929,2,1.7347388465968252,-0.8367771589188299,0.0
4930,0,0.0,0.0,0.0
4930,1,1.4404201805390175,-1.0745816559165406,0.0
4930,2,1.3684985055398218,-0.316071494353524,0.0
4931,0,0.0,0.0,0.0
4931,1,-1.2002517123002827,2.3190519532521945,0.0
4931,2,-0.5823654832261932,3.701851771108262,0.0
4931,3,-3.244021984969334,2.309168163266139,0.0
4931,4,-4.058961779322875,3.8039935770095266,0.0
4932,0,0.0,0.0,0.0
4932,1,-0.8701150273777842,0.28282399159386495,0.0
4932,2,0.16497513787266208,-0.85970220261618,0.0
4932,3,1.422358171836114,-1.695284933150689,0.0
4933,0,0.0,0.0,0.0
4933,1,2.2980577949518484,0.33680303338993156,0.0
4933,2,0.1954080508402256,-1.3905377198020445,0.0
4933,3,0.2233394748117412,0.014117579115917128,0.0
4933,4,0.42399407350637697,0.0765283969106641,0.0
4933,5,0.8936852422050869,-0.052857847114038764,0.0
4934,0,0.0,0.0,0.0
4934,1,-0.41543245901404235,0.7118994459951294,0.0
4934,2,-0.05426165915117798,-1.347964129261907,0.0
4934,3,-0.3541565124802075,-0.6018667661868504,0.0
4934,4,-2.8514156489173503,1.0115927798267523,0.0
4934,5,-1.9890445399193284,1.1522860362261107,0.0
4934,6,-2.669600894015658,2.634117718618386,0.0
4935,0,0.0,0.0,0.0
4935,1,0.47031328569942676,-0.5704140314861386,0.0
4935,2,-1.0627704975754706,0.8730492195299673,0.0
4935,3,-1.6345332584885792,0.464170192880199,0.0
4935,4,-0.687632622488223,-1.088339009149545,0.0
4936,0,0.0,0.0,0.0
4936,1,0.9891501321547609,0.08520227586171769,0.0
4936,2,-0.7231676300286429,-1.464803453301272,0.0
4936,3,1.0992396833401625,-0.6980943379908142,0.0
4936,4,-0.28556846167551586,0.8674933739499904,0.0
4936,5,0.006723448226945816,0.1736808589839005,0.0
4936,6,-0.6843566631709036,1.1574848044066053,0.0
4937,0,0.0,0.0,0.0
4937,1,-0.24695033844773717,-0.7599858574234464,0.0
4937,2,-0.5808565744390637,-2.1049013666713017,0.0
4938,0,0.0,0.0,0.0
4938,1,-0.9117490785329627,-1.0876547102011909,0.0
4938,2,0.26511382805039285,-4.292433795152902,0.0
4939,0,0.0,0.0,0.0
4939,1,-3.1100014658284882,-2.7567469874000357,0.0
4939,2,-4.1894505020329795,-2.4358141023963205,0.0
4940,0,0.0,0.0,0.0
4940,1,-0.8680493982198849,-0.4917386919475524,0.0
4940,2,-0.9910722829142744,1.3005580349287902,0.0
4940,3,-2.7292655954829765,2.1238861706766037,0.0
4940,4,-1.9047992858498914,0.6601529285142614,0.0
4940,5,0.9324653121569546,2.4005530173637335,0.0
4940,6,1.94448493341126,0.1616134879575651,0.0
4940,7,1.9267562458227006,1.8008443549543118,0.0
4940,8,0.8930287953847027,1.4440400587189908,0.0
4940,9,1.9453699196740861,4.2470966107033705,0.0
4941,0,0.0,0.0,0.0
4941,1,-1.3802226530083317,-0.8529627853510275,0.0
4941,2,-0.22528627104287377,1.2081861568519854,0.0
4942,0,0.0,0.0,0.0
4942,1,-0.07590283314895618,1.2933440205418396,0.0
4942,2,-0.9283915260960947,-0.188345604158472,0.0
4943,0,0.0,0.0,0.0
4943,1,0.23517315998070254,-0.5905107224205136,0.0
4943,2,-1.0547383360302813,0.1283005413891008,0.0
4943,3,-1.4804781943796677,0.7507230316355007,0.0
4943,4,1.472981356797304,1.2617399961733207,0.0
4944,0,0.0,0.0,0.0
4944,1,-3.2285592404169305,0.7132122840610309,0.0
4944,2,-3.5859348944690517,0.26573976785012143,0.0
4944,3,-5.158478067274811,0.8192456556808014,0.0
4945,0,0.0,0.0,0.0
4945,1,-0.21173085565283734,2.755105106605429,0.0
4945,2,-2.1165778135967512,1.0949409039544271,0.0
4946,0,0.0,0.0,0.0
4946,1,2.4238407964177875,0.5499254061181947,0.0
4946,2,-0.012717140955553319,1.2960274180363958,0.0
4946,3,-0.311490418479925,0.6597890090129693,0.0
4947,0,0.0,0.0,0.0
4947,1,1.159679885693087,1.0283511982749949,0.0
4947,2,1.8293348234374784,-1.0145930558868326,0.0
4947,3,2.051141140946123,-0.4435547287080692,0.0
4947,4,-0.3568786473092479,0.4036455056353163,0.0
4948,0,0.0,0.0,0.0
4948,1,-1.4459119927338246,-0.5415570406431929,0.0
4948,2,-2.784466749875258,1.2890982782131841,0.0
4949,0,0.0,0.0,0.0
4949,1,-1.8081988956750463,-2.1404096293229005,0.0
4949,2,-0.7722986284476039,-2.363333857682643,0.0
4949,3,-1.2357683271855815,-2.9261024238509905,0.0
4950,0,0.0,0.0,0.0
4950,1,-0.0024467370628422636,2.034330056098607,0.0
4950,2,-0.519911706943299,3.542595138749743,0.0
4950,3,-3.192256706791098,1.360804761091278,0.0
4950,4,-4.186360676585556,2.4001163500504186,0.0
4951,0,0.0,0.0,0.0
4951,1,-1.787523496575531,-0.14747301486047149,0.0
4951,2,-3.0905764934874704,1.5657311564767666,0.0
4952,0,0.0,0.0,0.0
4952,1,0.36754289694692055,-0.32554983503542845,0.0
4952,2,2.3505627636144095,-1.645170435911087,0.0
4953,0,0.0,0.0,0.0
4953,1,0.9935481427877122,1.7380266281738894,0.0
4953,2,1.191113730891972,3.78662188062617,0.0
4953,3,2.251375442363993,0.26042855207139015,0.0
4953,4,3.5473264373279303,-1.666277749279618,0.0
4953,5,2.1142739041196816,-1.6195643912511888,0.0
4953,6,1.367343511426917,-0.9790225180359536,0.0
4953,7,-1.0219480611656095,-1.9934169136180264,0.0
4953,8,-1.8416912168364652,-1.1583866085739145,0.0
4953,9,2.1957134395693885,1.3701084687760225,0.0
4953,10,2.5927972607649794,-1.8691080907760016,0.0
4953,11,2.847950430455135,-0.4151038800066543,0.0
4954,0,0.0,0.0,0.0
4954,1,0.3452958950821856,-0.3491091634829293,0.0
4954,2,-0.7690979846752666,-0.07015564137856556,0.0
4955,0,0.0,0.0,0.0
4955,1,0.9654781446911904,0.33959880091614814,0.0
4955,2,-0.5684162972108424,1.0608055822818723,0.0
4956,0,0.0,0.0,0.0
4956,1,-0.7288542028277124,-0.7487265280147103,0.0
4956,2,-2.2406692693197496,0.20324924639567143,0.0
4956,3,-1.1145620711126112,-2.4696001619566386,0.0
4957,0,0.0,0.0,0.0
4957,1,-0.16234605085962128,1.9150166231740762,0.0
4957,2,-1.2253306254566774,-0.4282720544415455,0.0
4958,0,0.0,0.0,0.0
4958,1,-0.7701130887037151,-2.377070382004508,0.0
4958,2,1.3757948045473563,-1.834955600606747,0.0
4958,3,0.6266498148061969,-2.378947649760262,0.0
4958,4,1.1734248776605827,-1.532303045631076,0.0
4958,5,-1.1407224509494998,1.3005670118310864,0.0
4958,6,-0.7587968164526728,3.200795643219189,0.0
4958,7,-1.1389693072847975,2.3579887377529096,0.0
4958,8,-1.415707439103489,-0.765810338442413,0.0
4958,9,-1.1806645667651652,-0.44104264003275884,0.0
4958,10,-0.10186628274601273,-3.3492684252814686,0.0
4958,11,0.6392450355254408,-4.4736529411207595,0.0
4958,12,-0.8762884559708818,-4.311788857122594,0.0
4958,13,0.5114306741105087,-0.19118777890699035,0.0
4958,14,-1.2890980063059314,-1.2869533969587823,0.0
4958,15,-2.8697149934536834,-0.7306855247784038,0.0
4958,16,-3.414870074646649,-2.609256065516768,0.0
4958,17,-2.5222263730325585,-1.2261292985815948,0.0
4959,0,0.0,0.0,0.0
4959,1,0.7569060684197453,1.9311020590924426,0.0
4959,2,-0.7969056699405468,2.2424295497518325,0.0
4959,3,-1.3558895078397808,1.5655091332325113,0.0
4959,4,-2.56220105384556,1.9489812679927976,0.0
4959,5,-3.706980104499382,1.5142883368030153,0.0
4960,0,0.0,0.0,0.0
4960,1,1.7971130961929416,1.3217037308209214,0.0
4960,2,1.3320109205028459,1.5536791043154439,0.0
4961,0,0.0,0.0,0.0
4961,1,1.2972007386903952,0.5735134179651447,0.0
4961,2,2.6462311252458894,-0.11686278225892988,0.0
4962,0,0.0,0.0,0.0
4962,1,-0.6238225321204529,-3.244346730024678,0.0
4962,2,0.4825895227023955,-3.620277529218593,0.0
4962,3,-0.47508978709479865,-1.7062226934732507,0.0
4962,4,0.44080364243966874,-1.5902253198649223,0.0
4962,5,1.1521602863210125,-2.381482564859173,0.0
4962,6,1.4726256402051698,1.0289870475225524,0.0
4963,0,0.0,0.0,0.0
4963,1,0.8750643124350987,0.29681391512144556,0.0
4963,2,0.39695452329118885,0.31138913491308057,0.0
4964,0,0.0,0.0,0.0
4964,1,0.6893668320052151,1.676046812229566,0.0
4964,2,-0.21132267647104008,2.2236109856822197,0.0
4964,3,-0.12903619028838254,3.6631092441825093,0.0
4965,0,0.0,0.0,0.0
4965,1,0.21752265747697086,0.2854036000627568,0.0
4965,2,1.523222126955936,1.786915107770345,0.0
4965,3,3.5738744678604464,2.1251262446398176,0.0
4965,4,3.1800926225892967,1.8737386924852717,0.0
4965,5,2.2008046375935044,2.554179138114126,0.0
4965,6,3.762097241722881,1.51167810345955,0.0
4966,0,0.0,0.0,0.0
4966,1,-0.7194458014952789,0.14969700680432416,0.0
4966,2,1.3439461439121922,1.2649146998405496,0.0
4966,3,-1.356324059912231,1.3974962784874094,0.0
4967,0,0.0,0.0,0.0
4967,1,-1.1871485674399778,2.1409292688581796,0.0
4967,2,-0.5764325500572198,0.8680729946820271,0.0
4968,0,0.0,0.0,0.0
4968,1,-3.7797357025376934,-0.9411187661041258,0.0
4968,2,-2.6074591489600296,-4.9478590022306435,0.0
4969,0,0.0,0.0,0.0
4969,1,0.23605342363229997,-0.9066673115102399,0.0
4969,2,-0.22142744096961198,-2.839158233881494,0.0
4969,3,-0.31823140849030607,-3.159228336705294,0.0
4970,0,0.0,0.0,0.0
4970,1,-0.20895250465883963,-1.3121927414655434,0.0
4970,2,-2.40842619677278,-0.6281683058853986,0.0
4971,0,0.0,0.0,0.0
4971,1,1.9369717432949864,-0.4649419100171779,0.0
4971,2,2.188772913969412,-2.716318791630692,0.0
4972,0,0.0,0.0,0.0
4972,1,-0.15841250996570488,1.4264306107574103,0.0
4972,2,1.8003916399624376,2.208863493780355,0.0
4972,3,-0.0842195080112661,0.8122522775765443,0.0
4972,4,0.861226956668414,0.9458972678213907,0.0
4973,0,0.0,0.0,0.0
4973,1,0.7313978356188368,1.5203934008302422,0.0
4973,2,0.47356448369120807,0.26762163359328506,0.0
4973,3,2.344193990187155,2.4334276998524094,0.0
4973,4,-1.1017976873024453,1.271813535396264,0.0
4973,5,-0.6618562152769332,0.8119433134330774,0.0
4973,6,-3.3691879864540066,1.590251994280532,0.0
4974,0,0.0,0.0,0.0
4974,1,-0.19506486998514339,-2.1768074539192273,0.0
4974,2,1.2831663558361062,-2.8465202889003804,0.0
4974,3,1.832693349705845,-1.9009704808257375,0.0
4975,0,0.0,0.0,0.0
4975,1,-0.798548992865191,-0.5050184605398393,0.0
4975,2,-1.9109642879449924,-0.753006667864732,0.0
4976,0,0.0,0.0,0.0
4976,1,0.854824469892433,2.3120771345290096,0.0
4976,2,1.829986232580123,2.6949495736828206,0.0
4977,0,0.0,0.0,0.0
4977,1,-0.0410435990255853,-0.728374006830932,0.0
4977,2,0.9305902208645633,-0.1966547980186606,0.0
4977,3,0.25588005607998326,0.8086389540523031,0.0
4978,0,0.0,0.0,0.0
4978,1,-0.7673419281323166,0.5393601834149929,0.0
4978,2,-2.5773780548928977,1.5460098898490486,0.0
4978,3,0.18489270391616208,-1.1225599611230483,0.0
4978,4,-0.2811103685366054,0.36653162096811703,0.0
4978,5,-1.6457944611381063,1.6258503343194357,0.0
4979,0,0.0,0.0,0.0
4979,1,2.022612387659384,0.010754450818148686,0.0
4979,2,2.10777931543823,-2.737076610491998,0.0
4979,3,2.6635539638102723,-0.6929495590221711,0.0
4980,0,0.0,0.0,0.0
4980,1,3.2178262652694567,1.115703809161201,0.0
4980,2,1.0305293225563992,-1.474870145006117,0.0
4981,0,0.0,0.0,0.0
4981,1,1.0769263173652774,-1.8568656735205051,0.0
4981,2,-0.5032579361534328,-1.0076706298510598,0.0
4982,0,0.0,0.0,0.0
4982,1,0.5602635223695845,-2.4002021363465826,0.0
4982,2,0.6707754775057315,0.6017009352485538,0.0
4982,3,-0.5436900730399845,-0.7906631833390283,0.0
4982,4,1.5778571798692265,-3.9598266164273888,0.0
4983,0,0.0,0.0,0.0
4983,1,-0.24642241902381506,-1.4755358425281795,0.0
4983,2,-4.030654710254394,-3.5249933944009837,0.0
4983,3,-3.4760515139692347,-2.929725086973206,0.0
4984,0,0.0,0.0,0.0
4984,1,0.9725999232105472,-0.3659246181432283,0.0
4984,2,2.0072787774241014,-0.9001815437972259,0.0
4984,3,0.7559442463494594,-1.905550869246132,0.0
4984,4,5.52363655842068,-4.343042425778018,0.0
4985,0,0.0,0.0,0.0
4985,1,0.09721889328706501,-1.6114433711652898,0.0
4985,2,0.37107400280441505,1.0188293348144706,0.0
4985,3,-2.243398002490859,0.37137260093068747,0.0
4985,4,-1.2442499340326008,0.17649545930877109,0.0
4985,5,1.202590724427745,1.368682966250379,0.0
4985,6,1.4215344149806155,-0.509831733706607,0.0
4985,7,1.905551496886658,0.5581071021868975,0.0
4985,8,1.5553839183464886,3.8613549034540213,0.0
4986,0,0.0,0.0,0.0
4986,1,-1.557860605882036,1.0828616244446962,0.0
4986,2,-1.223340160281785,1.7154104133823425,0.0
4987,0,0.0,0.0,0.0
4987,1,-0.06764955536992723,-0.2278305014445609,0.0
4987,2,-2.255689011969238,-0.6093282947483494,0.0
4987,3,-4.059448652422043,-0.9319485471221762,0.0
4987,4,-2.867478359406124,-3.1866177530751134,0.0
4988,0,0.0,0.0,0.0
4988,1,-0.28838376950847433,-0.27988698055303995,0.0
4988,2,1.6213648093680035,-3.814787728637319,0.0
4988,3,1.829235500248706,-0.2637260951425868,0.0
4988,4,3.243356227652556,-3.0639164436577233,0.0
4989,0,0.0,0.0,0.0
4989,1,-0.7912420146296858,1.5389878359487617,0.0
4989,2,0.4156226598649758,3.9679705445739764,0.0
4990,0,0.0,0.0,0.0
4990,1,1.0624072170258594,-0.42553408588449493,0.0
4990,2,-0.3171514688717296,0.46456878352065933,0.0
4990,3,-1.1967656111489755,-1.212394201055645,0.0
4991,0,0.0,0.0,0.0
4991,1,0.5786648362661961,-0.5219919185825881,0.0
4991,2,-0.5666431943141668,-2.2621447402330124,0.0
4991,3,0.7555822389309181,-1.6260133398145578,0.0
4991,4,0.6117444967714123,-1.2868400349384124,0.0
4991,5,-1.2931401859731557,-0.37259259712196013,0.0
4992,0,0.0,0.0,0.0
4992,1,-1.0921443369896213,-1.4703006777993,0.0
4992,2,-2.0658606595998474,-1.2955408438846618,0.0
4992,3,-3.2722480882246514,-1.9743727655863066,0.0
4993,0,0.0,0.0,0.0
4993,1,-0.7792383421813127,1.6032365326268603,0.0
4993,2,1.4535429547112606,-0.8498416622501382,0.0
4993,3,1.3399761347481065,-3.208272546913585,0.0
4993,4,-0.4166326309377173,-0.7780569577028084,0.0
4994,0,0.0,0.0,0.0
4994,1,-0.5618541561370639,1.8000117070110477,0.0
4994,2,0.49666464977130664,2.5076191317656793,0.0
4994,3,-0.7333768912601856,4.640750257127413,0.0
4994,4,-3.0430637773205653,2.4851286970738165,0.0
4995,0,0.0,0.0,0.0
4995,1,1.2842561862724335,-1.430784247579943,0.0
4995,2,1.9446728437260674,-0.8623998752204906,0.0
4996,0,0.0,0.0,0.0
4996,1,-1.845487851453902,-0.11720688615680275,0.0
4996,2,-3.0512471389379305,-1.6505601519021487,0.0
4996,3,-3.890872159726544,-1.1490282024730396,0.0
4996,4,-1.7762106729246014,0.25123824612738965,0.0
4997,0,0.0,0.0,0.0
4997,1,-0.1747751876936754,-1.366448042010467,0.0
4997,2,-0.755527465344837,0.5860927774311427,0.0
4998,0,0.0,0.0,0.0
4998,1,-2.4568156339392266,-0.4012842727501259,0.0
4998,2,-1.6149613072022995,-0.5208875289338152,0.0
4998,3,-0.15299266662955868,-0.9622770588375779,0.0
4999,0,0.0,0.0,0.0
4999,1,-1.6162362792145826,-0.7244978085974513,0.0
4999,2,-3.6850563905185476,-0.949465058800575,0.0
